1
85 175 4.71225
1 1 1
0.976471 0.976471 0.976471 1
1
85.1206 173.05 4.65035
1 1 1
0.976471 0.976471 0.976471 1
1
85.1203 171.096 4.58845
1 1 1
0.976471 0.976471 0.976471 1
1
84.9992 169.146 4.52654
1 1 1
0.976471 0.976471 0.976471 1
1
84.7577 167.207 4.46464
1 1 1
0.976471 0.976471 0.976471 1
1
84.3966 165.287 4.40274
1 1 1
0.976471 0.976471 0.976471 1
1
83.9175 163.393 4.34084
1 1 1
0.976471 0.976471 0.976471 1
1
83.3222 161.532 4.27894
1 1 1
0.976471 0.976471 0.976471 1
1
82.5016 159.759 4.27894
1 1 1
0.976471 0.976471 0.976471 1
1
81.681 157.986 4.27894
1 1 1
0.976471 0.976471 0.976471 1
1
80.8604 156.213 4.27894
1 1 1
0.976471 0.976471 0.976471 1
1
80.0398 154.44 4.27894
1 1 1
0.976471 0.976471 0.976471 1
1
79.2193 152.667 4.27894
1 1 1
0.976471 0.976471 0.976471 1
1
78.3987 150.894 4.27894
1 1 1
0.976471 0.976471 0.976471 1
1
77.5781 149.121 4.27894
1 1 1
0.976471 0.976471 0.976471 1
1
76.7575 147.348 4.27894
1 1 1
0.976471 0.976471 0.976471 1
1
75.9369 145.575 4.27894
1 1 1
0.976471 0.976471 0.976471 1
1
75.1163 143.802 4.27894
1 1 1
0.976471 0.976471 0.976471 1
1
74.2957 142.029 4.27894
1 1 1
0.976471 0.976471 0.976471 1
1
73.4751 140.256 4.27894
1 1 1
0.976471 0.976471 0.976471 1
1
72.6546 138.482 4.27894
1 1 1
0.976471 0.976471 0.976471 1
1
71.834 136.709 4.27894
1 1 1
0.976471 0.976471 0.976471 1
1
71.0134 134.936 4.27894
1 1 1
0.976471 0.976471 0.976471 1
1
70.1928 133.163 4.27894
1 1 1
0.976471 0.976471 0.976471 1
1
69.3722 131.39 4.27894
1 1 1
0.976471 0.976471 0.976471 1
1
68.5516 129.617 4.27894
1 1 1
0.976471 0.976471 0.976471 1
1
67.731 127.844 4.27894
1 1 1
0.976471 0.976471 0.976471 1
1
66.9104 126.071 4.27894
1 1 1
0.976471 0.976471 0.976471 1
1
66.0899 124.298 4.27894
1 1 1
0.976471 0.976471 0.976471 1
1
65.2693 122.525 4.27894
1 1 1
0.976471 0.976471 0.976471 1
1
64.4487 120.752 4.27894
1 1 1
0.976471 0.976471 0.976471 1
1
63.52 119.033 4.34084
1 1 1
0.976471 0.976471 0.976471 1
1
62.6994 117.26 4.40274
1 1 1
0.976471 0.976471 0.976471 1
1
61.9901 115.439 4.46464
1 1 1
0.976471 0.976471 0.976471 1
1
61.6291 113.519 4.40274
1 1 1
0.976471 0.976471 0.976471 1
1
61.0337 111.658 4.40274
1 1 1
0.976471 0.976471 0.976471 1
1
60.4383 109.798 4.40274
1 1 1
0.976471 0.976471 0.976471 1
1
59.843 107.937 4.40274
1 1 1
0.976471 0.976471 0.976471 1
1
59.1337 106.116 4.46464
1 1 1
0.976471 0.976471 0.976471 1
1
58.5383 104.256 4.52654
1 1 1
0.976471 0.976471 0.976471 1
1
58.0592 102.361 4.58845
1 1 1
0.976471 0.976471 0.976471 1
1
57.6982 100.441 4.65035
1 1 1
0.976471 0.976471 0.976471 1
1
57.4567 98.5025 4.71225
1 1 1
0.976471 0.976471 0.976471 1
1
57.3355 96.5526 4.77415
1 1 1
0.976471 0.976471 0.976471 1
1
57.3353 94.5988 4.83605
1 1 1
0.976471 0.976471 0.976471 1
1
57.2147 96.5488 4.89796
1 1 1
0.976471 0.976471 0.976471 1
1
56.9737 98.4877 4.95986
1 1 1
0.976471 0.976471 0.976471 1
1
57.3341 96.5675 5.02176
1 1 1
0.976471 0.976471 0.976471 1
1
57.8127 94.6732 5.08366
1 1 1
0.976471 0.976471 0.976471 1
1
58.4075 92.8122 5.14556
1 1 1
0.976471 0.976471 0.976471 1
1
59.1164 90.9916 5.20747
1 1 1
0.976471 0.976471 0.976471 1
1
59.9365 89.2183 5.26937
1 1 1
0.976471 0.976471 0.976471 1
1
60.8647 87.4991 5.33127
1 1 1
0.976471 0.976471 0.976471 1
1
61.8975 85.8407 5.39317
1 1 1
0.976471 0.976471 0.976471 1
1
63.0309 84.2493 5.45507
1 1 1
0.976471 0.976471 0.976471 1
1
64.2606 82.7311 5.51698
1 1 1
0.976471 0.976471 0.976471 1
1
65.5819 81.2918 5.57888
1 1 1
0.976471 0.976471 0.976471 1
1
66.9896 79.9371 5.64078
1 1 1
0.976471 0.976471 0.976471 1
1
68.4785 78.672 5.70268
1 1 1
0.976471 0.976471 0.976471 1
1
70.0428 77.5015 5.76459
1 1 1
0.976471 0.976471 0.976471 1
1
71.6765 76.43 5.82649
1 1 1
0.976471 0.976471 0.976471 1
1
73.3734 75.4616 5.88839
1 1 1
0.976471 0.976471 0.976471 1
1
75.1269 74.6 5.95029
1 1 1
0.976471 0.976471 0.976471 1
1
76.9303 73.8485 6.01219
1 1 1
0.976471 0.976471 0.976471 1
1
78.7768 73.2101 6.0741
1 1 1
0.976471 0.976471 0.976471 1
1
80.6593 72.6871 6.136
1 1 1
0.976471 0.976471 0.976471 1
1
82.5919 72.4006 6.136
1 1 1
0.976471 0.976471 0.976471 1
1
84.5245 72.114 6.136
1 1 1
0.976471 0.976471 0.976471 1
1
86.4572 71.8275 6.136
1 1 1
0.976471 0.976471 0.976471 1
1
88.3898 71.541 6.136
1 1 1
0.976471 0.976471 0.976471 1
1
90.3224 71.2545 6.136
1 1 1
0.976471 0.976471 0.976471 1
1
92.255 70.9679 6.136
1 1 1
0.976471 0.976471 0.976471 1
1
94.1877 70.6814 6.136
1 1 1
0.976471 0.976471 0.976471 1
1
96.1203 70.3949 6.136
1 1 1
0.976471 0.976471 0.976471 1
1
98.0315 69.9893 6.1979
1 1 1
0.976471 0.976471 0.976471 1
1
99.9641 69.7028 6.2598
1 1 1
0.976471 0.976471 0.976471 1
1
101.911 69.5364 0.0385181
1 1 1
0.976471 0.976471 0.976471 1
1
103.863 69.6116 0.0385181
1 1 1
0.976471 0.976471 0.976471 1
1
105.815 69.6868 0.0385181
1 1 1
0.976471 0.976471 0.976471 1
1
107.768 69.7621 0.0385181
1 1 1
0.976471 0.976471 0.976471 1
1
109.72 69.8373 0.0385181
1 1 1
0.976471 0.976471 0.976471 1
1
111.672 69.9125 0.0385181
1 1 1
0.976471 0.976471 0.976471 1
1
113.616 70.1084 6.2598
1 1 1
0.976471 0.976471 0.976471 1
1
115.563 69.942 0.0385181
1 1 1
0.976471 0.976471 0.976471 1
1
117.516 69.8963 0.10042
1 1 1
0.976471 0.976471 0.976471 1
1
119.468 69.9715 0.162322
1 1 1
0.976471 0.976471 0.976471 1
1
121.412 70.1674 0.224224
1 1 1
0.976471 0.976471 0.976471 1
1
123.34 70.4831 0.286126
1 1 1
0.976471 0.976471 0.976471 1
1
125.245 70.9176 0.348028
1 1 1
0.976471 0.976471 0.976471 1
1
127.119 71.469 0.409931
1 1 1
0.976471 0.976471 0.976471 1
1
128.956 72.1353 0.471833
1 1 1
0.976471 0.976471 0.976471 1
1
130.748 72.914 0.533735
1 1 1
0.976471 0.976471 0.976471 1
1
132.488 73.802 0.595637
1 1 1
0.976471 0.976471 0.976471 1
1
134.106 74.8981 0.595637
1 1 1
0.976471 0.976471 0.976471 1
1
135.723 75.9942 0.595637
1 1 1
0.976471 0.976471 0.976471 1
1
137.34 77.0903 0.595637
1 1 1
0.976471 0.976471 0.976471 1
1
138.957 78.1865 0.595637
1 1 1
0.976471 0.976471 0.976471 1
1
140.575 79.2826 0.595637
1 1 1
0.976471 0.976471 0.976471 1
1
142.192 80.3787 0.595637
1 1 1
0.976471 0.976471 0.976471 1
1
143.809 81.4748 0.595637
1 1 1
0.976471 0.976471 0.976471 1
1
145.427 82.571 0.595637
1 1 1
0.976471 0.976471 0.976471 1
1
147.044 83.6671 0.595637
1 1 1
0.976471 0.976471 0.976471 1
1
148.661 84.7632 0.595637
1 1 1
0.976471 0.976471 0.976471 1
1
150.278 85.8593 0.595637
1 1 1
0.976471 0.976471 0.976471 1
1
151.896 86.9554 0.595637
1 1 1
0.976471 0.976471 0.976471 1
1
153.513 88.0516 0.595637
1 1 1
0.976471 0.976471 0.976471 1
1
155.13 89.1477 0.595637
1 1 1
0.976471 0.976471 0.976471 1
1
156.748 90.2438 0.595637
1 1 1
0.976471 0.976471 0.976471 1
1
158.365 91.3399 0.595637
1 1 1
0.976471 0.976471 0.976471 1
1
159.982 92.4361 0.595637
1 1 1
0.976471 0.976471 0.976471 1
1
161.6 93.5322 0.595637
1 1 1
0.976471 0.976471 0.976471 1
1
163.217 94.6283 0.595637
1 1 1
0.976471 0.976471 0.976471 1
1
164.834 95.7244 0.595637
1 1 1
0.976471 0.976471 0.976471 1
1
166.516 96.7184 0.657539
1 1 1
0.976471 0.976471 0.976471 1
1
168.133 97.8145 0.719441
1 1 1
0.976471 0.976471 0.976471 1
1
169.68 99.0086 0.781343
1 1 1
0.976471 0.976471 0.976471 1
1
171.149 100.296 0.843245
1 1 1
0.976471 0.976471 0.976471 1
1
172.536 101.672 0.905147
1 1 1
0.976471 0.976471 0.976471 1
1
173.646 103.28 0.843245
1 1 1
0.976471 0.976471 0.976471 1
1
174.852 104.817 0.781343
1 1 1
0.976471 0.976471 0.976471 1
1
176.152 106.276 0.719441
1 1 1
0.976471 0.976471 0.976471 1
1
177.539 107.652 0.657539
1 1 1
0.976471 0.976471 0.976471 1
1
179.156 108.748 0.719441
1 1 1
0.976471 0.976471 0.976471 1
1
180.702 109.942 0.781343
1 1 1
0.976471 0.976471 0.976471 1
1
182.172 111.23 0.843245
1 1 1
0.976471 0.976471 0.976471 1
1
183.559 112.605 0.905147
1 1 1
0.976471 0.976471 0.976471 1
1
184.766 114.142 0.905147
1 1 1
0.976471 0.976471 0.976471 1
1
185.972 115.679 0.905147
1 1 1
0.976471 0.976471 0.976471 1
1
187.179 117.215 0.905147
1 1 1
0.976471 0.976471 0.976471 1
1
188.385 118.752 0.905147
1 1 1
0.976471 0.976471 0.976471 1
1
189.592 120.289 0.905147
1 1 1
0.976471 0.976471 0.976471 1
1
190.799 121.825 0.905147
1 1 1
0.976471 0.976471 0.976471 1
1
192.005 123.362 0.905147
1 1 1
0.976471 0.976471 0.976471 1
1
193.212 124.899 0.905147
1 1 1
0.976471 0.976471 0.976471 1
1
194.418 126.435 0.905147
1 1 1
0.976471 0.976471 0.976471 1
1
195.625 127.972 0.905147
1 1 1
0.976471 0.976471 0.976471 1
1
196.734 129.58 0.843245
1 1 1
0.976471 0.976471 0.976471 1
1
197.941 131.117 0.781343
1 1 1
0.976471 0.976471 0.976471 1
1
199.24 132.576 0.719441
1 1 1
0.976471 0.976471 0.976471 1
1
200.627 133.952 0.657539
1 1 1
0.976471 0.976471 0.976471 1
1
202.097 135.239 0.595637
1 1 1
0.976471 0.976471 0.976471 1
1
203.779 136.233 0.657539
1 1 1
0.976471 0.976471 0.976471 1
1
205.396 137.33 0.719441
1 1 1
0.976471 0.976471 0.976471 1
1
206.942 138.524 0.781343
1 1 1
0.976471 0.976471 0.976471 1
1
208.412 139.811 0.843245
1 1 1
0.976471 0.976471 0.976471 1
1
209.618 141.348 0.781343
1 1 1
0.976471 0.976471 0.976471 1
1
210.918 142.807 0.719441
1 1 1
0.976471 0.976471 0.976471 1
1
212.305 144.183 0.657539
1 1 1
0.976471 0.976471 0.976471 1
1
213.774 145.47 0.595637
1 1 1
0.976471 0.976471 0.976471 1
1
215.321 146.664 0.533735
1 1 1
0.976471 0.976471 0.976471 1
1
217.003 147.658 0.533735
1 1 1
0.976471 0.976471 0.976471 1
1
218.685 148.652 0.533735
1 1 1
0.976471 0.976471 0.976471 1
1
220.302 149.748 0.471833
1 1 1
0.976471 0.976471 0.976471 1
1
221.984 150.742 0.409931
1 1 1
0.976471 0.976471 0.976471 1
1
223.724 151.63 0.348028
1 1 1
0.976471 0.976471 0.976471 1
1
225.516 152.409 0.286126
1 1 1
0.976471 0.976471 0.976471 1
1
227.353 153.075 0.224224
1 1 1
0.976471 0.976471 0.976471 1
1
229.227 153.627 0.162322
1 1 1
0.976471 0.976471 0.976471 1
1
231.132 154.061 0.10042
1 1 1
0.976471 0.976471 0.976471 1
1
233.06 154.377 0.0385181
1 1 1
0.976471 0.976471 0.976471 1
1
233.06 154.377 0.0385181
1 1 1
0.976471 0.976471 0.976471 1
1
234.795 154.533 0.0289136
1 1 1
0.976471 0.976471 0.976471 1
1
236.53 154.688 0.019309
1 1 1
0.976471 0.976471 0.976471 1
1
238.265 154.844 0.00970452
1 1 1
0.976471 0.976471 0.976471 1
1
240 155 0.000100002
1 1 1
0.976471 0.976471 0.976471 1
2
84.998 160.845 0
0 0 0.707156 -0.707058
46.89 19.42 1
0.4 0.4 0.4 0.1
3
75.7849 137.901 0
94.2049 137.899 0
94.2112 183.789 0
75.7912 183.791 0
2
84.243 158.922 0
0 0 0.728698 -0.684835
46.89 19.42 1
0.4 0.4 0.4 0.1
3
73.6281 136.592 0
92.0126 135.45 0
94.8579 181.252 0
76.4733 182.394 0
2
83.3704 157.05 0
0 0 0.749542 -0.661957
46.89 19.42 1
0.4 0.4 0.4 0.1
3
71.3945 135.419 0
89.6732 133.142 0
95.3463 178.68 0
77.0676 180.957 0
2
82.3837 155.235 0
0 0 0.769668 -0.638445
46.89 19.42 1
0.4 0.4 0.4 0.1
3
69.0926 134.387 0
87.1954 130.983 0
95.6748 176.083 0
77.572 179.487 0
2
81.2866 153.485 0
0 0 0.789056 -0.614321
46.89 19.42 1
0.4 0.4 0.4 0.1
3
66.7312 133.499 0
84.5888 128.982 0
95.8419 173.471 0
77.9843 177.988 0
2
80.0833 151.806 0
0 0 0.807689 -0.589608
46.89 19.42 1
0.4 0.4 0.4 0.1
3
64.3194 132.758 0
81.8633 127.145 0
95.8471 170.853 0
78.3032 176.466 0
2
78.7784 150.204 0
0 0 0.825549 -0.564331
46.89 19.42 1
0.4 0.4 0.4 0.1
3
61.8664 132.169 0
79.0295 125.481 0
95.6904 168.24 0
78.5273 174.927 0
2
77.377 148.686 0
0 0 0.842617 -0.538513
46.89 19.42 1
0.4 0.4 0.4 0.1
3
59.3817 131.732 0
76.0982 123.995 0
95.3723 165.641 0
78.6558 173.378 0
2
76.5564 146.913 0
0 0 0.842617 -0.538513
46.89 19.42 1
0.4 0.4 0.4 0.1
3
58.5611 129.959 0
75.2776 122.222 0
94.5517 163.868 0
77.8352 171.605 0
2
75.7358 145.14 0
0 0 0.842617 -0.538513
46.89 19.42 1
0.4 0.4 0.4 0.1
3
57.7405 128.186 0
74.457 120.449 0
93.7311 162.095 0
77.0146 169.832 0
2
74.9152 143.367 0
0 0 0.842617 -0.538513
46.89 19.42 1
0.4 0.4 0.4 0.1
3
56.9199 126.412 0
73.6364 118.676 0
92.9106 160.322 0
76.194 168.059 0
2
74.0946 141.594 0
0 0 0.842617 -0.538513
46.89 19.42 1
0.4 0.4 0.4 0.1
3
56.0993 124.639 0
72.8158 116.903 0
92.09 158.549 0
75.3734 166.286 0
2
73.2741 139.821 0
0 0 0.842617 -0.538513
46.89 19.42 1
0.4 0.4 0.4 0.1
3
55.2787 122.866 0
71.9953 115.13 0
91.2694 156.776 0
74.5528 164.512 0
2
72.4535 138.048 0
0 0 0.842617 -0.538513
46.89 19.42 1
0.4 0.4 0.4 0.1
3
54.4581 121.093 0
71.1747 113.357 0
90.4488 155.003 0
73.7323 162.739 0
2
71.6329 136.275 0
0 0 0.842617 -0.538513
46.89 19.42 1
0.4 0.4 0.4 0.1
3
53.6376 119.32 0
70.3541 111.584 0
89.6282 153.23 0
72.9117 160.966 0
2
70.8123 134.502 0
0 0 0.842617 -0.538513
46.89 19.42 1
0.4 0.4 0.4 0.1
3
52.817 117.547 0
69.5335 109.811 0
88.8076 151.457 0
72.0911 159.193 0
2
69.9917 132.729 0
0 0 0.842617 -0.538513
46.89 19.42 1
0.4 0.4 0.4 0.1
3
51.9964 115.774 0
68.7129 108.037 0
87.987 149.684 0
71.2705 157.42 0
2
69.1711 130.956 0
0 0 0.842617 -0.538513
46.89 19.42 1
0.4 0.4 0.4 0.1
3
51.1758 114.001 0
67.8923 106.264 0
87.1664 147.911 0
70.4499 155.647 0
2
68.3505 129.183 0
0 0 0.842617 -0.538513
46.89 19.42 1
0.4 0.4 0.4 0.1
3
50.3552 112.228 0
67.0717 104.491 0
86.3459 146.137 0
69.6293 153.874 0
2
67.5299 127.41 0
0 0 0.842617 -0.538513
46.89 19.42 1
0.4 0.4 0.4 0.1
3
49.5346 110.455 0
66.2511 102.718 0
85.5253 144.364 0
68.8087 152.101 0
2
66.7094 125.637 0
0 0 0.842617 -0.538513
46.89 19.42 1
0.4 0.4 0.4 0.1
3
48.714 108.682 0
65.4306 100.945 0
84.7047 142.591 0
67.9882 150.328 0
2
65.8888 123.863 0
0 0 0.842617 -0.538513
46.89 19.42 1
0.4 0.4 0.4 0.1
3
47.8934 106.909 0
64.61 99.1721 0
83.8841 140.818 0
67.1676 148.555 0
2
65.0682 122.09 0
0 0 0.842617 -0.538513
46.89 19.42 1
0.4 0.4 0.4 0.1
3
47.0729 105.136 0
63.7894 97.3991 0
83.0635 139.045 0
66.347 146.782 0
2
64.2476 120.317 0
0 0 0.842617 -0.538513
46.89 19.42 1
0.4 0.4 0.4 0.1
3
46.2523 103.363 0
62.9688 95.626 0
82.2429 137.272 0
65.5264 145.009 0
2
63.427 118.544 0
0 0 0.842617 -0.538513
46.89 19.42 1
0.4 0.4 0.4 0.1
3
45.4317 101.589 0
62.1482 93.8529 0
81.4223 135.499 0
64.7058 143.236 0
2
62.6064 116.771 0
0 0 0.842617 -0.538513
46.89 19.42 1
0.4 0.4 0.4 0.1
3
44.6111 99.8164 0
61.3276 92.0799 0
80.6017 133.726 0
63.8852 141.463 0
2
61.7858 114.998 0
0 0 0.842617 -0.538513
46.89 19.42 1
0.4 0.4 0.4 0.1
3
43.7905 98.0433 0
60.507 90.3068 0
79.7812 131.953 0
63.0646 139.689 0
2
60.9652 113.225 0
0 0 0.842617 -0.538513
46.89 19.42 1
0.4 0.4 0.4 0.1
3
42.9699 96.2702 0
59.6865 88.5337 0
78.9606 130.18 0
62.244 137.916 0
2
60.1447 111.452 0
0 0 0.842617 -0.538513
46.89 19.42 1
0.4 0.4 0.4 0.1
3
42.1493 94.4972 0
58.8659 86.7606 0
78.14 128.407 0
61.4235 136.143 0
2
59.3241 109.679 0
0 0 0.842617 -0.538513
46.89 19.42 1
0.4 0.4 0.4 0.1
3
41.3287 92.7241 0
58.0453 84.9876 0
77.3194 126.634 0
60.6029 134.37 0
2
58.5035 107.906 0
0 0 0.842617 -0.538513
46.89 19.42 1
0.4 0.4 0.4 0.1
3
40.5082 90.951 0
57.2247 83.2145 0
76.4988 124.861 0
59.7823 132.597 0
2
58.3809 105.844 0
0 0 0.825549 -0.564331
46.89 19.42 1
0.4 0.4 0.4 0.1
3
41.4689 87.8082 0
58.632 81.1206 0
75.2928 123.879 0
58.1297 130.567 0
2
58.386 103.778 0
0 0 0.807689 -0.589608
46.89 19.42 1
0.4 0.4 0.4 0.1
3
42.6221 84.7308 0
60.1661 79.1177 0
74.1499 122.825 0
56.6059 128.438 0
2
58.519 101.717 0
0 0 0.789056 -0.614321
46.89 19.42 1
0.4 0.4 0.4 0.1
3
43.9636 81.7306 0
61.8212 77.2137 0
73.0743 121.703 0
55.2168 126.219 0
2
57.3157 100.037 0
0 0 0.807689 -0.589608
46.89 19.42 1
0.4 0.4 0.4 0.1
3
41.5518 80.9902 0
59.0958 75.3772 0
73.0796 119.085 0
55.5356 124.698 0
2
56.7203 98.1766 0
0 0 0.807689 -0.589608
46.89 19.42 1
0.4 0.4 0.4 0.1
3
40.9564 79.1294 0
58.5004 73.5164 0
72.4842 117.224 0
54.9402 122.837 0
2
56.125 96.3158 0
0 0 0.807689 -0.589608
46.89 19.42 1
0.4 0.4 0.4 0.1
3
40.3611 77.2686 0
57.905 71.6555 0
71.8888 115.363 0
54.3449 120.976 0
2
55.5296 94.455 0
0 0 0.807689 -0.589608
46.89 19.42 1
0.4 0.4 0.4 0.1
3
39.7657 75.4077 0
57.3097 69.7947 0
71.2935 113.502 0
53.7495 119.115 0
2
55.6626 92.3935 0
0 0 0.789056 -0.614321
46.89 19.42 1
0.4 0.4 0.4 0.1
3
41.1072 72.4076 0
58.9648 67.8906 0
70.2179 112.379 0
52.3603 116.896 0
2
55.9228 90.3442 0
0 0 0.769668 -0.638445
46.89 19.42 1
0.4 0.4 0.4 0.1
3
42.6317 69.4961 0
60.7345 66.0925 0
69.2139 111.192 0
51.1111 114.596 0
2
56.3093 88.315 0
0 0 0.749542 -0.661957
46.89 19.42 1
0.4 0.4 0.4 0.1
3
44.3333 66.6846 0
62.612 64.4074 0
68.2852 109.945 0
50.0065 112.223 0
2
56.8206 86.3135 0
0 0 0.728698 -0.684835
46.89 19.42 1
0.4 0.4 0.4 0.1
3
46.2057 63.9837 0
64.5902 62.8416 0
67.4355 108.643 0
49.0509 109.785 0
2
57.4547 84.3475 0
0 0 0.707156 -0.707058
46.89 19.42 1
0.4 0.4 0.4 0.1
3
48.2415 61.4038 0
66.6615 61.4013 0
66.6679 107.291 0
48.2479 107.294 0
2
58.2092 82.4245 0
0 0 0.684936 -0.728603
46.89 19.42 1
0.4 0.4 0.4 0.1
3
50.433 58.9548 0
68.8179 60.0918 0
65.9854 105.894 0
47.6005 104.757 0
2
59.0813 80.5519 0
0 0 0.662061 -0.74945
46.89 19.42 1
0.4 0.4 0.4 0.1
3
52.7719 56.6461 0
71.0512 58.9182 0
65.3907 104.458 0
47.1113 102.186 0
2
59.8263 82.6368 0
0 0 0.638551 -0.769579
46.89 19.42 1
0.4 0.4 0.4 0.1
3
55.0079 58.3865 0
73.1116 61.7851 0
64.6447 106.887 0
46.541 103.489 0
2
60.4409 84.7639 0
0 0 0.61443 -0.788971
46.89 19.42 1
0.4 0.4 0.4 0.1
3
57.1319 60.2619 0
74.9908 64.7739 0
63.75 109.266 0
45.8911 104.754 0
2
61.6438 83.0845 0
0 0 0.58972 -0.807608
46.89 19.42 1
0.4 0.4 0.4 0.1
3
59.8568 58.4247 0
77.4024 64.0328 0
63.4307 107.744 0
45.8852 102.136 0
2
62.9482 81.4827 0
0 0 0.564446 -0.82547
46.89 19.42 1
0.4 0.4 0.4 0.1
3
62.6902 56.7596 0
79.8552 63.4424 0
63.2062 106.206 0
46.0412 99.5229 0
2
64.3492 79.9646 0
0 0 0.53863 -0.842542
46.89 19.42 1
0.4 0.4 0.4 0.1
3
65.6211 55.2729 0
82.3398 63.0048 0
63.0772 104.656 0
46.3586 96.9244 0
2
65.8414 78.5362 0
0 0 0.512299 -0.858807
46.89 19.42 1
0.4 0.4 0.4 0.1
3
68.6384 53.9705 0
84.8468 62.7218 0
63.0444 103.102 0
46.8361 94.3505 0
2
67.4192 77.2028 0
0 0 0.485477 -0.87425
46.89 19.42 1
0.4 0.4 0.4 0.1
3
71.7305 52.8571 0
87.3664 62.5944 0
63.1078 101.548 0
47.4719 91.8111 0
2
69.0764 75.9695 0
0 0 0.45819 -0.888855
46.89 19.42 1
0.4 0.4 0.4 0.1
3
74.8855 51.9372 0
89.8891 62.6231 0
63.2672 100.002 0
48.2636 89.3159 0
2
70.8067 74.8411 0
0 0 0.430464 -0.902608
46.89 19.42 1
0.4 0.4 0.4 0.1
3
78.0914 51.2142 0
92.4052 62.8078 0
63.522 98.468 0
49.2081 86.8744 0
2
72.6035 73.8219 0
0 0 0.402325 -0.915497
46.89 19.42 1
0.4 0.4 0.4 0.1
3
81.3359 50.691 0
94.9051 63.1478 0
63.8711 96.9529 0
50.3019 84.4961 0
2
74.4599 72.9159 0
0 0 0.373801 -0.927509
46.89 19.42 1
0.4 0.4 0.4 0.1
3
84.6065 50.3694 0
97.3791 63.6419 0
64.3133 95.4624 0
51.5407 82.1899 0
2
76.3688 72.1264 0
0 0 0.34492 -0.938632
46.89 19.42 1
0.4 0.4 0.4 0.1
3
87.8908 50.2508 0
99.8179 64.288 0
64.8469 94.002 0
52.9198 79.9648 0
2
78.3229 71.4565 0
0 0 0.315707 -0.948857
46.89 19.42 1
0.4 0.4 0.4 0.1
3
91.1761 50.3356 0
102.212 65.0837 0
65.4698 92.5774 0
54.4339 77.8293 0
2
80.3147 70.9088 0
0 0 0.286193 -0.958172
46.89 19.42 1
0.4 0.4 0.4 0.1
3
94.4499 50.6235 0
104.552 66.026 0
66.1796 91.1941 0
56.0773 75.7916 0
2
82.3366 70.4854 0
0 0 0.256404 -0.96657
46.89 19.42 1
0.4 0.4 0.4 0.1
3
97.6996 51.1133 0
106.83 67.1113 0
66.9736 89.8574 0
57.8435 73.8594 0
2
84.3808 70.1878 0
0 0 0.22637 -0.974041
46.89 19.42 1
0.4 0.4 0.4 0.1
3
100.913 51.8033 0
109.036 68.3355 0
67.8488 88.5724 0
59.7259 72.0402 0
2
86.4395 70.0173 0
0 0 0.196119 -0.98058
46.89 19.42 1
0.4 0.4 0.4 0.1
3
104.077 52.6906 0
111.162 69.6937 0
68.8019 87.3439 0
61.7172 70.3409 0
2
88.5048 69.9744 0
0 0 0.16568 -0.98618
46.89 19.42 1
0.4 0.4 0.4 0.1
3
107.18 53.7721 0
113.2 71.1808 0
69.8291 86.1768 0
63.8098 68.768 0
2
90.5688 70.0594 0
0 0 0.135082 -0.990834
46.89 19.42 1
0.4 0.4 0.4 0.1
3
110.211 55.0434 0
115.142 72.7912 0
70.9265 85.0754 0
65.9957 67.3276 0
2
92.6235 70.2719 0
0 0 0.104355 -0.99454
46.89 19.42 1
0.4 0.4 0.4 0.1
3
113.157 56.4998 0
116.981 74.5187 0
72.09 84.044 0
68.2666 66.0252 0
2
94.6612 70.6112 0
0 0 0.0735276 -0.997293
46.89 19.42 1
0.4 0.4 0.4 0.1
3
116.007 58.1357 0
118.709 76.3565 0
73.315 83.0866 0
70.6136 64.8658 0
2
96.5938 70.3246 0
0 0 0.0735276 -0.997293
46.89 19.42 1
0.4 0.4 0.4 0.1
3
117.94 57.8492 0
120.641 76.07 0
75.2477 82.8001 0
72.5462 64.5793 0
2
98.5265 70.0381 0
0 0 0.0735276 -0.997293
46.89 19.42 1
0.4 0.4 0.4 0.1
3
119.873 57.5626 0
122.574 75.7835 0
77.1803 82.5136 0
74.4789 64.2927 0
2
100.459 69.7516 0
0 0 0.0735276 -0.997293
46.89 19.42 1
0.4 0.4 0.4 0.1
3
121.805 57.2761 0
124.507 75.497 0
79.1129 82.227 0
76.4115 64.0062 0
2
102.392 69.465 0
0 0 0.0735276 -0.997293
46.89 19.42 1
0.4 0.4 0.4 0.1
3
123.738 56.9896 0
126.439 75.2104 0
81.0455 81.9405 0
78.3441 63.7197 0
2
104.324 69.1785 0
0 0 0.0735276 -0.997293
46.89 19.42 1
0.4 0.4 0.4 0.1
3
125.671 56.7031 0
128.372 74.9239 0
82.9782 81.654 0
80.2767 63.4332 0
2
106.257 68.892 0
0 0 0.0735276 -0.997293
46.89 19.42 1
0.4 0.4 0.4 0.1
3
127.603 56.4165 0
130.305 74.6374 0
84.9108 81.3675 0
82.2094 63.1466 0
2
108.19 68.6055 0
0 0 0.0735276 -0.997293
46.89 19.42 1
0.4 0.4 0.4 0.1
3
129.536 56.13 0
132.237 74.3508 0
86.8434 81.0809 0
84.142 62.8601 0
2
110.122 68.3189 0
0 0 0.0735276 -0.997293
46.89 19.42 1
0.4 0.4 0.4 0.1
3
131.468 55.8435 0
134.17 74.0643 0
88.776 80.7944 0
86.0746 62.5736 0
2
112.135 68.7836 0
0 0 0.0426301 -0.999091
46.89 19.42 1
0.4 0.4 0.4 0.1
3
134.212 57.6525 0
135.781 76.0056 0
90.058 79.9146 0
88.4889 61.5616 0
2
114.115 69.3718 0
0 0 0.0116917 -0.999932
46.89 19.42 1
0.4 0.4 0.4 0.1
3
136.839 59.6279 0
137.269 78.0428 0
91.3919 79.1158 0
90.9612 60.7008 0
2
116.055 70.0815 0
0 0 0.0192579 0.999815
46.89 19.42 1
0.4 0.4 0.4 0.1
3
139.338 61.7619 0
138.629 80.1682 0
92.7726 78.401 0
93.4819 59.9947 0
2
118.008 70.1567 0
0 0 0.0192579 0.999815
46.89 19.42 1
0.4 0.4 0.4 0.1
3
141.29 61.8371 0
140.581 80.2434 0
94.7249 78.4763 0
95.4342 60.0699 0
2
119.96 70.2319 0
0 0 0.0192579 0.999815
46.89 19.42 1
0.4 0.4 0.4 0.1
3
143.243 61.9123 0
142.533 80.3187 0
96.6772 78.5515 0
97.3865 60.1452 0
2
121.912 70.3072 0
0 0 0.0192579 0.999815
46.89 19.42 1
0.4 0.4 0.4 0.1
3
145.195 61.9876 0
144.485 80.3939 0
98.6295 78.6267 0
99.3388 60.2204 0
2
123.864 70.3824 0
0 0 0.0192579 0.999815
46.89 19.42 1
0.4 0.4 0.4 0.1
3
147.147 62.0628 0
146.438 80.4691 0
100.582 78.702 0
101.291 60.2956 0
2
125.817 70.4576 0
0 0 0.0192579 0.999815
46.89 19.42 1
0.4 0.4 0.4 0.1
3
149.099 62.138 0
148.39 80.5444 0
102.534 78.7772 0
103.243 60.3709 0
2
127.767 69.7774 0
0 0 0.0116917 -0.999932
46.89 19.42 1
0.4 0.4 0.4 0.1
3
150.491 60.0335 0
150.921 78.4484 0
105.044 79.5214 0
104.613 61.1064 0
2
129.707 70.4871 0
0 0 0.0192579 0.999815
46.89 19.42 1
0.4 0.4 0.4 0.1
3
152.99 62.1675 0
152.281 80.5738 0
106.425 78.8067 0
107.134 60.4003 0
2
131.6 71.3154 0
0 0 0.050189 0.99874
46.89 19.42 1
0.4 0.4 0.4 0.1
3
155.352 64.452 0
153.506 82.7792 0
107.847 78.1787 0
109.694 59.8515 0
2
133.437 72.2591 0
0 0 0.0810721 0.996708
46.89 19.42 1
0.4 0.4 0.4 0.1
3
157.569 66.8783 0
154.592 85.0562 0
109.305 77.6399 0
112.282 59.462 0
2
135.213 73.3148 0
0 0 0.111877 0.993722
46.89 19.42 1
0.4 0.4 0.4 0.1
3
159.631 69.4371 0
155.536 87.396 0
110.794 77.1924 0
114.89 59.2335 0
2
136.92 74.4782 0
0 0 0.142576 0.989784
46.89 19.42 1
0.4 0.4 0.4 0.1
3
161.531 72.1186 0
156.333 89.7897 0
112.308 76.8378 0
117.507 59.1667 0
2
138.552 75.745 0
0 0 0.173137 0.984898
46.89 19.42 1
0.4 0.4 0.4 0.1
3
163.262 74.9125 0
156.98 92.2282 0
113.841 76.5776 0
120.123 59.2619 0
2
140.102 77.1104 0
0 0 0.203533 0.979068
46.89 19.42 1
0.4 0.4 0.4 0.1
3
164.816 77.8081 0
157.475 94.702 0
115.387 76.4127 0
122.728 59.5188 0
2
141.564 78.569 0
0 0 0.233734 0.972301
46.89 19.42 1
0.4 0.4 0.4 0.1
3
166.189 80.7943 0
157.816 97.2017 0
116.94 76.3438 0
125.313 59.9364 0
2
142.934 80.1153 0
0 0 0.263711 0.964602
46.89 19.42 1
0.4 0.4 0.4 0.1
3
167.373 83.8596 0
158.002 99.7177 0
118.495 76.371 0
127.866 60.513 0
2
144.206 81.7434 0
0 0 0.293435 0.955979
46.89 19.42 1
0.4 0.4 0.4 0.1
3
168.366 86.9924 0
158.032 102.24 0
120.045 76.4944 0
130.379 61.2465 0
2
145.823 82.8396 0
0 0 0.293435 0.955979
46.89 19.42 1
0.4 0.4 0.4 0.1
3
169.984 88.0886 0
159.649 103.336 0
121.662 77.5905 0
131.996 62.3426 0
2
147.44 83.9357 0
0 0 0.293435 0.955979
46.89 19.42 1
0.4 0.4 0.4 0.1
3
171.601 89.1847 0
161.267 104.433 0
123.279 78.6867 0
133.614 63.4388 0
2
149.058 85.0318 0
0 0 0.293435 0.955979
46.89 19.42 1
0.4 0.4 0.4 0.1
3
173.218 90.2808 0
162.884 105.529 0
124.897 79.7828 0
135.231 64.5349 0
2
150.675 86.1279 0
0 0 0.293435 0.955979
46.89 19.42 1
0.4 0.4 0.4 0.1
3
174.836 91.3769 0
164.501 106.625 0
126.514 80.8789 0
136.848 65.631 0
2
152.292 87.224 0
0 0 0.293435 0.955979
46.89 19.42 1
0.4 0.4 0.4 0.1
3
176.453 92.4731 0
166.119 107.721 0
128.131 81.975 0
138.466 66.7271 0
2
153.909 88.3202 0
0 0 0.293435 0.955979
46.89 19.42 1
0.4 0.4 0.4 0.1
3
178.07 93.5692 0
167.736 108.817 0
129.749 83.0712 0
140.083 67.8232 0
2
155.527 89.4163 0
0 0 0.293435 0.955979
46.89 19.42 1
0.4 0.4 0.4 0.1
3
179.688 94.6653 0
169.353 109.913 0
131.366 84.1673 0
141.7 68.9194 0
2
157.144 90.5124 0
0 0 0.293435 0.955979
46.89 19.42 1
0.4 0.4 0.4 0.1
3
181.305 95.7614 0
170.971 111.009 0
132.983 85.2634 0
143.317 70.0155 0
2
158.761 91.6085 0
0 0 0.293435 0.955979
46.89 19.42 1
0.4 0.4 0.4 0.1
3
182.922 96.8576 0
172.588 112.105 0
134.6 86.3595 0
144.935 71.1116 0
2
160.379 92.7047 0
0 0 0.293435 0.955979
46.89 19.42 1
0.4 0.4 0.4 0.1
3
184.539 97.9537 0
174.205 113.202 0
136.218 87.4557 0
146.552 72.2077 0
2
161.996 93.8008 0
0 0 0.293435 0.955979
46.89 19.42 1
0.4 0.4 0.4 0.1
3
186.157 99.0498 0
175.822 114.298 0
137.835 88.5518 0
148.169 73.3039 0
2
163.613 94.8969 0
0 0 0.293435 0.955979
46.89 19.42 1
0.4 0.4 0.4 0.1
3
187.774 100.146 0
177.44 115.394 0
139.452 89.6479 0
149.787 74.4 0
2
165.23 95.993 0
0 0 0.293435 0.955979
46.89 19.42 1
0.4 0.4 0.4 0.1
3
189.391 101.242 0
179.057 116.49 0
141.07 90.744 0
151.404 75.4961 0
2
166.848 97.0892 0
0 0 0.293435 0.955979
46.89 19.42 1
0.4 0.4 0.4 0.1
3
191.009 102.338 0
180.674 117.586 0
142.687 91.8401 0
153.021 76.5922 0
2
168.465 98.1853 0
0 0 0.293435 0.955979
46.89 19.42 1
0.4 0.4 0.4 0.1
3
192.626 103.434 0
182.292 118.682 0
144.304 92.9363 0
154.639 77.6883 0
2
170.082 99.2814 0
0 0 0.293435 0.955979
46.89 19.42 1
0.4 0.4 0.4 0.1
3
194.243 104.53 0
183.909 119.778 0
145.922 94.0324 0
156.256 78.7845 0
2
171.7 100.378 0
0 0 0.293435 0.955979
46.89 19.42 1
0.4 0.4 0.4 0.1
3
195.86 105.627 0
185.526 120.874 0
147.539 95.1285 0
157.873 79.8806 0
2
173.317 101.474 0
0 0 0.293435 0.955979
46.89 19.42 1
0.4 0.4 0.4 0.1
3
197.478 106.723 0
187.143 121.971 0
149.156 96.2246 0
159.49 80.9767 0
2
174.934 102.57 0
0 0 0.293435 0.955979
46.89 19.42 1
0.4 0.4 0.4 0.1
3
199.095 107.819 0
188.761 123.067 0
150.773 97.3208 0
161.108 82.0728 0
2
176.552 103.666 0
0 0 0.293435 0.955979
46.89 19.42 1
0.4 0.4 0.4 0.1
3
200.712 108.915 0
190.378 124.163 0
152.391 98.4169 0
162.725 83.169 0
2
177.72 105.37 0
0 0 0.322879 0.94644
46.89 19.42 1
0.4 0.4 0.4 0.1
3
201.51 112.103 0
190.252 126.683 0
153.93 98.6359 0
165.188 84.0565 0
2
178.78 107.142 0
0 0 0.352013 0.935995
46.89 19.42 1
0.4 0.4 0.4 0.1
3
202.108 115.335 0
189.97 129.19 0
155.453 98.9498 0
167.591 85.0947 0
2
179.729 108.977 0
0 0 0.380809 0.924654
46.89 19.42 1
0.4 0.4 0.4 0.1
3
202.506 118.597 0
189.534 131.674 0
156.953 99.3572 0
169.925 86.2796 0
2
180.563 110.867 0
0 0 0.409241 0.912426
46.89 19.42 1
0.4 0.4 0.4 0.1
3
202.701 121.877 0
188.944 134.128 0
158.426 99.8567 0
172.182 87.6066 0
2
181.278 112.805 0
0 0 0.437281 0.899325
46.89 19.42 1
0.4 0.4 0.4 0.1
3
202.692 125.164 0
188.205 136.54 0
159.864 100.446 0
174.352 89.0706 0
2
183.059 113.851 0
0 0 0.409241 0.912426
46.89 19.42 1
0.4 0.4 0.4 0.1
3
205.197 124.862 0
191.441 137.112 0
160.922 102.841 0
174.678 90.5908 0
2
184.902 114.785 0
0 0 0.380809 0.924654
46.89 19.42 1
0.4 0.4 0.4 0.1
3
207.678 124.405 0
194.706 137.483 0
162.126 105.166 0
175.098 92.0879 0
2
186.799 115.604 0
0 0 0.352013 0.935995
46.89 19.42 1
0.4 0.4 0.4 0.1
3
210.126 123.796 0
197.988 137.651 0
163.471 107.411 0
175.609 93.5562 0
2
188.742 116.303 0
0 0 0.322879 0.94644
46.89 19.42 1
0.4 0.4 0.4 0.1
3
212.532 123.037 0
201.274 137.616 0
164.953 109.569 0
176.21 94.99 0
2
189.803 118.076 0
0 0 0.352013 0.935995
46.89 19.42 1
0.4 0.4 0.4 0.1
3
213.131 126.268 0
200.993 140.123 0
166.475 109.883 0
178.613 96.0282 0
2
190.752 119.911 0
0 0 0.380809 0.924654
46.89 19.42 1
0.4 0.4 0.4 0.1
3
213.528 129.53 0
200.556 142.608 0
167.976 110.291 0
180.948 97.2131 0
2
191.586 121.801 0
0 0 0.409241 0.912426
46.89 19.42 1
0.4 0.4 0.4 0.1
3
213.723 132.811 0
199.967 145.061 0
169.448 110.79 0
183.204 98.5401 0
2
192.301 123.739 0
0 0 0.437281 0.899325
46.89 19.42 1
0.4 0.4 0.4 0.1
3
213.715 136.097 0
199.227 147.473 0
170.887 111.38 0
185.374 100.004 0
2
193.507 125.275 0
0 0 0.437281 0.899325
46.89 19.42 1
0.4 0.4 0.4 0.1
3
214.921 137.634 0
200.434 149.01 0
172.093 112.916 0
186.581 101.541 0
2
194.714 126.812 0
0 0 0.437281 0.899325
46.89 19.42 1
0.4 0.4 0.4 0.1
3
216.128 139.171 0
201.64 150.546 0
173.3 114.453 0
187.788 103.077 0
2
195.921 128.349 0
0 0 0.437281 0.899325
46.89 19.42 1
0.4 0.4 0.4 0.1
3
217.334 140.707 0
202.847 152.083 0
174.507 115.99 0
188.994 104.614 0
2
197.127 129.885 0
0 0 0.437281 0.899325
46.89 19.42 1
0.4 0.4 0.4 0.1
3
218.541 142.244 0
204.053 153.62 0
175.713 117.526 0
190.201 106.151 0
2
198.334 131.422 0
0 0 0.437281 0.899325
46.89 19.42 1
0.4 0.4 0.4 0.1
3
219.748 143.781 0
205.26 155.156 0
176.92 119.063 0
191.407 107.687 0
2
199.54 132.959 0
0 0 0.437281 0.899325
46.89 19.42 1
0.4 0.4 0.4 0.1
3
220.954 145.317 0
206.467 156.693 0
178.126 120.6 0
192.614 109.224 0
2
200.747 134.495 0
0 0 0.437281 0.899325
46.89 19.42 1
0.4 0.4 0.4 0.1
3
222.161 146.854 0
207.673 158.23 0
179.333 122.136 0
193.82 110.761 0
2
201.953 136.032 0
0 0 0.437281 0.899325
46.89 19.42 1
0.4 0.4 0.4 0.1
3
223.367 148.391 0
208.88 159.766 0
180.539 123.673 0
195.027 112.297 0
2
203.16 137.568 0
0 0 0.437281 0.899325
46.89 19.42 1
0.4 0.4 0.4 0.1
3
224.574 149.927 0
210.086 161.303 0
181.746 125.21 0
196.234 113.834 0
2
204.367 139.105 0
0 0 0.437281 0.899325
46.89 19.42 1
0.4 0.4 0.4 0.1
3
225.78 151.464 0
211.293 162.84 0
182.953 126.746 0
197.44 115.371 0
2
206.148 140.151 0
0 0 0.409241 0.912426
46.89 19.42 1
0.4 0.4 0.4 0.1
3
228.285 151.162 0
214.529 163.412 0
184.01 129.141 0
197.766 116.891 0
2
207.99 141.085 0
0 0 0.380809 0.924654
46.89 19.42 1
0.4 0.4 0.4 0.1
3
230.766 150.705 0
217.794 163.783 0
185.214 131.466 0
198.186 118.388 0
2
209.887 141.904 0
0 0 0.352013 0.935995
46.89 19.42 1
0.4 0.4 0.4 0.1
3
233.215 150.096 0
221.077 163.951 0
186.559 133.711 0
198.697 119.856 0
2
211.831 142.603 0
0 0 0.322879 0.94644
46.89 19.42 1
0.4 0.4 0.4 0.1
3
235.621 149.337 0
224.363 163.916 0
188.041 135.869 0
199.299 121.29 0
2
213.814 143.181 0
0 0 0.293435 0.955979
46.89 19.42 1
0.4 0.4 0.4 0.1
3
237.975 148.43 0
227.641 163.678 0
189.653 137.932 0
199.987 122.684 0
2
214.982 144.885 0
0 0 0.322879 0.94644
46.89 19.42 1
0.4 0.4 0.4 0.1
3
238.772 151.618 0
227.514 166.198 0
191.192 138.151 0
202.45 123.571 0
2
216.043 146.657 0
0 0 0.352013 0.935995
46.89 19.42 1
0.4 0.4 0.4 0.1
3
239.371 154.85 0
227.233 168.705 0
192.715 138.465 0
204.853 124.61 0
2
216.992 148.492 0
0 0 0.380809 0.924654
46.89 19.42 1
0.4 0.4 0.4 0.1
3
239.768 158.112 0
226.796 171.189 0
194.216 138.872 0
207.188 125.795 0
2
217.826 150.382 0
0 0 0.409241 0.912426
46.89 19.42 1
0.4 0.4 0.4 0.1
3
239.963 161.392 0
226.207 173.643 0
195.688 139.372 0
209.444 127.122 0
2
219.668 151.316 0
0 0 0.380809 0.924654
46.89 19.42 1
0.4 0.4 0.4 0.1
3
242.444 160.936 0
229.472 174.014 0
196.892 141.696 0
209.864 128.619 0
2
221.565 152.134 0
0 0 0.352013 0.935995
46.89 19.42 1
0.4 0.4 0.4 0.1
3
244.893 160.327 0
232.754 174.182 0
198.237 143.942 0
210.375 130.087 0
2
223.509 152.834 0
0 0 0.322879 0.94644
46.89 19.42 1
0.4 0.4 0.4 0.1
3
247.298 159.567 0
236.041 174.147 0
199.719 146.1 0
210.976 131.521 0
2
225.492 153.412 0
0 0 0.293435 0.955979
46.89 19.42 1
0.4 0.4 0.4 0.1
3
249.653 158.661 0
239.318 173.909 0
201.331 148.163 0
211.665 132.915 0
2
227.507 153.866 0
0 0 0.263711 0.964602
46.89 19.42 1
0.4 0.4 0.4 0.1
3
251.946 157.61 0
242.575 173.468 0
203.068 150.121 0
212.439 134.263 0
2
229.189 154.86 0
0 0 0.263711 0.964602
46.89 19.42 1
0.4 0.4 0.4 0.1
3
253.628 158.604 0
244.257 174.462 0
204.75 151.115 0
214.121 135.257 0
2
230.871 155.854 0
0 0 0.263711 0.964602
46.89 19.42 1
0.4 0.4 0.4 0.1
3
255.31 159.598 0
245.939 175.456 0
206.432 152.109 0
215.803 136.251 0
2
232.911 156.182 0
0 0 0.233734 0.972301
46.89 19.42 1
0.4 0.4 0.4 0.1
3
257.535 158.407 0
249.162 174.815 0
208.286 153.957 0
216.659 137.549 0
2
234.966 156.384 0
0 0 0.203533 0.979068
46.89 19.42 1
0.4 0.4 0.4 0.1
3
259.681 157.081 0
252.34 173.975 0
210.252 155.686 0
217.593 138.792 0
2
237.031 156.458 0
0 0 0.173137 0.984898
46.89 19.42 1
0.4 0.4 0.4 0.1
3
261.741 155.625 0
255.459 172.941 0
212.32 157.29 0
218.602 139.975 0
2
239.096 156.404 0
0 0 0.142576 0.989784
46.89 19.42 1
0.4 0.4 0.4 0.1
3
263.707 154.044 0
258.509 171.716 0
214.484 158.764 0
219.683 141.092 0
2
241.154 156.223 0
0 0 0.111877 0.993722
46.89 19.42 1
0.4 0.4 0.4 0.1
3
265.572 152.345 0
261.476 170.304 0
216.735 160.1 0
220.831 142.141 0
2
243.196 155.914 0
0 0 0.081072 0.996708
46.89 19.42 1
0.4 0.4 0.4 0.1
3
267.328 150.533 0
264.351 168.711 0
219.064 161.295 0
222.041 143.117 0
2
245.216 155.48 0
0 0 0.050189 0.99874
46.89 19.42 1
0.4 0.4 0.4 0.1
3
268.969 148.617 0
267.122 166.944 0
221.463 162.343 0
223.31 144.016 0
2
247.205 154.922 0
0 0 0.0192579 0.999815
46.89 19.42 1
0.4 0.4 0.4 0.1
3
270.487 146.602 0
269.778 165.009 0
223.922 163.241 0
224.631 144.835 0
2
247.205 154.922 0
0 0 0.0192579 0.999815
46.89 19.42 1
0.4 0.4 0.4 0.1
3
270.487 146.602 0
269.778 165.009 0
223.922 163.241 0
224.631 144.835 0
2
248.944 154.942 0
0 0 0.0144563 0.999896
46.89 19.42 1
0.4 0.4 0.4 0.1
3
272.146 146.399 0
271.613 164.811 0
225.743 163.485 0
226.275 145.072 0
2
250.682 154.962 0
0 0 0.00965437 0.999953
46.89 19.42 1
0.4 0.4 0.4 0.1
3
273.801 146.196 0
273.445 164.613 0
227.564 163.727 0
227.92 145.31 0
2
252.419 154.982 0
0 0 0.00485224 0.999988
46.89 19.42 1
0.4 0.4 0.4 0.1
3
275.453 145.995 0
275.274 164.414 0
229.386 163.968 0
229.565 145.549 0
2
254.155 155.001 0
0 0 5.00008e-05 1
46.89 19.42 1
0.4 0.4 0.4 0.1
3
277.101 145.794 0
277.099 164.214 0
231.209 164.209 0
231.211 145.789 0
