1
85 175 4.71225
1 1 1
0.976471 0.976471 0.976471 1
1
85.1206 173.05 4.65035
1 1 1
0.976471 0.976471 0.976471 1
1
85.1203 171.096 4.58845
1 1 1
0.976471 0.976471 0.976471 1
1
84.9992 169.146 4.52654
1 1 1
0.976471 0.976471 0.976471 1
1
84.7577 167.207 4.46464
1 1 1
0.976471 0.976471 0.976471 1
1
84.3966 165.287 4.40274
1 1 1
0.976471 0.976471 0.976471 1
1
83.9175 163.393 4.34084
1 1 1
0.976471 0.976471 0.976471 1
1
83.097 161.62 4.40274
1 1 1
0.976471 0.976471 0.976471 1
1
82.5016 159.759 4.40274
1 1 1
0.976471 0.976471 0.976471 1
1
81.9062 157.899 4.40274
1 1 1
0.976471 0.976471 0.976471 1
1
81.3109 156.038 4.40274
1 1 1
0.976471 0.976471 0.976471 1
1
80.7155 154.177 4.40274
1 1 1
0.976471 0.976471 0.976471 1
1
80.1202 152.316 4.40274
1 1 1
0.976471 0.976471 0.976471 1
1
79.5248 150.455 4.40274
1 1 1
0.976471 0.976471 0.976471 1
1
78.9295 148.594 4.40274
1 1 1
0.976471 0.976471 0.976471 1
1
78.3341 146.734 4.40274
1 1 1
0.976471 0.976471 0.976471 1
1
77.7388 144.873 4.40274
1 1 1
0.976471 0.976471 0.976471 1
1
77.1434 143.012 4.40274
1 1 1
0.976471 0.976471 0.976471 1
1
76.5481 141.151 4.40274
1 1 1
0.976471 0.976471 0.976471 1
1
75.9527 139.29 4.40274
1 1 1
0.976471 0.976471 0.976471 1
1
75.3574 137.429 4.40274
1 1 1
0.976471 0.976471 0.976471 1
1
74.762 135.569 4.40274
1 1 1
0.976471 0.976471 0.976471 1
1
74.1667 133.708 4.40274
1 1 1
0.976471 0.976471 0.976471 1
1
73.5713 131.847 4.40274
1 1 1
0.976471 0.976471 0.976471 1
1
72.976 129.986 4.40274
1 1 1
0.976471 0.976471 0.976471 1
1
72.3806 128.125 4.40274
1 1 1
0.976471 0.976471 0.976471 1
1
71.7853 126.265 4.40274
1 1 1
0.976471 0.976471 0.976471 1
1
71.1899 124.404 4.40274
1 1 1
0.976471 0.976471 0.976471 1
1
70.5946 122.543 4.40274
1 1 1
0.976471 0.976471 0.976471 1
1
69.9992 120.682 4.40274
1 1 1
0.976471 0.976471 0.976471 1
1
69.4039 118.821 4.40274
1 1 1
0.976471 0.976471 0.976471 1
1
68.8085 116.96 4.40274
1 1 1
0.976471 0.976471 0.976471 1
1
68.2132 115.1 4.40274
1 1 1
0.976471 0.976471 0.976471 1
1
67.6178 113.239 4.40274
1 1 1
0.976471 0.976471 0.976471 1
1
67.0224 111.378 4.40274
1 1 1
0.976471 0.976471 0.976471 1
1
66.4271 109.517 4.40274
1 1 1
0.976471 0.976471 0.976471 1
1
65.8317 107.656 4.40274
1 1 1
0.976471 0.976471 0.976471 1
1
65.2364 105.795 4.40274
1 1 1
0.976471 0.976471 0.976471 1
1
64.641 103.935 4.40274
1 1 1
0.976471 0.976471 0.976471 1
1
64.0457 102.074 4.40274
1 1 1
0.976471 0.976471 0.976471 1
1
63.4503 100.213 4.40274
1 1 1
0.976471 0.976471 0.976471 1
1
62.855 98.352 4.40274
1 1 1
0.976471 0.976471 0.976471 1
1
62.2596 96.4912 4.40274
1 1 1
0.976471 0.976471 0.976471 1
1
61.6643 94.6304 4.40274
1 1 1
0.976471 0.976471 0.976471 1
1
60.9549 92.8099 4.46464
1 1 1
0.976471 0.976471 0.976471 1
1
60.3596 90.9491 4.52654
1 1 1
0.976471 0.976471 0.976471 1
1
59.8805 89.055 4.58845
1 1 1
0.976471 0.976471 0.976471 1
1
59.5195 87.1349 4.65035
1 1 1
0.976471 0.976471 0.976471 1
1
59.2779 85.1961 4.71225
1 1 1
0.976471 0.976471 0.976471 1
1
59.1568 83.2461 4.77415
1 1 1
0.976471 0.976471 0.976471 1
1
59.1565 81.2924 4.83605
1 1 1
0.976471 0.976471 0.976471 1
1
59.2771 79.3424 4.89796
1 1 1
0.976471 0.976471 0.976471 1
1
59.5181 77.4035 4.95986
1 1 1
0.976471 0.976471 0.976471 1
1
59.8786 75.4833 5.02176
1 1 1
0.976471 0.976471 0.976471 1
1
60.3572 73.5891 5.08366
1 1 1
0.976471 0.976471 0.976471 1
1
60.952 71.7281 5.14556
1 1 1
0.976471 0.976471 0.976471 1
1
61.6608 69.9075 5.20747
1 1 1
0.976471 0.976471 0.976471 1
1
62.4809 68.1342 5.26937
1 1 1
0.976471 0.976471 0.976471 1
1
63.4091 66.415 5.33127
1 1 1
0.976471 0.976471 0.976471 1
1
64.4419 64.7566 5.39317
1 1 1
0.976471 0.976471 0.976471 1
1
65.5754 63.1652 5.45507
1 1 1
0.976471 0.976471 0.976471 1
1
66.8051 61.647 5.51698
1 1 1
0.976471 0.976471 0.976471 1
1
68.1263 60.2077 5.57888
1 1 1
0.976471 0.976471 0.976471 1
1
69.5341 58.853 5.64078
1 1 1
0.976471 0.976471 0.976471 1
1
68.0452 60.118 5.70268
1 1 1
0.976471 0.976471 0.976471 1
1
66.4809 61.2886 5.76459
1 1 1
0.976471 0.976471 0.976471 1
1
64.8472 62.3601 5.82649
1 1 1
0.976471 0.976471 0.976471 1
1
63.1504 63.3285 5.88839
1 1 1
0.976471 0.976471 0.976471 1
1
61.3969 64.1901 5.95029
1 1 1
0.976471 0.976471 0.976471 1
1
59.5934 64.9415 6.01219
1 1 1
0.976471 0.976471 0.976471 1
1
57.7469 65.58 6.0741
1 1 1
0.976471 0.976471 0.976471 1
1
55.8645 66.103 6.136
1 1 1
0.976471 0.976471 0.976471 1
1
57.7757 65.6974 6.1979
1 1 1
0.976471 0.976471 0.976471 1
1
59.7083 65.4109 6.2598
1 1 1
0.976471 0.976471 0.976471 1
1
61.6549 65.2445 0.0385181
1 1 1
0.976471 0.976471 0.976471 1
1
63.6081 65.1988 0.10042
1 1 1
0.976471 0.976471 0.976471 1
1
65.5362 65.5145 0.0385181
1 1 1
0.976471 0.976471 0.976471 1
1
67.4801 65.7104 6.2598
1 1 1
0.976471 0.976471 0.976471 1
1
69.4268 65.544 0.0385181
1 1 1
0.976471 0.976471 0.976471 1
1
71.38 65.4983 0.10042
1 1 1
0.976471 0.976471 0.976471 1
1
73.3081 65.814 0.0385181
1 1 1
0.976471 0.976471 0.976471 1
1
75.252 66.0099 6.2598
1 1 1
0.976471 0.976471 0.976471 1
1
77.2052 65.9642 6.2598
1 1 1
0.976471 0.976471 0.976471 1
1
79.1584 65.9185 6.2598
1 1 1
0.976471 0.976471 0.976471 1
1
81.1116 65.8728 6.2598
1 1 1
0.976471 0.976471 0.976471 1
1
83.0648 65.8272 6.2598
1 1 1
0.976471 0.976471 0.976471 1
1
85.0181 65.7815 6.2598
1 1 1
0.976471 0.976471 0.976471 1
1
86.9713 65.7358 6.2598
1 1 1
0.976471 0.976471 0.976471 1
1
88.9245 65.6901 6.2598
1 1 1
0.976471 0.976471 0.976471 1
1
90.8777 65.6444 6.2598
1 1 1
0.976471 0.976471 0.976471 1
1
92.8309 65.5987 6.2598
1 1 1
0.976471 0.976471 0.976471 1
1
94.7776 65.4323 0.0385181
1 1 1
0.976471 0.976471 0.976471 1
1
96.7308 65.3866 0.10042
1 1 1
0.976471 0.976471 0.976471 1
1
98.6831 65.4619 0.162322
1 1 1
0.976471 0.976471 0.976471 1
1
100.627 65.6577 0.224224
1 1 1
0.976471 0.976471 0.976471 1
1
102.555 65.9735 0.286126
1 1 1
0.976471 0.976471 0.976471 1
1
104.392 66.6398 0.224224
1 1 1
0.976471 0.976471 0.976471 1
1
106.32 66.9555 0.286126
1 1 1
0.976471 0.976471 0.976471 1
1
108.156 67.6218 0.224224
1 1 1
0.976471 0.976471 0.976471 1
1
110.031 68.1733 0.162322
1 1 1
0.976471 0.976471 0.976471 1
1
111.936 68.6077 0.10042
1 1 1
0.976471 0.976471 0.976471 1
1
113.864 68.9234 0.0385181
1 1 1
0.976471 0.976471 0.976471 1
1
115.817 68.8777 0.10042
1 1 1
0.976471 0.976471 0.976471 1
1
117.769 68.953 0.162322
1 1 1
0.976471 0.976471 0.976471 1
1
119.713 69.1488 0.224224
1 1 1
0.976471 0.976471 0.976471 1
1
121.641 69.4646 0.286126
1 1 1
0.976471 0.976471 0.976471 1
1
123.546 69.899 0.348028
1 1 1
0.976471 0.976471 0.976471 1
1
125.42 70.4504 0.409931
1 1 1
0.976471 0.976471 0.976471 1
1
127.257 71.1167 0.471833
1 1 1
0.976471 0.976471 0.976471 1
1
129.049 71.8954 0.533735
1 1 1
0.976471 0.976471 0.976471 1
1
130.789 72.7834 0.595637
1 1 1
0.976471 0.976471 0.976471 1
1
132.471 73.7774 0.657539
1 1 1
0.976471 0.976471 0.976471 1
1
134.088 74.8735 0.719441
1 1 1
0.976471 0.976471 0.976471 1
1
135.635 76.0676 0.781343
1 1 1
0.976471 0.976471 0.976471 1
1
137.104 77.355 0.843245
1 1 1
0.976471 0.976471 0.976471 1
1
138.311 78.8917 0.781343
1 1 1
0.976471 0.976471 0.976471 1
1
139.61 80.3508 0.719441
1 1 1
0.976471 0.976471 0.976471 1
1
141.08 81.6382 0.719441
1 1 1
0.976471 0.976471 0.976471 1
1
142.549 82.9257 0.719441
1 1 1
0.976471 0.976471 0.976471 1
1
144.019 84.2131 0.719441
1 1 1
0.976471 0.976471 0.976471 1
1
145.488 85.5006 0.719441
1 1 1
0.976471 0.976471 0.976471 1
1
146.958 86.788 0.719441
1 1 1
0.976471 0.976471 0.976471 1
1
148.428 88.0755 0.719441
1 1 1
0.976471 0.976471 0.976471 1
1
149.897 89.3629 0.719441
1 1 1
0.976471 0.976471 0.976471 1
1
151.367 90.6504 0.719441
1 1 1
0.976471 0.976471 0.976471 1
1
152.836 91.9378 0.719441
1 1 1
0.976471 0.976471 0.976471 1
1
154.306 93.2253 0.719441
1 1 1
0.976471 0.976471 0.976471 1
1
155.775 94.5127 0.719441
1 1 1
0.976471 0.976471 0.976471 1
1
157.245 95.8002 0.719441
1 1 1
0.976471 0.976471 0.976471 1
1
158.714 97.0877 0.719441
1 1 1
0.976471 0.976471 0.976471 1
1
160.184 98.3751 0.719441
1 1 1
0.976471 0.976471 0.976471 1
1
161.654 99.6626 0.719441
1 1 1
0.976471 0.976471 0.976471 1
1
163.123 100.95 0.719441
1 1 1
0.976471 0.976471 0.976471 1
1
164.593 102.237 0.719441
1 1 1
0.976471 0.976471 0.976471 1
1
166.062 103.525 0.719441
1 1 1
0.976471 0.976471 0.976471 1
1
167.532 104.812 0.719441
1 1 1
0.976471 0.976471 0.976471 1
1
169.001 106.1 0.719441
1 1 1
0.976471 0.976471 0.976471 1
1
170.471 107.387 0.719441
1 1 1
0.976471 0.976471 0.976471 1
1
171.94 108.675 0.719441
1 1 1
0.976471 0.976471 0.976471 1
1
173.41 109.962 0.719441
1 1 1
0.976471 0.976471 0.976471 1
1
174.88 111.25 0.719441
1 1 1
0.976471 0.976471 0.976471 1
1
176.349 112.537 0.719441
1 1 1
0.976471 0.976471 0.976471 1
1
177.819 113.825 0.719441
1 1 1
0.976471 0.976471 0.976471 1
1
179.288 115.112 0.719441
1 1 1
0.976471 0.976471 0.976471 1
1
180.758 116.399 0.719441
1 1 1
0.976471 0.976471 0.976471 1
1
182.227 117.687 0.719441
1 1 1
0.976471 0.976471 0.976471 1
1
183.697 118.974 0.719441
1 1 1
0.976471 0.976471 0.976471 1
1
185.167 120.262 0.719441
1 1 1
0.976471 0.976471 0.976471 1
1
186.636 121.549 0.719441
1 1 1
0.976471 0.976471 0.976471 1
1
188.106 122.837 0.719441
1 1 1
0.976471 0.976471 0.976471 1
1
189.575 124.124 0.719441
1 1 1
0.976471 0.976471 0.976471 1
1
191.045 125.412 0.719441
1 1 1
0.976471 0.976471 0.976471 1
1
192.514 126.699 0.719441
1 1 1
0.976471 0.976471 0.976471 1
1
193.984 127.987 0.719441
1 1 1
0.976471 0.976471 0.976471 1
1
195.453 129.274 0.719441
1 1 1
0.976471 0.976471 0.976471 1
1
196.923 130.561 0.719441
1 1 1
0.976471 0.976471 0.976471 1
1
198.393 131.849 0.719441
1 1 1
0.976471 0.976471 0.976471 1
1
199.862 133.136 0.719441
1 1 1
0.976471 0.976471 0.976471 1
1
201.332 134.424 0.719441
1 1 1
0.976471 0.976471 0.976471 1
1
202.801 135.711 0.719441
1 1 1
0.976471 0.976471 0.976471 1
1
204.271 136.999 0.719441
1 1 1
0.976471 0.976471 0.976471 1
1
205.74 138.286 0.719441
1 1 1
0.976471 0.976471 0.976471 1
1
207.127 139.662 0.657539
1 1 1
0.976471 0.976471 0.976471 1
1
208.597 140.949 0.595637
1 1 1
0.976471 0.976471 0.976471 1
1
210.279 141.943 0.657539
1 1 1
0.976471 0.976471 0.976471 1
1
211.896 143.04 0.719441
1 1 1
0.976471 0.976471 0.976471 1
1
213.283 144.415 0.657539
1 1 1
0.976471 0.976471 0.976471 1
1
214.753 145.703 0.595637
1 1 1
0.976471 0.976471 0.976471 1
1
216.435 146.697 0.657539
1 1 1
0.976471 0.976471 0.976471 1
1
217.905 147.984 0.595637
1 1 1
0.976471 0.976471 0.976471 1
1
219.451 149.178 0.533735
1 1 1
0.976471 0.976471 0.976471 1
1
221.068 150.275 0.471833
1 1 1
0.976471 0.976471 0.976471 1
1
222.75 151.268 0.409931
1 1 1
0.976471 0.976471 0.976471 1
1
224.49 152.156 0.348028
1 1 1
0.976471 0.976471 0.976471 1
1
226.282 152.935 0.286126
1 1 1
0.976471 0.976471 0.976471 1
1
228.119 153.601 0.224224
1 1 1
0.976471 0.976471 0.976471 1
1
229.993 154.153 0.162322
1 1 1
0.976471 0.976471 0.976471 1
1
231.898 154.587 0.10042
1 1 1
0.976471 0.976471 0.976471 1
1
233.826 154.903 0.0385181
1 1 1
0.976471 0.976471 0.976471 1
1
233.826 154.903 0.0385181
1 1 1
0.976471 0.976471 0.976471 1
1
235.37 154.927 0.0289136
1 1 1
0.976471 0.976471 0.976471 1
1
236.913 154.952 0.019309
1 1 1
0.976471 0.976471 0.976471 1
1
238.457 154.976 0.00970452
1 1 1
0.976471 0.976471 0.976471 1
1
240 155 0.000100002
1 1 1
0.976471 0.976471 0.976471 1
2
84.998 160.845 0
0 0 0.707156 -0.707058
46.89 19.42 1
0.4 0.4 0.4 0.1
3
75.7849 137.901 0
94.2049 137.899 0
94.2112 183.789 0
75.7912 183.791 0
2
84.243 158.922 0
0 0 0.728698 -0.684835
46.89 19.42 1
0.4 0.4 0.4 0.1
3
73.6281 136.592 0
92.0126 135.45 0
94.8579 181.252 0
76.4733 182.394 0
2
83.3704 157.05 0
0 0 0.749542 -0.661957
46.89 19.42 1
0.4 0.4 0.4 0.1
3
71.3945 135.419 0
89.6732 133.142 0
95.3463 178.68 0
77.0676 180.957 0
2
82.3837 155.235 0
0 0 0.769668 -0.638445
46.89 19.42 1
0.4 0.4 0.4 0.1
3
69.0926 134.387 0
87.1954 130.983 0
95.6748 176.083 0
77.572 179.487 0
2
81.2866 153.485 0
0 0 0.789056 -0.614321
46.89 19.42 1
0.4 0.4 0.4 0.1
3
66.7312 133.499 0
84.5888 128.982 0
95.8419 173.471 0
77.9843 177.988 0
2
80.0833 151.806 0
0 0 0.807689 -0.589608
46.89 19.42 1
0.4 0.4 0.4 0.1
3
64.3194 132.758 0
81.8633 127.145 0
95.8471 170.853 0
78.3032 176.466 0
2
78.7784 150.204 0
0 0 0.825549 -0.564331
46.89 19.42 1
0.4 0.4 0.4 0.1
3
61.8664 132.169 0
79.0295 125.481 0
95.6904 168.24 0
78.5273 174.927 0
2
78.7836 148.138 0
0 0 0.807689 -0.589608
46.89 19.42 1
0.4 0.4 0.4 0.1
3
63.0197 129.091 0
80.5637 123.478 0
94.5475 167.186 0
77.0035 172.799 0
2
78.1882 146.278 0
0 0 0.807689 -0.589608
46.89 19.42 1
0.4 0.4 0.4 0.1
3
62.4244 127.23 0
79.9683 121.617 0
93.9521 165.325 0
76.4082 170.938 0
2
77.5929 144.417 0
0 0 0.807689 -0.589608
46.89 19.42 1
0.4 0.4 0.4 0.1
3
61.829 125.369 0
79.373 119.756 0
93.3568 163.464 0
75.8128 169.077 0
2
76.9975 142.556 0
0 0 0.807689 -0.589608
46.89 19.42 1
0.4 0.4 0.4 0.1
3
61.2336 123.509 0
78.7776 117.896 0
92.7614 161.603 0
75.2174 167.216 0
2
76.4022 140.695 0
0 0 0.807689 -0.589608
46.89 19.42 1
0.4 0.4 0.4 0.1
3
60.6383 121.648 0
78.1823 116.035 0
92.1661 159.742 0
74.6221 165.355 0
2
75.8068 138.834 0
0 0 0.807689 -0.589608
46.89 19.42 1
0.4 0.4 0.4 0.1
3
60.0429 119.787 0
77.5869 114.174 0
91.5707 157.881 0
74.0267 163.495 0
2
75.2115 136.973 0
0 0 0.807689 -0.589608
46.89 19.42 1
0.4 0.4 0.4 0.1
3
59.4476 117.926 0
76.9915 112.313 0
90.9753 156.021 0
73.4314 161.634 0
2
74.6161 135.113 0
0 0 0.807689 -0.589608
46.89 19.42 1
0.4 0.4 0.4 0.1
3
58.8522 116.065 0
76.3962 110.452 0
90.38 154.16 0
72.836 159.773 0
2
74.0208 133.252 0
0 0 0.807689 -0.589608
46.89 19.42 1
0.4 0.4 0.4 0.1
3
58.2569 114.205 0
75.8008 108.592 0
89.7846 152.299 0
72.2407 157.912 0
2
73.4254 131.391 0
0 0 0.807689 -0.589608
46.89 19.42 1
0.4 0.4 0.4 0.1
3
57.6615 112.344 0
75.2055 106.731 0
89.1893 150.438 0
71.6453 156.051 0
2
72.8301 129.53 0
0 0 0.807689 -0.589608
46.89 19.42 1
0.4 0.4 0.4 0.1
3
57.0662 110.483 0
74.6101 104.87 0
88.5939 148.577 0
71.05 154.19 0
2
72.2347 127.669 0
0 0 0.807689 -0.589608
46.89 19.42 1
0.4 0.4 0.4 0.1
3
56.4708 108.622 0
74.0148 103.009 0
87.9986 146.717 0
70.4546 152.33 0
2
71.6394 125.808 0
0 0 0.807689 -0.589608
46.89 19.42 1
0.4 0.4 0.4 0.1
3
55.8755 106.761 0
73.4194 101.148 0
87.4032 144.856 0
69.8593 150.469 0
2
71.044 123.948 0
0 0 0.807689 -0.589608
46.89 19.42 1
0.4 0.4 0.4 0.1
3
55.2801 104.9 0
72.8241 99.2874 0
86.8079 142.995 0
69.2639 148.608 0
2
70.4487 122.087 0
0 0 0.807689 -0.589608
46.89 19.42 1
0.4 0.4 0.4 0.1
3
54.6848 103.04 0
72.2287 97.4266 0
86.2125 141.134 0
68.6686 146.747 0
2
69.8533 120.226 0
0 0 0.807689 -0.589608
46.89 19.42 1
0.4 0.4 0.4 0.1
3
54.0894 101.179 0
71.6334 95.5658 0
85.6172 139.273 0
68.0732 144.886 0
2
69.2579 118.365 0
0 0 0.807689 -0.589608
46.89 19.42 1
0.4 0.4 0.4 0.1
3
53.4941 99.3179 0
71.038 93.7049 0
85.0218 137.412 0
67.4779 143.025 0
2
68.6626 116.504 0
0 0 0.807689 -0.589608
46.89 19.42 1
0.4 0.4 0.4 0.1
3
52.8987 97.4571 0
70.4427 91.8441 0
84.4265 135.552 0
66.8825 141.165 0
2
68.0672 114.644 0
0 0 0.807689 -0.589608
46.89 19.42 1
0.4 0.4 0.4 0.1
3
52.3034 95.5963 0
69.8473 89.9833 0
83.8311 133.691 0
66.2872 139.304 0
2
67.4719 112.783 0
0 0 0.807689 -0.589608
46.89 19.42 1
0.4 0.4 0.4 0.1
3
51.708 93.7355 0
69.252 88.1224 0
83.2358 131.83 0
65.6918 137.443 0
2
66.8765 110.922 0
0 0 0.807689 -0.589608
46.89 19.42 1
0.4 0.4 0.4 0.1
3
51.1127 91.8746 0
68.6566 86.2616 0
82.6404 129.969 0
65.0965 135.582 0
2
66.2812 109.061 0
0 0 0.807689 -0.589608
46.89 19.42 1
0.4 0.4 0.4 0.1
3
50.5173 90.0138 0
68.0613 84.4008 0
82.0451 128.108 0
64.5011 133.721 0
2
65.6858 107.2 0
0 0 0.807689 -0.589608
46.89 19.42 1
0.4 0.4 0.4 0.1
3
49.922 88.153 0
67.4659 82.5399 0
81.4497 126.247 0
63.9058 131.86 0
2
65.0905 105.339 0
0 0 0.807689 -0.589608
46.89 19.42 1
0.4 0.4 0.4 0.1
3
49.3266 86.2921 0
66.8706 80.6791 0
80.8544 124.387 0
63.3104 130 0
2
64.4951 103.479 0
0 0 0.807689 -0.589608
46.89 19.42 1
0.4 0.4 0.4 0.1
3
48.7313 84.4313 0
66.2752 78.8183 0
80.259 122.526 0
62.7151 128.139 0
2
63.8998 101.618 0
0 0 0.807689 -0.589608
46.89 19.42 1
0.4 0.4 0.4 0.1
3
48.1359 82.5705 0
65.6799 76.9575 0
79.6637 120.665 0
62.1197 126.278 0
2
63.3044 99.7569 0
0 0 0.807689 -0.589608
46.89 19.42 1
0.4 0.4 0.4 0.1
3
47.5405 80.7096 0
65.0845 75.0966 0
79.0683 118.804 0
61.5243 124.417 0
2
62.7091 97.896 0
0 0 0.807689 -0.589608
46.89 19.42 1
0.4 0.4 0.4 0.1
3
46.9452 78.8488 0
64.4892 73.2358 0
78.473 116.943 0
60.929 122.556 0
2
62.1137 96.0352 0
0 0 0.807689 -0.589608
46.89 19.42 1
0.4 0.4 0.4 0.1
3
46.3498 76.988 0
63.8938 71.375 0
77.8776 115.082 0
60.3336 120.695 0
2
61.5184 94.1744 0
0 0 0.807689 -0.589608
46.89 19.42 1
0.4 0.4 0.4 0.1
3
45.7545 75.1271 0
63.2984 69.5141 0
77.2822 113.222 0
59.7383 118.835 0
2
60.923 92.3136 0
0 0 0.807689 -0.589608
46.89 19.42 1
0.4 0.4 0.4 0.1
3
45.1591 73.2663 0
62.7031 67.6533 0
76.6869 111.361 0
59.1429 116.974 0
2
60.3277 90.4527 0
0 0 0.807689 -0.589608
46.89 19.42 1
0.4 0.4 0.4 0.1
3
44.5638 71.4055 0
62.1077 65.7925 0
76.0915 109.5 0
58.5476 115.113 0
2
59.7323 88.5919 0
0 0 0.807689 -0.589608
46.89 19.42 1
0.4 0.4 0.4 0.1
3
43.9684 69.5446 0
61.5124 63.9316 0
75.4962 107.639 0
57.9522 113.252 0
2
59.137 86.7311 0
0 0 0.807689 -0.589608
46.89 19.42 1
0.4 0.4 0.4 0.1
3
43.3731 67.6838 0
60.917 62.0708 0
74.9008 105.778 0
57.3569 111.391 0
2
58.5416 84.8702 0
0 0 0.807689 -0.589608
46.89 19.42 1
0.4 0.4 0.4 0.1
3
42.7777 65.823 0
60.3217 60.21 0
74.3055 103.917 0
56.7615 109.53 0
2
57.9462 83.0094 0
0 0 0.807689 -0.589608
46.89 19.42 1
0.4 0.4 0.4 0.1
3
42.1824 63.9622 0
59.7263 58.3491 0
73.7101 102.057 0
56.1662 107.67 0
2
57.3509 81.1486 0
0 0 0.807689 -0.589608
46.89 19.42 1
0.4 0.4 0.4 0.1
3
41.587 62.1013 0
59.131 56.4883 0
73.1148 100.196 0
55.5708 105.809 0
2
57.4838 79.0871 0
0 0 0.789056 -0.614321
46.89 19.42 1
0.4 0.4 0.4 0.1
3
42.9285 59.1012 0
60.7861 54.5842 0
72.0392 99.0731 0
54.1816 103.59 0
2
57.7441 77.0378 0
0 0 0.769668 -0.638445
46.89 19.42 1
0.4 0.4 0.4 0.1
3
44.4529 56.1897 0
62.5558 52.7861 0
71.0352 97.8859 0
52.9324 101.29 0
2
58.1306 75.0086 0
0 0 0.749542 -0.661957
46.89 19.42 1
0.4 0.4 0.4 0.1
3
46.1546 53.3782 0
64.4333 51.101 0
70.1065 96.639 0
51.8278 98.9162 0
2
58.6418 73.0071 0
0 0 0.728698 -0.684835
46.89 19.42 1
0.4 0.4 0.4 0.1
3
48.027 50.6773 0
66.4115 49.5352 0
69.2567 95.3369 0
50.8722 96.479 0
2
59.276 71.0411 0
0 0 0.707156 -0.707058
46.89 19.42 1
0.4 0.4 0.4 0.1
3
50.0628 48.0974 0
68.4828 48.0949 0
68.4892 93.9849 0
50.0692 93.9874 0
2
60.0305 69.1181 0
0 0 0.684936 -0.728603
46.89 19.42 1
0.4 0.4 0.4 0.1
3
52.2543 45.6484 0
70.6392 46.7854 0
67.8067 92.5879 0
49.4218 91.4509 0
2
60.9026 67.2455 0
0 0 0.662061 -0.74945
46.89 19.42 1
0.4 0.4 0.4 0.1
3
54.5932 43.3397 0
72.8725 45.6118 0
67.2119 91.1513 0
48.9326 88.8792 0
2
61.8888 65.4304 0
0 0 0.638551 -0.769579
46.89 19.42 1
0.4 0.4 0.4 0.1
3
57.0703 41.18 0
75.1741 44.5786 0
66.7072 89.6807 0
48.6035 86.2822 0
2
62.9854 63.6798 0
0 0 0.61443 -0.788971
46.89 19.42 1
0.4 0.4 0.4 0.1
3
59.6764 39.1778 0
77.5352 43.6898 0
66.2944 88.1818 0
48.4356 83.6697 0
2
64.1882 62.0003 0
0 0 0.58972 -0.807608
46.89 19.42 1
0.4 0.4 0.4 0.1
3
62.4013 37.3406 0
79.9468 42.9487 0
65.9751 86.6601 0
48.4296 81.0519 0
2
65.4926 60.3985 0
0 0 0.564446 -0.82547
46.89 19.42 1
0.4 0.4 0.4 0.1
3
65.2346 35.6755 0
82.3996 42.3583 0
65.7506 85.1216 0
48.5856 78.4388 0
2
66.8936 58.8805 0
0 0 0.53863 -0.842542
46.89 19.42 1
0.4 0.4 0.4 0.1
3
68.1656 34.1888 0
84.8843 41.9207 0
65.6217 83.5722 0
48.903 75.8403 0
2
68.3859 57.452 0
0 0 0.512299 -0.858807
46.89 19.42 1
0.4 0.4 0.4 0.1
3
71.1829 32.8863 0
87.3912 41.6377 0
65.5889 82.0177 0
49.3805 73.2664 0
2
69.9636 56.1186 0
0 0 0.485477 -0.87425
46.89 19.42 1
0.4 0.4 0.4 0.1
3
74.2749 31.773 0
89.9109 41.5103 0
65.6523 80.4643 0
50.0164 70.727 0
2
71.6208 54.8854 0
0 0 0.45819 -0.888855
46.89 19.42 1
0.4 0.4 0.4 0.1
3
77.43 30.8531 0
92.4336 41.539 0
65.8117 78.9177 0
50.8081 68.2318 0
2
73.3511 53.757 0
0 0 0.430464 -0.902608
46.89 19.42 1
0.4 0.4 0.4 0.1
3
80.6359 30.1301 0
94.9497 41.7237 0
66.0664 77.3839 0
51.7526 65.7903 0
2
75.148 52.7378 0
0 0 0.402325 -0.915497
46.89 19.42 1
0.4 0.4 0.4 0.1
3
83.8804 29.6068 0
97.4495 42.0637 0
66.4156 75.8688 0
52.8464 63.4119 0
2
77.0044 51.8318 0
0 0 0.373801 -0.927509
46.89 19.42 1
0.4 0.4 0.4 0.1
3
87.151 29.2853 0
99.9236 42.5577 0
66.8578 74.3782 0
54.0852 61.1058 0
2
78.9133 51.0423 0
0 0 0.34492 -0.938632
46.89 19.42 1
0.4 0.4 0.4 0.1
3
90.4353 29.1667 0
102.362 43.2038 0
67.3913 72.9179 0
55.4643 58.8807 0
2
80.8674 50.3724 0
0 0 0.315707 -0.948857
46.89 19.42 1
0.4 0.4 0.4 0.1
3
93.7206 29.2515 0
104.756 43.9996 0
68.0142 71.4933 0
56.9784 56.7452 0
2
79.8814 52.3548 0
0 0 0.286193 -0.958172
46.89 19.42 1
0.4 0.4 0.4 0.1
3
94.0166 32.0695 0
104.119 47.472 0
65.7463 72.6401 0
55.644 57.2376 0
2
78.7747 54.2724 0
0 0 0.256404 -0.96657
46.89 19.42 1
0.4 0.4 0.4 0.1
3
94.1377 34.9004 0
103.268 50.8984 0
63.4118 73.6445 0
54.2816 57.6465 0
2
77.5515 56.1179 0
0 0 0.22637 -0.974041
46.89 19.42 1
0.4 0.4 0.4 0.1
3
94.0835 37.7334 0
102.206 54.2656 0
61.0196 74.5025 0
52.8966 57.9703 0
2
76.2165 57.8842 0
0 0 0.196119 -0.98058
46.89 19.42 1
0.4 0.4 0.4 0.1
3
93.8541 40.5576 0
100.939 57.5606 0
58.5789 75.2108 0
51.4942 58.2078 0
2
74.7747 59.5645 0
0 0 0.16568 -0.98618
46.89 19.42 1
0.4 0.4 0.4 0.1
3
93.4504 43.3622 0
99.4697 60.7709 0
56.0991 75.7668 0
50.0798 58.3581 0
2
73.2318 61.1524 0
0 0 0.135082 -0.990834
46.89 19.42 1
0.4 0.4 0.4 0.1
3
92.8741 46.1364 0
97.8049 63.8842 0
53.5896 76.1684 0
48.6588 58.4206 0
2
71.5936 62.6418 0
0 0 0.104355 -0.99454
46.89 19.42 1
0.4 0.4 0.4 0.1
3
92.1272 48.8697 0
95.9506 66.8885 0
51.0601 76.4139 0
47.2366 58.3951 0
2
69.8664 64.027 0
0 0 0.0735276 -0.997293
46.89 19.42 1
0.4 0.4 0.4 0.1
3
91.2126 51.5516 0
93.914 69.7724 0
48.5202 76.5025 0
45.8188 58.2817 0
2
71.8792 64.4917 0
0 0 0.0426301 -0.999091
46.89 19.42 1
0.4 0.4 0.4 0.1
3
93.9563 53.3606 0
95.5253 71.7137 0
49.8021 75.6227 0
48.2331 57.2697 0
2
73.8594 65.0799 0
0 0 0.0116917 -0.999932
46.89 19.42 1
0.4 0.4 0.4 0.1
3
96.5828 55.336 0
97.0135 73.7509 0
51.136 74.8239 0
50.7053 56.4089 0
2
75.7994 65.7896 0
0 0 0.0192579 0.999815
46.89 19.42 1
0.4 0.4 0.4 0.1
3
99.0821 57.47 0
98.3727 75.8763 0
52.5168 74.1092 0
53.2261 55.7028 0
2
77.6918 66.6179 0
0 0 0.050189 0.99874
46.89 19.42 1
0.4 0.4 0.4 0.1
3
101.445 59.7545 0
99.5979 78.0817 0
53.9391 73.4812 0
55.7857 55.154 0
2
79.6807 66.0596 0
0 0 0.0192579 0.999815
46.89 19.42 1
0.4 0.4 0.4 0.1
3
102.963 57.74 0
102.254 76.1464 0
56.3981 74.3792 0
57.1074 55.9729 0
2
81.6312 65.3794 0
0 0 0.0116917 -0.999932
46.89 19.42 1
0.4 0.4 0.4 0.1
3
104.355 55.6355 0
104.785 74.0504 0
58.9079 75.1234 0
58.4772 56.7084 0
2
83.5713 66.0891 0
0 0 0.0192579 0.999815
46.89 19.42 1
0.4 0.4 0.4 0.1
3
106.854 57.7695 0
106.145 76.1758 0
60.2886 74.4087 0
60.998 56.0023 0
2
85.4637 66.9174 0
0 0 0.050189 0.99874
46.89 19.42 1
0.4 0.4 0.4 0.1
3
109.216 60.054 0
107.37 78.3812 0
61.711 73.7807 0
63.5576 55.4535 0
2
87.4526 66.3591 0
0 0 0.0192579 0.999815
46.89 19.42 1
0.4 0.4 0.4 0.1
3
110.735 58.0395 0
110.026 76.4459 0
64.1699 74.6787 0
64.8792 56.2724 0
2
89.4031 65.6789 0
0 0 0.0116917 -0.999932
46.89 19.42 1
0.4 0.4 0.4 0.1
3
112.126 55.935 0
112.557 74.3499 0
66.6797 75.4229 0
66.249 57.0079 0
2
91.3563 65.6332 0
0 0 0.0116917 -0.999932
46.89 19.42 1
0.4 0.4 0.4 0.1
3
114.08 55.8893 0
114.51 74.3042 0
68.6329 75.3772 0
68.2022 56.9623 0
2
93.3095 65.5876 0
0 0 0.0116917 -0.999932
46.89 19.42 1
0.4 0.4 0.4 0.1
3
116.033 55.8436 0
116.464 74.2586 0
70.5862 75.3315 0
70.1555 56.9166 0
2
95.2627 65.5419 0
0 0 0.0116917 -0.999932
46.89 19.42 1
0.4 0.4 0.4 0.1
3
117.986 55.7979 0
118.417 74.2129 0
72.5394 75.2859 0
72.1087 56.8709 0
2
97.216 65.4962 0
0 0 0.0116917 -0.999932
46.89 19.42 1
0.4 0.4 0.4 0.1
3
119.939 55.7522 0
120.37 74.1672 0
74.4926 75.2402 0
74.0619 56.8252 0
2
99.1692 65.4505 0
0 0 0.0116917 -0.999932
46.89 19.42 1
0.4 0.4 0.4 0.1
3
121.893 55.7065 0
122.323 74.1215 0
76.4458 75.1945 0
76.0151 56.7795 0
2
101.122 65.4048 0
0 0 0.0116917 -0.999932
46.89 19.42 1
0.4 0.4 0.4 0.1
3
123.846 55.6608 0
124.276 74.0758 0
78.399 75.1488 0
77.9683 56.7338 0
2
103.076 65.3591 0
0 0 0.0116917 -0.999932
46.89 19.42 1
0.4 0.4 0.4 0.1
3
125.799 55.6152 0
126.23 74.0301 0
80.3522 75.1031 0
79.9215 56.6882 0
2
105.029 65.3135 0
0 0 0.0116917 -0.999932
46.89 19.42 1
0.4 0.4 0.4 0.1
3
127.752 55.5695 0
128.183 73.9844 0
82.3055 75.0574 0
81.8748 56.6425 0
2
106.982 65.2678 0
0 0 0.0116917 -0.999932
46.89 19.42 1
0.4 0.4 0.4 0.1
3
129.705 55.5238 0
130.136 73.9388 0
84.2587 75.0117 0
83.828 56.5968 0
2
108.922 65.9774 0
0 0 0.0192579 0.999815
46.89 19.42 1
0.4 0.4 0.4 0.1
3
132.205 57.6578 0
131.495 76.0641 0
85.6394 74.297 0
86.3488 55.8907 0
2
110.814 66.8057 0
0 0 0.050189 0.99874
46.89 19.42 1
0.4 0.4 0.4 0.1
3
134.567 59.9424 0
132.721 78.2696 0
87.0618 73.669 0
88.9084 55.3418 0
2
112.652 67.7495 0
0 0 0.0810721 0.996708
46.89 19.42 1
0.4 0.4 0.4 0.1
3
136.784 62.3687 0
133.807 80.5465 0
88.5202 73.1302 0
91.4971 54.9524 0
2
114.428 68.8051 0
0 0 0.111877 0.993722
46.89 19.42 1
0.4 0.4 0.4 0.1
3
138.846 64.9275 0
134.75 82.8864 0
90.0092 72.6827 0
94.1049 54.7238 0
2
116.135 69.9686 0
0 0 0.142576 0.989784
46.89 19.42 1
0.4 0.4 0.4 0.1
3
140.746 67.6089 0
135.547 85.2801 0
91.523 72.3282 0
96.7218 54.657 0
2
118.192 69.7872 0
0 0 0.111877 0.993722
46.89 19.42 1
0.4 0.4 0.4 0.1
3
142.611 65.9095 0
138.515 83.8684 0
93.7739 73.6648 0
97.8696 55.7059 0
2
119.899 70.9506 0
0 0 0.142576 0.989784
46.89 19.42 1
0.4 0.4 0.4 0.1
3
144.511 68.591 0
139.312 86.2621 0
95.2877 73.3102 0
100.487 55.6391 0
2
121.957 70.7692 0
0 0 0.111877 0.993722
46.89 19.42 1
0.4 0.4 0.4 0.1
3
146.375 66.8916 0
142.28 84.8505 0
97.5386 74.6468 0
101.634 56.6879 0
2
124 70.4609 0
0 0 0.0810721 0.996708
46.89 19.42 1
0.4 0.4 0.4 0.1
3
148.131 65.0801 0
145.155 83.2579 0
99.8678 75.8416 0
102.845 57.6638 0
2
126.019 70.0267 0
0 0 0.050189 0.99874
46.89 19.42 1
0.4 0.4 0.4 0.1
3
149.772 63.1634 0
147.925 81.4906 0
102.266 76.8901 0
104.113 58.5629 0
2
128.008 69.4685 0
0 0 0.0192579 0.999815
46.89 19.42 1
0.4 0.4 0.4 0.1
3
151.291 61.1489 0
150.581 79.5553 0
104.725 77.7881 0
105.435 59.3818 0
2
129.9 70.2968 0
0 0 0.050189 0.99874
46.89 19.42 1
0.4 0.4 0.4 0.1
3
153.653 63.4335 0
151.807 81.7607 0
106.148 77.1601 0
107.994 58.8329 0
2
131.738 71.2406 0
0 0 0.0810721 0.996708
46.89 19.42 1
0.4 0.4 0.4 0.1
3
155.87 65.8598 0
152.893 84.0376 0
107.606 76.6213 0
110.583 58.4435 0
2
133.514 72.2962 0
0 0 0.111877 0.993722
46.89 19.42 1
0.4 0.4 0.4 0.1
3
157.932 68.4186 0
153.836 86.3775 0
109.095 76.1738 0
113.191 58.2149 0
2
135.221 73.4597 0
0 0 0.142576 0.989784
46.89 19.42 1
0.4 0.4 0.4 0.1
3
159.832 71.1001 0
154.633 88.7712 0
110.609 75.8193 0
115.808 58.1481 0
2
136.852 74.7265 0
0 0 0.173137 0.984898
46.89 19.42 1
0.4 0.4 0.4 0.1
3
161.563 73.8939 0
155.281 91.2096 0
112.142 75.559 0
118.424 58.2434 0
2
138.402 76.0918 0
0 0 0.203533 0.979068
46.89 19.42 1
0.4 0.4 0.4 0.1
3
163.117 76.7895 0
155.776 93.6834 0
113.688 75.3941 0
121.029 58.5003 0
2
139.865 77.5505 0
0 0 0.233734 0.972301
46.89 19.42 1
0.4 0.4 0.4 0.1
3
164.489 79.7757 0
156.117 96.1831 0
115.241 75.3252 0
123.613 58.9178 0
2
141.235 79.0968 0
0 0 0.263711 0.964602
46.89 19.42 1
0.4 0.4 0.4 0.1
3
165.674 82.8411 0
156.303 98.6991 0
116.796 75.3525 0
126.167 59.4945 0
2
142.506 80.7249 0
0 0 0.293435 0.955979
46.89 19.42 1
0.4 0.4 0.4 0.1
3
166.667 85.9739 0
156.333 101.222 0
118.346 75.4759 0
128.68 60.228 0
2
143.675 82.4285 0
0 0 0.322879 0.94644
46.89 19.42 1
0.4 0.4 0.4 0.1
3
167.465 89.1621 0
156.207 103.742 0
119.885 75.6949 0
131.143 61.1155 0
2
144.735 84.2011 0
0 0 0.352013 0.935995
46.89 19.42 1
0.4 0.4 0.4 0.1
3
168.063 92.3936 0
155.925 106.249 0
121.408 76.0087 0
133.546 62.1537 0
2
145.684 86.036 0
0 0 0.380809 0.924654
46.89 19.42 1
0.4 0.4 0.4 0.1
3
168.461 95.6558 0
155.489 108.733 0
122.908 76.4162 0
135.88 63.3386 0
2
146.518 87.9261 0
0 0 0.409241 0.912426
46.89 19.42 1
0.4 0.4 0.4 0.1
3
168.655 98.9365 0
154.899 111.187 0
124.38 76.9157 0
138.137 64.6656 0
2
148.36 88.8601 0
0 0 0.380809 0.924654
46.89 19.42 1
0.4 0.4 0.4 0.1
3
171.137 98.48 0
158.165 111.558 0
125.584 79.2403 0
138.556 66.1627 0
2
150.257 89.6784 0
0 0 0.352013 0.935995
46.89 19.42 1
0.4 0.4 0.4 0.1
3
173.585 97.8708 0
161.447 111.726 0
126.93 81.486 0
139.068 67.6309 0
2
151.727 90.9659 0
0 0 0.352013 0.935995
46.89 19.42 1
0.4 0.4 0.4 0.1
3
175.054 99.1583 0
162.916 113.013 0
128.399 82.7735 0
140.537 68.9184 0
2
153.196 92.2533 0
0 0 0.352013 0.935995
46.89 19.42 1
0.4 0.4 0.4 0.1
3
176.524 100.446 0
164.386 114.301 0
129.869 84.0609 0
142.007 70.2059 0
2
154.666 93.5408 0
0 0 0.352013 0.935995
46.89 19.42 1
0.4 0.4 0.4 0.1
3
177.994 101.733 0
165.855 115.588 0
131.338 85.3484 0
143.476 71.4933 0
2
156.135 94.8282 0
0 0 0.352013 0.935995
46.89 19.42 1
0.4 0.4 0.4 0.1
3
179.463 103.021 0
167.325 116.876 0
132.808 86.6358 0
144.946 72.7808 0
2
157.605 96.1157 0
0 0 0.352013 0.935995
46.89 19.42 1
0.4 0.4 0.4 0.1
3
180.933 104.308 0
168.795 118.163 0
134.277 87.9233 0
146.415 74.0682 0
2
159.075 97.4031 0
0 0 0.352013 0.935995
46.89 19.42 1
0.4 0.4 0.4 0.1
3
182.402 105.596 0
170.264 119.451 0
135.747 89.2107 0
147.885 75.3557 0
2
160.544 98.6906 0
0 0 0.352013 0.935995
46.89 19.42 1
0.4 0.4 0.4 0.1
3
183.872 106.883 0
171.734 120.738 0
137.216 90.4982 0
149.355 76.6431 0
2
162.014 99.978 0
0 0 0.352013 0.935995
46.89 19.42 1
0.4 0.4 0.4 0.1
3
185.341 108.17 0
173.203 122.025 0
138.686 91.7856 0
150.824 77.9306 0
2
163.483 101.265 0
0 0 0.352013 0.935995
46.89 19.42 1
0.4 0.4 0.4 0.1
3
186.811 109.458 0
174.673 123.313 0
140.156 93.0731 0
152.294 79.218 0
2
164.953 102.553 0
0 0 0.352013 0.935995
46.89 19.42 1
0.4 0.4 0.4 0.1
3
188.281 110.745 0
176.142 124.6 0
141.625 94.3605 0
153.763 80.5055 0
2
166.422 103.84 0
0 0 0.352013 0.935995
46.89 19.42 1
0.4 0.4 0.4 0.1
3
189.75 112.033 0
177.612 125.888 0
143.095 95.648 0
155.233 81.7929 0
2
167.892 105.128 0
0 0 0.352013 0.935995
46.89 19.42 1
0.4 0.4 0.4 0.1
3
191.22 113.32 0
179.082 127.175 0
144.564 96.9354 0
156.702 83.0804 0
2
169.361 106.415 0
0 0 0.352013 0.935995
46.89 19.42 1
0.4 0.4 0.4 0.1
3
192.689 114.608 0
180.551 128.463 0
146.034 98.2229 0
158.172 84.3678 0
2
170.831 107.703 0
0 0 0.352013 0.935995
46.89 19.42 1
0.4 0.4 0.4 0.1
3
194.159 115.895 0
182.021 129.75 0
147.503 99.5103 0
159.641 85.6553 0
2
172.301 108.99 0
0 0 0.352013 0.935995
46.89 19.42 1
0.4 0.4 0.4 0.1
3
195.628 117.183 0
183.49 131.038 0
148.973 100.798 0
161.111 86.9427 0
2
173.77 110.278 0
0 0 0.352013 0.935995
46.89 19.42 1
0.4 0.4 0.4 0.1
3
197.098 118.47 0
184.96 132.325 0
150.442 102.085 0
162.581 88.2302 0
2
175.24 111.565 0
0 0 0.352013 0.935995
46.89 19.42 1
0.4 0.4 0.4 0.1
3
198.567 119.758 0
186.429 133.613 0
151.912 103.373 0
164.05 89.5176 0
2
176.709 112.853 0
0 0 0.352013 0.935995
46.89 19.42 1
0.4 0.4 0.4 0.1
3
200.037 121.045 0
187.899 134.9 0
153.382 104.66 0
165.52 90.8051 0
2
178.179 114.14 0
0 0 0.352013 0.935995
46.89 19.42 1
0.4 0.4 0.4 0.1
3
201.507 122.332 0
189.368 136.187 0
154.851 105.948 0
166.989 92.0925 0
2
179.648 115.427 0
0 0 0.352013 0.935995
46.89 19.42 1
0.4 0.4 0.4 0.1
3
202.976 123.62 0
190.838 137.475 0
156.321 107.235 0
168.459 93.38 0
2
181.118 116.715 0
0 0 0.352013 0.935995
46.89 19.42 1
0.4 0.4 0.4 0.1
3
204.446 124.907 0
192.308 138.762 0
157.79 108.523 0
169.928 94.6675 0
2
182.588 118.002 0
0 0 0.352013 0.935995
46.89 19.42 1
0.4 0.4 0.4 0.1
3
205.915 126.195 0
193.777 140.05 0
159.26 109.81 0
171.398 95.9549 0
2
184.057 119.29 0
0 0 0.352013 0.935995
46.89 19.42 1
0.4 0.4 0.4 0.1
3
207.385 127.482 0
195.247 141.337 0
160.729 111.097 0
172.867 97.2424 0
2
185.527 120.577 0
0 0 0.352013 0.935995
46.89 19.42 1
0.4 0.4 0.4 0.1
3
208.854 128.77 0
196.716 142.625 0
162.199 112.385 0
174.337 98.5298 0
2
186.996 121.865 0
0 0 0.352013 0.935995
46.89 19.42 1
0.4 0.4 0.4 0.1
3
210.324 130.057 0
198.186 143.912 0
163.668 113.672 0
175.807 99.8173 0
2
188.466 123.152 0
0 0 0.352013 0.935995
46.89 19.42 1
0.4 0.4 0.4 0.1
3
211.793 131.345 0
199.655 145.2 0
165.138 114.96 0
177.276 101.105 0
2
189.935 124.44 0
0 0 0.352013 0.935995
46.89 19.42 1
0.4 0.4 0.4 0.1
3
213.263 132.632 0
201.125 146.487 0
166.608 116.247 0
178.746 102.392 0
2
191.405 125.727 0
0 0 0.352013 0.935995
46.89 19.42 1
0.4 0.4 0.4 0.1
3
214.733 133.919 0
202.594 147.775 0
168.077 117.535 0
180.215 103.68 0
2
192.874 127.015 0
0 0 0.352013 0.935995
46.89 19.42 1
0.4 0.4 0.4 0.1
3
216.202 135.207 0
204.064 149.062 0
169.547 118.822 0
181.685 104.967 0
2
194.344 128.302 0
0 0 0.352013 0.935995
46.89 19.42 1
0.4 0.4 0.4 0.1
3
217.672 136.494 0
205.534 150.349 0
171.016 120.11 0
183.154 106.255 0
2
195.814 129.589 0
0 0 0.352013 0.935995
46.89 19.42 1
0.4 0.4 0.4 0.1
3
219.141 137.782 0
207.003 151.637 0
172.486 121.397 0
184.624 107.542 0
2
197.283 130.877 0
0 0 0.352013 0.935995
46.89 19.42 1
0.4 0.4 0.4 0.1
3
220.611 139.069 0
208.473 152.924 0
173.955 122.684 0
186.094 108.829 0
2
198.753 132.164 0
0 0 0.352013 0.935995
46.89 19.42 1
0.4 0.4 0.4 0.1
3
222.08 140.357 0
209.942 154.212 0
175.425 123.972 0
187.563 110.117 0
2
200.222 133.452 0
0 0 0.352013 0.935995
46.89 19.42 1
0.4 0.4 0.4 0.1
3
223.55 141.644 0
211.412 155.499 0
176.895 125.259 0
189.033 111.404 0
2
201.692 134.739 0
0 0 0.352013 0.935995
46.89 19.42 1
0.4 0.4 0.4 0.1
3
225.019 142.932 0
212.881 156.787 0
178.364 126.547 0
190.502 112.692 0
2
203.161 136.027 0
0 0 0.352013 0.935995
46.89 19.42 1
0.4 0.4 0.4 0.1
3
226.489 144.219 0
214.351 158.074 0
179.834 127.834 0
191.972 113.979 0
2
204.631 137.314 0
0 0 0.352013 0.935995
46.89 19.42 1
0.4 0.4 0.4 0.1
3
227.959 145.507 0
215.82 159.362 0
181.303 129.122 0
193.441 115.267 0
2
206.1 138.602 0
0 0 0.352013 0.935995
46.89 19.42 1
0.4 0.4 0.4 0.1
3
229.428 146.794 0
217.29 160.649 0
182.773 130.409 0
194.911 116.554 0
2
207.57 139.889 0
0 0 0.352013 0.935995
46.89 19.42 1
0.4 0.4 0.4 0.1
3
230.898 148.081 0
218.76 161.937 0
184.242 131.697 0
196.38 117.842 0
2
209.04 141.176 0
0 0 0.352013 0.935995
46.89 19.42 1
0.4 0.4 0.4 0.1
3
232.367 149.369 0
220.229 163.224 0
185.712 132.984 0
197.85 119.129 0
2
210.509 142.464 0
0 0 0.352013 0.935995
46.89 19.42 1
0.4 0.4 0.4 0.1
3
233.837 150.656 0
221.699 164.511 0
187.181 134.272 0
199.32 120.416 0
2
211.979 143.751 0
0 0 0.352013 0.935995
46.89 19.42 1
0.4 0.4 0.4 0.1
3
235.306 151.944 0
223.168 165.799 0
188.651 135.559 0
200.789 121.704 0
2
213.448 145.039 0
0 0 0.352013 0.935995
46.89 19.42 1
0.4 0.4 0.4 0.1
3
236.776 153.231 0
224.638 167.086 0
190.121 136.846 0
202.259 122.991 0
2
214.918 146.326 0
0 0 0.352013 0.935995
46.89 19.42 1
0.4 0.4 0.4 0.1
3
238.246 154.519 0
226.107 168.374 0
191.59 138.134 0
203.728 124.279 0
2
216.387 147.614 0
0 0 0.352013 0.935995
46.89 19.42 1
0.4 0.4 0.4 0.1
3
239.715 155.806 0
227.577 169.661 0
193.06 139.421 0
205.198 125.566 0
2
218.331 148.313 0
0 0 0.322879 0.94644
46.89 19.42 1
0.4 0.4 0.4 0.1
3
242.121 155.047 0
230.863 169.626 0
194.541 141.58 0
205.799 127 0
2
220.314 148.891 0
0 0 0.293435 0.955979
46.89 19.42 1
0.4 0.4 0.4 0.1
3
244.475 154.14 0
234.141 169.388 0
196.154 143.642 0
206.488 128.394 0
2
221.483 150.595 0
0 0 0.322879 0.94644
46.89 19.42 1
0.4 0.4 0.4 0.1
3
245.272 157.328 0
234.015 171.908 0
197.693 143.861 0
208.951 129.282 0
2
222.543 152.367 0
0 0 0.352013 0.935995
46.89 19.42 1
0.4 0.4 0.4 0.1
3
245.871 160.56 0
233.733 174.415 0
199.216 144.175 0
211.354 130.32 0
2
224.487 153.067 0
0 0 0.322879 0.94644
46.89 19.42 1
0.4 0.4 0.4 0.1
3
248.277 159.8 0
237.019 174.38 0
200.697 146.333 0
211.955 131.754 0
2
226.47 153.644 0
0 0 0.293435 0.955979
46.89 19.42 1
0.4 0.4 0.4 0.1
3
250.631 158.893 0
240.297 174.141 0
202.31 148.395 0
212.644 133.147 0
2
227.639 155.348 0
0 0 0.322879 0.94644
46.89 19.42 1
0.4 0.4 0.4 0.1
3
251.428 162.082 0
240.171 176.661 0
203.849 148.614 0
215.107 134.035 0
2
229.622 155.926 0
0 0 0.293435 0.955979
46.89 19.42 1
0.4 0.4 0.4 0.1
3
253.783 161.175 0
243.448 176.423 0
205.461 150.677 0
215.795 135.429 0
2
231.637 156.38 0
0 0 0.263711 0.964602
46.89 19.42 1
0.4 0.4 0.4 0.1
3
256.076 160.124 0
246.705 175.982 0
207.198 152.635 0
216.569 136.777 0
2
233.677 156.708 0
0 0 0.233734 0.972301
46.89 19.42 1
0.4 0.4 0.4 0.1
3
258.301 158.933 0
249.928 175.341 0
209.053 154.483 0
217.425 138.076 0
2
235.732 156.91 0
0 0 0.203533 0.979068
46.89 19.42 1
0.4 0.4 0.4 0.1
3
260.447 157.608 0
253.106 174.501 0
211.018 156.212 0
218.359 139.318 0
2
237.797 156.984 0
0 0 0.173137 0.984898
46.89 19.42 1
0.4 0.4 0.4 0.1
3
262.507 156.151 0
256.225 173.467 0
213.086 157.817 0
219.369 140.501 0
2
239.862 156.93 0
0 0 0.142576 0.989784
46.89 19.42 1
0.4 0.4 0.4 0.1
3
264.473 154.571 0
259.275 172.242 0
215.25 159.29 0
220.449 141.619 0
2
241.92 156.749 0
0 0 0.111877 0.993722
46.89 19.42 1
0.4 0.4 0.4 0.1
3
266.338 152.871 0
262.242 170.83 0
217.501 160.626 0
221.597 142.668 0
2
243.962 156.44 0
0 0 0.081072 0.996708
46.89 19.42 1
0.4 0.4 0.4 0.1
3
268.094 151.06 0
265.117 169.238 0
219.83 161.821 0
222.807 143.643 0
2
245.982 156.006 0
0 0 0.050189 0.99874
46.89 19.42 1
0.4 0.4 0.4 0.1
3
269.735 149.143 0
267.888 167.47 0
222.229 162.87 0
224.076 144.542 0
2
247.971 155.448 0
0 0 0.0192579 0.999815
46.89 19.42 1
0.4 0.4 0.4 0.1
3
271.253 147.129 0
270.544 165.535 0
224.688 163.768 0
225.397 145.361 0
2
247.971 155.448 0
0 0 0.0192579 0.999815
46.89 19.42 1
0.4 0.4 0.4 0.1
3
271.253 147.129 0
270.544 165.535 0
224.688 163.768 0
225.397 145.361 0
2
249.519 155.337 0
0 0 0.0144563 0.999896
46.89 19.42 1
0.4 0.4 0.4 0.1
3
272.72 146.794 0
272.188 165.206 0
226.317 163.879 0
226.85 145.467 0
2
251.065 155.225 0
0 0 0.00965437 0.999953
46.89 19.42 1
0.4 0.4 0.4 0.1
3
274.184 146.46 0
273.828 164.876 0
227.947 163.99 0
228.303 145.574 0
2
252.611 155.113 0
0 0 0.00485224 0.999988
46.89 19.42 1
0.4 0.4 0.4 0.1
3
275.644 146.126 0
275.465 164.545 0
229.578 164.1 0
229.756 145.681 0
2
254.155 155.001 0
0 0 5.00008e-05 1
46.89 19.42 1
0.4 0.4 0.4 0.1
3
277.101 145.794 0
277.099 164.214 0
231.209 164.209 0
231.211 145.789 0
