0
80 80
0
81 81
0
82 82
0
83 83
0
84 84
0
85 85
0
86 86
0
87 87
0
88 88
0
89 89
0
90 90
0
91 91
0
92 92
0
93 93
0
94 94
0
95 95
0
96 96
0
97 97
0
98 98
0
99 99
0
100 100
0
101 101
0
102 102
0
103 103
0
103 104
0
103 105
0
103 106
0
103 107
0
103 108
0
103 109
0
103 110
0
103 111
0
103 112
0
103 113
0
103 114
0
103 115
0
103 116
0
103 117
0
103 118
0
103 119
0
103 120
0
103 121
0
103 122
0
103 123
0
103 124
0
103 125
0
103 126
0
103 127
0
103 128
0
103 129
0
103 130
0
103 131
0
103 132
0
103 133
0
104 134
0
105 135
0
106 136
0
107 137
0
108 138
0
108 139
0
109 140
0
110 141
0
111 142
0
112 143
0
113 144
0
114 145
0
115 146
0
116 147
0
117 148
0
118 149
0
119 150
0
120 151
0
121 152
0
122 153
0
123 154
0
124 155
0
125 156
0
125 157
0
126 158
0
127 159
0
128 160
0
129 161
0
130 162
0
131 163
0
132 164
0
133 165
0
134 166
0
134 167
0
135 168
0
136 169
0
137 170
0
137 171
0
138 172
0
138 173
0
138 174
0
138 175
0
139 176
0
138 177
0
138 178
0
138 179
0
138 180
0
137 181
0
137 182
0
136 183
0
136 184
0
135 185
0
134 186
0
133 187
0
132 188
0
131 189
0
130 190
0
129 191
0
128 192
0
127 193
0
126 194
0
125 195
0
124 196
0
123 197
0
122 198
0
121 199
0
120 200
0
119 201
0
118 202
0
117 203
0
116 204
0
116 205
0
115 206
0
115 207
0
114 208
0
114 209
0
113 210
0
113 211
0
113 212
0
112 213
1
80 80 0.986529
1
81.0777 81.6297 0.986529
1
82.1553 83.2593 0.986529
1
83.233 84.889 0.986529
1
84.3107 86.5186 0.986529
1
85.3883 88.1483 0.986529
1
86.466 89.7779 0.986529
1
87.5437 91.4076 0.986529
1
88.6213 93.0372 0.986529
1
89.699 94.6669 0.986529
1
90.7767 96.2965 0.986529
1
91.7515 97.9897 0.924627
1
92.8291 99.6194 0.862725
1
94.0055 101.179 0.800823
1
95.2762 102.663 0.738921
1
96.6362 104.066 0.677018
1
98.0804 105.382 0.615116
1
99.6033 106.606 0.553214
1
101.326 107.528 0.615116
1
102.988 108.554 0.677018
1
104.584 109.682 0.738921
1
106.107 110.906 0.800823
1
107.377 112.39 0.738921
1
108.737 113.792 0.677018
1
110.182 115.108 0.615116
1
111.704 116.332 0.553214
1
113.3 117.459 0.491312
1
115.076 118.273 0.553214
1
116.799 119.195 0.615116
1
118.461 120.221 0.677018
1
120.057 121.349 0.738921
1
121.58 122.573 0.800823
1
123.024 123.888 0.862725
1
124.384 125.291 0.924627
1
125.655 126.775 0.986529
1
126.831 128.335 1.04843
1
127.909 129.965 1.11033
1
128.884 131.658 1.17223
1
129.752 133.408 1.23414
1
130.51 135.209 1.29604
1
131.156 137.053 1.35794
1
131.985 140.103 1.25274
1
133.13 143.049 1.14754
1
134.578 145.859 1.04233
1
136.313 148.501 0.937132
1
138.316 150.946 0.831929
1
140.539 153.194 0.775647
1
142.797 155.408 0.775647
1
145.055 157.622 0.775647
1
147.313 159.836 0.775647
1
149.57 162.05 0.775647
1
151.828 164.264 0.775647
1
154.086 166.479 0.775647
1
156.344 168.693 0.775647
1
158.601 170.907 0.775647
1
160.86 173.12 0.766313
1
163.25 175.189 0.661111
1
165.843 176.996 0.555909
1
168.612 178.521 0.450706
1
171.525 179.746 0.345504
1
174.552 180.659 0.240302
1
176.474 181.005 0.302204
1
174.649 180.31 0.240302
1
172.784 179.728 0.178399
1
170.886 179.263 0.116497
1
168.963 178.916 0.0545953
1
167.023 178.689 6.27588
1
165.072 178.583 6.21398
1
163.118 178.597 6.15207
1
161.169 178.732 6.09017
1
159.232 178.988 6.02827
1
157.315 179.362 5.96637
1
155.424 179.855 5.90447
1
153.567 180.464 5.84256
1
151.752 181.186 5.78066
1
149.985 182.019 5.71876
1
148.402 183.165 5.78066
1
146.635 183.998 5.71876
1
144.923 184.939 5.65686
1
143.272 185.984 5.59496
1
141.689 187.129 5.53305
1
140.18 188.37 5.47115
1
138.751 189.702 5.40925
1
137.592 191.275 5.47115
1
136.338 192.773 5.53305
1
134.994 194.191 5.59496
1
133.564 195.523 5.65686
1
131.982 196.668 5.65686
1
130.399 197.814 5.65686
1
128.816 198.959 5.65686
1
127.233 200.104 5.65686
1
125.65 201.249 5.65686
1
123.999 202.294 5.59496
1
122.416 203.44 5.53305
1
122.416 203.44 5.53305
1
121.219 204.676 5.53124
1
120.021 205.913 5.52943
1
118.824 207.15 5.52761
1
117.626 208.386 5.5258
1
116.428 209.623 5.52399
1
115.231 210.86 5.52218
1
114.033 212.097 5.52036
1
112.836 213.333 5.51855
2
87.8077 91.8069
0 0 0.473504 0.880792
3
108.146 105.866
92.7817 116.026
67.4693 77.7482
82.8337 67.588
2
88.8854 93.4366
0 0 0.473504 0.880792
3
109.224 107.495
93.8594 117.655
68.547 79.3779
83.9114 69.2176
2
89.9631 95.0662
0 0 0.473504 0.880792
3
110.301 109.125
94.9371 119.285
69.6247 81.0076
84.9891 70.8473
2
91.0407 96.6959
0 0 0.473504 0.880792
3
111.379 110.755
96.0147 120.915
70.7023 82.6372
86.0667 72.4769
2
92.1184 98.3255
0 0 0.473504 0.880792
3
112.457 112.384
97.0924 122.544
71.78 84.2669
87.1444 74.1066
2
93.1961 99.9552
0 0 0.473504 0.880792
3
113.534 114.014
98.1701 124.174
72.8577 85.8965
88.2221 75.7363
2
94.2737 101.585
0 0 0.473504 0.880792
3
114.612 115.644
99.2477 125.804
73.9353 87.5262
89.2998 77.3659
2
95.3514 103.214
0 0 0.473504 0.880792
3
115.69 117.273
100.325 127.433
75.013 89.1558
90.3774 78.9956
2
96.4291 104.844
0 0 0.473504 0.880792
3
116.767 118.903
101.403 129.063
76.0907 90.7855
91.4551 80.6252
2
97.5067 106.474
0 0 0.473504 0.880792
3
117.845 120.532
102.481 130.693
77.1683 92.4151
92.5328 82.2549
2
98.5844 108.103
0 0 0.473504 0.880792
3
118.923 122.162
103.558 132.322
78.246 94.0448
93.6104 83.8845
2
100.275 109.291
0 0 0.44602 0.895023
3
121.444 122.065
106.737 133.156
79.1055 96.5175
93.8119 85.4262
2
102.035 110.372
0 0 0.418109 0.908397
3
123.954 121.811
109.962 133.791
80.1163 98.9323
94.1084 86.9524
2
103.859 111.342
0 0 0.389797 0.920901
3
126.444 121.403
113.219 134.226
81.2746 101.28
94.4988 88.4574
2
105.74 112.197
0 0 0.361112 0.932522
3
128.903 120.842
116.498 134.458
82.5758 103.551
94.9815 89.9354
2
107.669 112.934
0 0 0.332081 0.943251
3
131.323 120.129
119.784 134.487
84.0151 105.738
95.5547 91.3806
2
109.641 113.55
0 0 0.302732 0.953076
3
133.695 119.269
123.066 134.312
85.5869 107.831
96.2163 92.7877
2
111.647 114.043
0 0 0.273093 0.961988
3
136.009 118.263
126.33 133.935
87.2852 109.824
96.9636 94.1511
2
112.886 115.696
0 0 0.302732 0.953076
3
136.94 121.414
126.311 136.458
88.8324 109.977
99.4617 94.9334
2
114.021 117.422
0 0 0.332081 0.943251
3
137.675 124.618
126.136 138.975
90.3671 110.226
101.907 95.8687
2
115.047 119.215
0 0 0.361112 0.932522
3
138.211 127.86
125.805 141.476
91.8835 110.57
104.289 96.9536
2
115.96 121.068
0 0 0.389797 0.920901
3
138.545 131.129
125.321 143.952
93.3757 111.006
106.6 98.1837
2
117.841 121.923
0 0 0.361112 0.932522
3
141.004 130.568
128.599 144.184
94.677 113.278
107.083 99.6616
2
119.77 122.66
0 0 0.332081 0.943251
3
143.425 129.856
131.885 144.213
96.1163 115.464
107.656 101.107
2
121.742 123.276
0 0 0.302732 0.953076
3
145.796 128.995
135.167 144.039
97.6881 117.558
108.317 102.514
2
123.748 123.769
0 0 0.273093 0.961988
3
148.11 127.989
138.431 143.662
99.3864 119.55
109.065 103.877
2
125.781 124.138
0 0 0.243193 0.969978
3
150.357 126.842
141.667 143.083
101.205 121.433
109.895 105.192
2
127.12 125.71
0 0 0.273093 0.961988
3
151.482 129.93
141.803 145.602
102.758 121.491
112.437 105.818
2
128.36 127.363
0 0 0.302732 0.953076
3
152.414 133.081
141.784 148.125
104.306 121.644
114.935 106.6
2
129.494 129.089
0 0 0.332081 0.943251
3
153.149 136.285
141.609 150.642
105.84 121.893
117.38 107.536
2
130.52 130.882
0 0 0.361112 0.932522
3
153.684 139.527
141.278 153.143
107.357 122.237
119.762 108.621
2
131.433 132.735
0 0 0.389797 0.920901
3
154.018 142.797
140.794 155.619
108.849 122.673
122.073 109.851
2
132.23 134.641
0 0 0.418109 0.908397
3
154.149 146.08
140.157 158.06
110.311 123.201
124.303 111.221
2
132.907 136.592
0 0 0.44602 0.895023
3
154.077 149.366
139.37 160.457
111.738 123.819
126.445 112.728
2
133.463 138.582
0 0 0.473504 0.880792
3
153.801 152.641
138.437 162.801
113.124 124.523
128.489 114.363
2
133.894 140.602
0 0 0.500534 0.865717
3
153.323 155.892
137.36 165.083
114.464 125.312
130.427 116.122
2
134.199 142.645
0 0 0.527085 0.849813
3
152.646 159.108
136.144 167.293
115.752 126.183
132.254 117.998
2
134.377 144.703
0 0 0.553131 0.833095
3
151.77 162.276
134.794 169.424
116.984 127.131
133.96 119.983
2
134.428 146.769
0 0 0.578647 0.815578
3
150.7 165.383
133.314 171.468
118.155 128.154
135.541 122.069
2
134.351 148.833
0 0 0.603609 0.797281
3
149.44 168.418
131.711 173.416
119.261 129.247
136.99 124.25
2
134.146 150.888
0 0 0.627992 0.77822
3
147.995 171.37
129.991 175.261
120.296 130.407
138.301 126.516
2
136.411 153.548
0 0 0.586207 0.810161
3
152.335 172.462
134.839 178.222
120.488 134.634
137.984 128.874
2
138.944 155.955
0 0 0.542801 0.839862
3
156.765 173.092
139.971 180.658
121.122 138.818
137.917 131.252
2
141.715 158.083
0 0 0.497893 0.867239
3
161.237 173.254
145.33 182.541
122.192 142.912
138.099 133.624
2
144.694 159.908
0 0 0.451607 0.892217
3
165.702 172.945
150.858 183.852
123.686 146.871
138.53 135.964
2
147.848 161.41
0 0 0.404072 0.914727
3
170.109 172.169
156.492 184.574
125.588 150.651
139.204 138.246
2
150.646 163.105
0 0 0.378175 0.925734
3
173.476 172.595
160.579 185.746
127.815 153.615
140.712 140.463
2
152.903 165.319
0 0 0.378175 0.925734
3
175.734 174.809
162.837 187.96
130.073 155.829
142.97 142.678
2
155.161 167.533
0 0 0.378175 0.925734
3
177.992 177.023
165.094 190.174
132.33 158.043
145.228 144.892
2
157.419 169.747
0 0 0.378175 0.925734
3
180.25 179.237
167.352 192.388
134.588 160.257
147.486 147.106
2
159.677 171.961
0 0 0.378175 0.925734
3
182.507 181.451
169.61 194.602
136.846 162.471
149.743 149.32
2
161.934 174.175
0 0 0.378175 0.925734
3
184.765 183.665
171.868 196.817
139.104 164.685
152.001 151.534
2
164.192 176.39
0 0 0.378175 0.925734
3
187.023 185.88
174.126 199.031
141.362 166.9
154.259 153.748
2
166.45 178.604
0 0 0.378175 0.925734
3
189.281 188.094
176.383 201.245
143.619 169.114
156.517 155.963
2
168.708 180.818
0 0 0.378175 0.925734
3
191.538 190.308
178.641 203.459
145.877 171.328
158.774 158.177
2
171.058 182.936
0 0 0.37385 0.927489
3
193.977 192.213
181.203 205.484
148.14 173.66
160.914 160.389
2
174.422 183.88
0 0 0.324568 0.945862
3
198.188 190.699
186.878 205.238
150.657 177.062
161.966 162.523
2
177.867 184.466
0 0 0.274389 0.961619
3
202.217 188.751
192.496 204.398
153.516 180.181
163.237 164.534
2
181.353 184.687
0 0 0.223451 0.974715
3
206.019 186.391
197.995 202.972
156.688 182.982
164.712 166.401
2
184.844 184.54
0 0 0.171894 0.985115
3
209.552 183.645
203.314 200.976
160.136 185.435
166.374 168.103
2
188.3 184.028
0 0 0.119862 0.992791
3
212.778 180.543
208.394 198.434
163.822 187.512
168.206 169.621
2
189.988 185.218
0 0 0.150527 0.988606
3
214.634 183.255
209.152 200.84
165.342 187.182
170.824 169.597
2
188.397 183.678
0 0 0.119862 0.992791
3
212.875 180.194
208.491 198.085
163.919 187.163
168.303 169.272
2
186.714 182.24
0 0 0.0890815 0.996024
3
210.929 177.248
207.66 195.376
162.499 187.232
165.767 169.105
2
184.945 180.908
0 0 0.0582158 0.998304
3
208.805 174.428
206.664 192.723
161.085 187.389
163.226 169.094
2
183.097 179.689
0 0 0.0272943 0.999627
3
206.51 171.745
205.505 190.137
159.684 187.633
160.689 169.241
2
181.177 178.586
0 0 0.00365343 -0.999993
3
204.054 169.209
204.189 187.628
158.3 187.963
158.166 169.544
2
179.193 177.604
0 0 0.0345976 -0.999401
3
201.446 166.829
202.72 185.205
156.94 188.379
155.666 170.003
2
177.152 176.746
0 0 0.0655085 -0.997852
3
198.696 164.616
201.104 182.878
155.608 188.877
153.2 170.615
2
175.061 176.017
0 0 0.0963568 -0.995347
3
195.814 162.577
199.347 180.655
154.309 189.457
150.776 171.379
2
172.93 175.418
0 0 0.127113 -0.991888
3
192.811 160.72
197.456 178.545
153.049 190.116
148.404 172.292
2
170.765 174.952
0 0 0.157747 -0.98748
3
189.699 159.052
195.438 176.556
151.831 190.852
146.093 173.349
2
168.576 174.621
0 0 0.18823 -0.982125
3
186.49 157.581
193.3 174.695
150.662 191.662
143.852 174.548
2
166.37 174.427
0 0 0.218533 -0.97583
3
183.196 156.31
191.052 172.971
149.545 192.543
141.689 175.882
2
164.157 174.368
0 0 0.248626 -0.9686
3
179.83 155.246
188.701 171.389
148.485 193.491
139.613 177.348
2
161.945 174.447
0 0 0.278481 -0.960442
3
176.404 154.392
186.257 169.955
147.485 194.503
137.632 178.94
2
160.807 176.347
0 0 0.248626 -0.9686
3
176.48 157.224
185.351 173.367
145.135 195.47
136.263 179.327
2
158.595 176.426
0 0 0.278481 -0.960442
3
173.054 156.37
182.907 171.933
144.135 196.481
134.282 180.918
2
156.391 176.642
0 0 0.30807 -0.951364
3
169.582 155.73
180.379 170.654
143.2 197.553
132.403 182.629
2
154.205 176.993
0 0 0.337363 -0.941374
3
166.077 155.306
177.777 169.533
142.333 198.681
130.633 184.454
2
152.045 177.479
0 0 0.366334 -0.930484
3
162.553 155.099
175.11 168.575
141.537 199.86
128.98 186.384
2
149.919 178.098
0 0 0.394953 -0.918701
3
159.022 155.11
172.389 167.784
140.816 201.086
127.449 188.412
2
147.836 178.847
0 0 0.423194 -0.906039
3
155.499 155.34
169.625 167.163
140.172 202.354
126.046 190.532
2
147.331 181.003
0 0 0.394953 -0.918701
3
156.434 158.015
169.801 170.689
138.228 203.991
124.861 191.317
2
146.694 183.123
0 0 0.366334 -0.930484
3
157.202 160.743
169.759 174.219
136.186 205.504
123.628 192.028
2
145.927 185.2
0 0 0.337363 -0.941374
3
157.799 163.513
169.499 177.74
134.055 206.888
122.355 192.661
2
145.033 187.226
0 0 0.30807 -0.951364
3
158.224 166.314
169.021 181.238
131.842 208.137
121.044 193.214
2
143.45 188.371
0 0 0.30807 -0.951364
3
156.641 167.459
167.438 182.383
130.259 209.283
119.461 194.359
2
141.867 189.516
0 0 0.30807 -0.951364
3
155.058 168.605
165.855 183.528
128.676 210.428
117.878 195.504
2
140.284 190.661
0 0 0.30807 -0.951364
3
153.475 169.75
164.272 184.674
127.093 211.573
116.296 196.649
2
138.701 191.807
0 0 0.30807 -0.951364
3
151.892 170.895
162.689 185.819
125.51 212.718
114.713 197.795
2
137.118 192.952
0 0 0.30807 -0.951364
3
150.309 172.04
161.106 186.964
123.927 213.863
113.13 198.94
2
134.932 193.303
0 0 0.337363 -0.941374
3
146.804 171.616
158.504 185.843
123.06 214.991
111.36 200.764
2
132.772 193.79
0 0 0.366334 -0.930484
3
143.28 171.409
155.837 184.885
122.264 216.17
109.707 202.694
2
132.772 193.79
0 0 0.366334 -0.930484
3
143.28 171.409
155.837 184.885
122.264 216.17
109.707 202.694
2
131.557 195.008
0 0 0.367177 -0.930151
3
142.024 172.608
154.606 186.061
121.09 217.407
108.508 203.954
2
130.342 196.226
0 0 0.36802 -0.929818
3
140.768 173.807
153.375 187.238
119.915 218.644
107.309 205.214
2
129.127 197.444
0 0 0.368863 -0.929484
3
139.513 175.006
152.143 188.414
118.741 219.881
106.11 206.473
2
127.912 198.662
0 0 0.369705 -0.929149
3
138.257 176.206
150.912 189.59
117.566 221.118
104.911 207.733
2
126.696 199.88
0 0 0.370547 -0.928814
3
137.001 177.405
149.68 190.767
116.392 222.355
103.713 208.993
2
125.481 201.098
0 0 0.371389 -0.928477
3
135.745 178.604
148.448 191.943
115.217 223.591
102.514 210.253
2
124.266 202.316
0 0 0.372231 -0.92814
3
134.489 179.804
147.216 193.12
114.043 224.828
101.315 211.512
2
123.051 203.534
0 0 0.373072 -0.927802
3
133.233 181.004
145.984 194.296
112.869 226.065
100.117 212.772
