0
80 150
0
81 151
0
82 152
0
83 153
0
84 154
0
85 155
0
86 156
0
87 157
0
88 158
0
89 159
0
90 160
0
91 161
0
92 161
0
93 162
0
94 163
0
95 164
0
96 165
0
97 166
0
98 167
0
99 168
0
100 169
0
100 170
0
100 171
0
101 172
0
101 173
0
102 174
0
102 175
0
103 176
0
103 177
0
104 178
0
104 179
0
105 180
0
105 181
0
105 182
0
106 183
0
106 184
0
107 185
0
107 186
0
108 187
0
108 188
0
109 189
0
109 190
0
110 191
0
110 192
0
110 193
0
111 194
0
111 195
0
112 196
0
112 197
0
113 198
0
113 199
0
114 200
0
114 201
0
115 202
0
115 203
0
115 204
0
116 205
0
116 206
0
117 207
0
117 208
0
118 209
0
118 210
0
119 211
0
119 212
0
120 213
0
120 214
0
120 215
0
121 216
0
121 217
0
122 218
0
122 219
0
123 220
0
123 221
0
124 222
0
124 223
0
125 224
0
125 225
0
125 226
0
126 227
0
126 228
0
127 229
0
127 230
0
128 231
0
128 232
0
129 233
0
129 234
0
130 235
0
130 236
0
130 237
0
131 238
0
131 239
0
132 240
0
132 241
0
133 242
0
133 243
0
134 244
0
134 245
0
135 246
0
135 247
0
135 248
0
136 249
0
136 250
0
137 251
0
137 252
0
137 253
0
138 254
0
139 255
0
139 256
0
140 257
0
140 258
0
140 259
0
141 260
0
141 261
0
142 262
0
142 263
0
143 264
0
143 265
0
144 266
0
144 267
0
145 268
0
145 269
0
145 270
0
146 271
0
146 272
0
147 273
0
147 274
0
148 275
0
148 276
0
149 277
0
149 278
0
150 279
0
150 280
0
150 281
0
151 282
0
151 283
0
152 284
0
152 285
0
153 286
0
153 287
0
154 288
0
154 289
0
155 290
0
155 291
0
156 292
0
156 293
0
156 294
0
157 295
0
157 296
0
158 297
0
158 298
0
159 299
0
159 300
0
160 301
0
160 302
0
161 303
0
161 304
0
161 305
0
162 306
0
162 307
0
163 308
0
163 309
0
164 310
0
164 311
0
165 312
0
165 313
0
166 314
0
166 315
0
166 316
0
167 317
0
167 318
0
168 319
0
168 320
0
169 321
0
169 322
0
170 323
0
170 324
0
171 325
0
171 326
0
171 327
0
172 328
0
172 329
0
173 330
0
173 331
0
174 332
0
174 333
0
175 334
0
175 335
0
176 336
0
176 337
0
176 338
0
177 339
0
177 340
0
178 341
0
178 342
0
179 343
0
179 344
0
180 345
0
180 346
0
181 347
0
181 348
0
181 349
0
182 350
0
182 351
0
183 352
0
183 353
0
184 354
0
184 355
0
185 356
0
185 357
0
186 358
0
186 359
0
186 360
0
187 361
0
187 362
0
188 363
0
188 364
0
189 365
0
189 366
0
190 367
0
190 368
0
191 369
0
191 370
1
80 150 3.96992
1
78.7706 148.482 3.90802
1
77.4497 147.042 3.84612
1
76.0422 145.687 3.78421
1
74.5536 144.422 3.72231
1
72.9896 143.251 3.66041
1
71.2363 142.389 3.72231
1
69.6028 141.317 3.72231
1
67.9693 140.245 3.72231
1
66.3718 139.121 3.78731
1
64.8507 137.895 3.85231
1
63.4124 136.573 3.9173
1
62.063 135.161 3.9823
1
60.8082 133.664 4.0473
1
59.6533 132.088 4.1123
1
58.6031 130.441 4.17729
1
57.6622 128.73 4.24229
1
56.8344 126.96 4.30729
1
56.1233 125.141 4.37228
1
55.5318 123.279 4.43728
1
55.0625 121.383 4.50228
1
54.7174 119.46 4.56728
1
54.4979 117.519 4.63227
1
54.4049 115.568 4.69727
1
54.4389 113.615 4.76227
1
54.5996 111.668 4.82726
1
54.8864 109.736 4.89226
1
55.2982 107.826 4.95726
1
55.8331 105.948 5.02226
1
56.4889 104.108 5.08725
1
57.2628 102.314 5.15225
1
58.1516 100.575 5.21725
1
59.1514 98.8964 5.28225
1
60.2582 97.2868 5.34724
1
61.4672 95.7525 5.41224
1
62.7733 94.2999 5.47724
1
64.1709 92.9352 5.54223
1
65.6543 91.6642 5.60723
1
67.2171 90.4923 5.67223
1
68.8527 89.4243 5.73723
1
70.5542 88.4648 5.80222
1
72.3144 87.6178 5.86722
1
74.126 86.887 5.93222
1
75.9812 86.2753 5.99721
1
77.8721 85.7855 6.06221
1
79.791 85.4195 6.12721
1
81.7295 85.1789 6.19221
1
83.6796 85.0647 6.2572
1
85.6329 85.0774 0.0390151
1
87.5813 85.217 0.104012
1
89.5166 85.4829 0.169009
1
91.4305 85.8738 0.234007
1
93.3149 86.3883 0.299004
1
95.162 87.024 0.364001
1
96.9638 87.7784 0.428998
1
98.7129 88.6483 0.493995
1
100.402 89.6299 0.558993
1
102.023 90.7191 0.62399
1
103.571 91.9113 0.688987
1
105.037 93.2015 0.753984
1
106.417 94.5843 0.818981
1
107.704 96.0538 0.883979
1
108.893 97.6037 0.948976
1
109.979 99.2276 1.01397
1
110.957 100.919 1.07897
1
111.823 102.67 1.14397
1
112.573 104.473 1.20896
1
113.205 106.321 1.27396
1
113.715 108.207 1.33896
1
114.102 110.122 1.40396
1
114.364 112.058 1.46895
1
114.499 114.006 1.53395
1
114.508 115.96 1.59895
1
114.389 117.909 1.66394
1
114.144 119.847 1.72894
1
113.777 121.766 1.7791
1
113.373 123.678 1.7791
1
112.969 125.589 1.7791
1
112.565 127.501 1.7791
1
112.161 129.412 1.7791
1
111.757 131.324 1.7791
1
111.353 133.235 1.7791
1
110.949 135.147 1.7791
1
110.545 137.058 1.7791
1
110.141 138.97 1.7791
1
109.737 140.881 1.7791
1
109.333 142.793 1.7791
1
108.929 144.704 1.7791
1
108.525 146.616 1.7791
1
108.121 148.527 1.7791
1
107.732 150.442 1.74662
1
107.391 152.366 1.74662
1
107.049 154.289 1.74662
1
106.589 156.188 1.68472
1
106.247 158.112 1.62282
1
106.025 160.053 1.56092
1
105.923 162.004 1.49901
1
105.943 163.958 1.43711
1
106.083 165.906 1.37521
1
106.343 167.843 1.31331
1
106.723 169.759 1.25141
1
107.22 171.648 1.1895
1
108.058 173.413 1.25141
1
108.672 175.268 1.25141
1
109.285 177.123 1.25141
1
109.899 178.978 1.25141
1
110.396 180.868 1.1895
1
111.01 182.723 1.1276
1
111.955 184.432 1.1895
1
112.793 186.197 1.25141
1
113.406 188.052 1.25141
1
114.02 189.907 1.25141
1
114.633 191.762 1.25141
1
115.247 193.617 1.25141
1
115.86 195.472 1.25141
1
116.474 197.327 1.25141
1
117.087 199.182 1.25141
1
117.701 201.037 1.25141
1
118.314 202.892 1.25141
1
119.041 204.705 1.31331
1
119.654 206.56 1.37521
1
120.152 208.45 1.43711
1
120.532 210.366 1.49901
1
120.792 212.302 1.56092
1
120.932 214.251 1.62282
1
120.71 216.192 1.56092
1
120.609 218.143 1.49901
1
120.628 220.097 1.43711
1
120.768 222.046 1.37521
1
121.028 223.982 1.31331
1
121.408 225.899 1.25141
1
122.022 227.754 1.25141
1
122.635 229.609 1.25141
1
123.248 231.463 1.25141
1
123.862 233.318 1.25141
1
124.475 235.173 1.25141
1
125.089 237.028 1.25141
1
125.702 238.883 1.25141
1
126.316 240.738 1.25141
1
126.929 242.593 1.25141
1
127.543 244.448 1.25141
1
128.156 246.303 1.25141
1
128.77 248.158 1.25141
1
129.383 250.013 1.25141
1
129.996 251.868 1.25141
1
130.61 253.723 1.25141
1
131.223 255.578 1.25141
1
131.837 257.433 1.25141
1
132.45 259.288 1.25141
1
133.064 261.143 1.25141
1
133.677 262.998 1.25141
1
134.291 264.853 1.25141
1
134.904 266.707 1.25141
1
135.517 268.562 1.25141
1
136.131 270.417 1.25141
1
136.744 272.272 1.25141
1
137.358 274.127 1.25141
1
137.971 275.982 1.25141
1
138.585 277.837 1.25141
1
139.198 279.692 1.25141
1
139.812 281.547 1.25141
1
140.425 283.402 1.25141
1
140.923 285.291 1.1895
1
141.536 287.146 1.1276
1
142.263 288.96 1.0657
1
143.101 290.725 1.0038
1
144.15 292.373 1.0038
1
145.2 294.021 1.0038
1
146.249 295.669 1.0038
1
147.298 297.317 1.0038
1
148.348 298.965 1.0038
1
149.397 300.613 1.0038
1
150.446 302.261 1.0038
1
151.496 303.909 1.0038
1
152.545 305.557 1.0038
1
153.594 307.205 1.0038
1
154.644 308.853 1.0038
1
155.693 310.501 1.0038
1
156.743 312.149 1.0038
1
157.792 313.797 1.0038
1
158.841 315.445 1.0038
1
159.891 317.093 1.0038
1
160.94 318.741 1.0038
1
161.989 320.389 1.0038
1
163.039 322.037 1.0038
1
164.188 323.617 1.0657
1
165.237 325.265 1.1276
1
166.183 326.975 1.1895
1
166.91 328.788 1.1895
1
167.637 330.602 1.1895
1
168.364 332.415 1.1895
1
168.977 334.27 1.1276
1
169.923 335.98 1.1895
1
170.761 337.745 1.25141
1
171.258 339.634 1.1895
1
171.872 341.489 1.1276
1
172.599 343.302 1.0657
1
173.648 344.951 1.1276
1
174.593 346.66 1.1895
1
175.207 348.515 1.1276
1
175.934 350.329 1.0657
1
176.772 352.094 1.0038
1
177.717 353.803 0.941896
1
178.766 355.451 0.879994
1
179.916 357.031 0.818092
1
181.161 358.537 0.756189
1
182.496 359.963 0.694287
1
183.917 361.304 0.632385
1
185.419 362.554 0.570483
1
186.995 363.709 0.508581
1
188.639 364.764 0.446679
1
190.346 365.715 0.384777
1
192.108 366.559 0.322875
1
193.919 367.292 0.260973
1
195.771 367.912 0.199071
1
197.659 368.416 0.137169
1
199.574 368.803 0.0752668
1
201.51 369.07 0.0133647
1
203.458 369.217 6.23465
1
201.504 369.191 6.17275
1
199.553 369.286 6.11084
1
197.611 369.501 6.04894
1
195.742 370.071 6.11084
1
193.842 370.525 6.17275
2
70.4297 139.571
0 0 0.915453 -0.402425
3
48.1304 128.892
61.7023 116.438
92.7289 150.25
79.157 162.703
2
68.5735 138.664
0 0 0.927468 -0.373903
3
45.6563 129.385
58.4318 116.115
91.4906 147.943
78.7152 161.213
2
66.6647 137.874
0 0 0.938595 -0.345022
3
43.2174 130.031
55.1475 115.996
90.112 145.718
78.1819 159.752
2
64.7108 137.204
0 0 0.948822 -0.315811
3
40.8231 130.826
51.8622 116.08
88.5984 143.582
77.5593 158.328
2
62.7191 136.656
0 0 0.958141 -0.286297
3
38.4827 131.768
48.5883 116.367
86.9555 141.544
76.8498 156.944
2
60.6973 136.232
0 0 0.966542 -0.256509
3
36.2049 132.852
45.3385 116.856
85.1897 139.611
76.056 155.607
2
59.4017 134.623
0 0 0.958141 -0.286297
3
35.1653 129.735
45.271 114.334
83.6381 139.511
73.5324 154.911
2
57.7682 133.551
0 0 0.958141 -0.286297
3
33.5318 128.663
43.6375 113.263
82.0047 138.439
71.899 153.839
2
56.1348 132.479
0 0 0.958141 -0.286297
3
31.8984 127.591
42.0041 112.191
80.3712 137.367
70.2655 152.768
2
55.0667 130.603
0 0 0.948332 -0.317279
3
31.1989 124.151
42.2835 109.439
78.9344 137.055
67.8498 151.766
2
54.1227 128.661
0 0 0.937522 -0.347925
3
30.7244 120.672
42.7412 106.712
77.521 136.649
65.5042 150.61
2
53.3069 126.662
0 0 0.925722 -0.378204
3
30.4768 117.17
43.375 104.02
76.1369 136.153
63.2387 149.304
2
52.6226 124.614
0 0 0.912944 -0.408084
3
30.4572 113.66
44.1823 101.375
74.7879 135.568
61.0629 147.853
2
52.0727 122.526
0 0 0.899202 -0.437533
3
30.6657 110.155
45.1597 98.7876
73.4798 134.897
58.9858 146.264
2
51.6597 120.407
0 0 0.884511 -0.466519
3
31.1013 106.672
46.3031 96.2694
72.218 134.142
57.0163 144.544
2
51.3852 118.265
0 0 0.868885 -0.495013
3
31.7623 103.224
47.6076 93.8308
71.008 133.306
55.1627 142.699
2
51.2503 116.11
0 0 0.852342 -0.522985
3
32.6459 99.8259
49.0678 91.4821
69.8547 132.394
53.4329 140.738
2
51.2557 113.951
0 0 0.834899 -0.550404
3
33.7483 96.4927
50.6774 89.2332
68.7632 131.409
51.8341 138.669
2
51.4014 111.797
0 0 0.816574 -0.577241
3
35.0648 93.2382
52.4297 87.0936
67.7379 130.355
50.373 136.5
2
51.6866 109.656
0 0 0.797386 -0.603469
3
36.5899 90.0761
54.3173 85.0723
66.7833 129.237
49.0559 134.24
2
52.1103 107.539
0 0 0.777357 -0.62906
3
38.3172 87.0197
56.3321 83.1779
65.9033 128.059
47.8884 131.9
2
52.6705 105.454
0 0 0.756507 -0.653986
3
40.2394 84.082
58.4658 81.4184
65.1017 126.826
46.8753 129.49
2
53.3651 103.41
0 0 0.734857 -0.678222
3
42.3483 81.2753
60.7092 79.8011
64.3818 125.544
46.0209 127.018
2
54.1909 101.415
0 0 0.712432 -0.701741
3
44.6351 78.6115
63.053 78.333
63.7467 124.218
45.3288 124.496
2
55.1446 99.4775
0 0 0.689254 -0.72452
3
47.09 76.1018
65.4871 77.0202
63.1991 122.853
44.8021 121.935
2
56.2221 97.6064
0 0 0.665348 -0.746533
3
49.7028 73.757
68.0014 75.8683
62.7413 121.456
44.4428 119.344
2
57.4188 95.8092
0 0 0.64074 -0.767758
3
52.4624 71.5867
70.5852 74.8821
62.3753 120.032
44.2525 116.736
2
58.7298 94.0936
0 0 0.615455 -0.788172
3
55.3571 69.6003
73.2276 74.0659
62.1025 118.587
44.232 114.121
2
60.1494 92.4668
0 0 0.58952 -0.807754
3
58.3747 67.8061
75.9174 73.423
61.9241 117.127
44.3813 111.511
2
61.6717 90.9355
0 0 0.562962 -0.826482
3
61.5025 66.2117
78.6433 72.9561
61.8409 115.659
44.7 108.915
2
63.2902 89.5064
0 0 0.53581 -0.844338
3
64.7272 64.8238
81.3938 72.6673
61.8532 114.189
45.1866 106.346
2
64.9981 88.1855
0 0 0.508093 -0.861303
3
68.0352 63.6483
84.1572 72.5577
61.961 112.723
45.839 103.813
2
66.7882 86.9782
0 0 0.479838 -0.877357
3
71.4127 62.6901
86.9219 72.6279
62.1638 111.266
46.6545 101.329
2
68.653 85.8898
0 0 0.451077 -0.892485
3
74.8452 61.9533
89.6762 72.8775
62.4607 109.826
47.6297 98.9021
2
70.5845 84.9248
0 0 0.421839 -0.906671
3
78.3183 61.4411
92.4085 73.3054
62.8506 108.408
48.7604 96.5441
2
72.5746 84.0872
0 0 0.392156 -0.919899
3
81.8174 61.1555
95.1072 73.91
63.3317 107.019
50.0419 94.2645
2
74.6149 83.3808
0 0 0.362059 -0.932155
3
85.3277 61.0977
97.761 74.6885
63.9021 105.664
51.4688 92.073
2
76.6968 82.8083
0 0 0.331579 -0.943427
3
88.8342 61.2681
100.359 75.6377
64.5593 104.348
53.035 89.9788
2
78.8114 82.3722
0 0 0.30075 -0.953703
3
92.3223 61.6659
102.889 76.7537
65.3005 103.079
54.7339 87.9908
2
80.95 82.0744
0 0 0.269602 -0.962972
3
95.7772 62.2894
105.342 78.0317
66.1227 101.86
56.5583 86.1172
2
83.1033 81.9162
0 0 0.23817 -0.971223
3
99.1844 63.136
107.706 79.4662
67.0223 100.696
58.5006 84.3662
2
85.2624 81.8981
0 0 0.206486 -0.978449
3
102.529 64.2021
109.972 81.0513
67.9955 99.5942
60.5525 82.745
2
87.4181 82.0204
0 0 0.174585 -0.984642
3
105.798 65.4832
112.131 82.7803
69.0383 98.5576
62.7053 81.2605
2
89.5613 82.2823
0 0 0.142499 -0.989795
3
108.976 66.9738
114.172 84.6458
70.1462 97.5909
64.9501 79.9189
2
91.683 82.683
0 0 0.110262 -0.993903
3
112.051 68.6679
116.089 86.64
71.3145 96.6981
67.2772 78.726
2
93.7741 83.2206
0 0 0.0779093 -0.99696
3
115.01 70.558
117.871 88.7544
72.5384 95.8832
69.6769 77.6868
2
95.826 83.8929
0 0 0.045474 -0.998966
3
117.839 72.6363
119.513 90.9801
73.8126 95.1494
72.1391 76.8056
2
97.8298 84.697
0 0 0.0129907 -0.999916
3
120.528 74.894
121.006 93.3078
75.1318 94.5
74.6533 76.0862
2
99.7772 85.6296
0 0 0.0195063 0.99981
3
123.064 77.3215
122.345 95.7275
76.4904 93.9376
77.2089 75.5316
2
101.66 86.6867
0 0 0.0519827 0.998648
3
125.437 79.9087
123.525 98.2292
77.8826 93.4646
79.7951 75.1442
2
103.47 87.8638
0 0 0.0844042 0.996432
3
127.637 82.6445
124.539 100.802
79.3026 93.0831
82.401 74.9256
2
105.2 89.156
0 0 0.116737 0.993163
3
129.655 85.5175
125.384 103.435
80.7444 92.7946
85.0156 74.8766
2
106.842 90.5579
0 0 0.148946 0.988845
3
131.482 88.5154
126.056 106.118
82.2019 92.6004
87.6279 74.9977
2
108.39 92.0635
0 0 0.180997 0.983484
3
133.11 91.6257
126.552 108.839
83.669 92.5012
90.2268 75.2881
2
109.836 93.6664
0 0 0.212858 0.977083
3
134.533 94.8351
126.871 111.586
85.1393 92.4976
92.8013 75.7467
2
111.176 95.3598
0 0 0.244494 0.969651
3
135.744 98.1302
127.01 114.348
86.6069 92.5894
95.3406 76.3716
2
112.402 97.1367
0 0 0.275872 0.961195
3
136.739 101.497
126.97 117.113
88.0653 92.7764
97.834 77.1601
2
113.511 98.9895
0 0 0.306958 0.951723
3
137.513 104.921
126.751 119.87
89.5085 93.0577
100.271 78.1089
2
114.497 100.91
0 0 0.33772 0.941247
3
138.063 108.389
126.352 122.607
90.9304 93.4321
102.641 79.2139
2
115.356 102.891
0 0 0.368125 0.929776
3
138.387 111.885
125.777 125.312
92.325 93.8982
104.934 80.4706
2
116.084 104.924
0 0 0.398142 0.917324
3
138.483 115.394
125.028 127.974
93.6864 94.4538
107.141 81.8735
2
116.68 106.999
0 0 0.427738 0.903903
3
138.35 118.902
124.107 130.582
95.0088 95.0966
109.252 83.4169
2
117.139 109.109
0 0 0.456883 0.889527
3
137.99 122.394
123.018 133.124
96.2866 95.824
111.259 85.0941
2
117.46 111.244
0 0 0.485545 0.874212
3
137.404 125.856
121.767 135.591
97.5145 96.6329
113.152 86.8981
2
117.641 113.396
0 0 0.513694 0.857973
3
136.595 129.272
120.358 137.971
98.6873 97.5198
114.924 88.8212
2
117.683 115.555
0 0 0.541301 0.840829
3
135.565 132.628
118.798 140.254
99.8 98.481
116.567 90.8554
2
117.584 117.712
0 0 0.568336 0.822796
3
134.32 135.911
117.092 142.431
100.848 99.5124
118.075 92.992
2
117.345 119.857
0 0 0.594771 0.803895
3
132.864 139.105
115.249 144.493
101.827 100.61
119.441 95.222
2
116.968 121.983
0 0 0.620578 0.784145
3
131.203 142.198
113.276 146.431
102.732 101.768
120.659 97.5361
2
116.453 124.08
0 0 0.645729 0.763566
3
129.345 145.177
111.181 148.236
103.56 102.983
121.724 99.9243
2
115.803 126.139
0 0 0.670199 0.742182
3
127.298 148.029
108.973 149.902
104.308 104.249
122.632 102.377
2
115.021 128.152
0 0 0.693961 0.720013
3
125.069 150.742
106.662 151.42
104.972 105.562
123.379 104.883
2
114.109 130.109
0 0 0.716989 0.697084
3
122.67 153.304
104.257 152.786
105.549 106.914
123.961 107.432
2
113.073 132.003
0 0 0.739261 0.673419
3
120.108 155.705
101.768 153.992
106.037 108.301
124.377 110.014
2
111.915 133.826
0 0 0.760752 0.649043
3
117.397 157.935
99.2065 155.034
106.434 109.717
124.624 112.618
2
110.85 135.615
0 0 0.776789 0.629762
3
115.116 159.969
97.0942 156.16
106.584 111.262
124.606 115.071
2
110.446 137.527
0 0 0.776789 0.629762
3
114.712 161.88
96.6902 158.071
106.18 113.173
124.202 116.982
2
110.042 139.438
0 0 0.776789 0.629762
3
114.308 163.792
96.2862 159.983
105.776 115.085
123.798 118.894
2
109.638 141.35
0 0 0.776789 0.629762
3
113.904 165.703
95.8821 161.894
105.372 116.996
123.394 120.805
2
109.234 143.261
0 0 0.776789 0.629762
3
113.5 167.615
95.4781 163.806
104.968 118.908
122.99 122.717
2
108.83 145.173
0 0 0.776789 0.629762
3
113.096 169.526
95.074 165.717
104.564 120.819
122.586 124.628
2
108.426 147.084
0 0 0.776789 0.629762
3
112.692 171.438
94.67 167.629
104.16 122.731
122.182 126.54
2
108.022 148.996
0 0 0.776789 0.629762
3
112.288 173.349
94.266 169.54
103.756 124.642
121.778 128.451
2
107.618 150.907
0 0 0.776789 0.629762
3
111.884 175.261
93.8619 171.452
103.352 126.554
121.374 130.363
2
107.214 152.819
0 0 0.776789 0.629762
3
111.48 177.172
93.4579 173.363
102.948 128.465
120.97 132.274
2
106.81 154.73
0 0 0.776789 0.629762
3
111.076 179.084
93.0539 175.275
102.544 130.377
120.566 134.186
2
106.406 156.642
0 0 0.776789 0.629762
3
110.672 180.996
92.6498 177.186
102.14 132.288
120.162 136.098
2
106.002 158.553
0 0 0.776789 0.629762
3
110.268 182.907
92.2458 179.098
101.736 134.2
119.758 138.009
2
105.598 160.465
0 0 0.776789 0.629762
3
109.864 184.819
91.8417 181.009
101.332 136.111
119.354 139.921
2
105.194 162.376
0 0 0.776789 0.629762
3
109.46 186.73
91.4377 182.921
100.928 138.023
118.95 141.832
2
105.256 164.379
0 0 0.76646 0.642292
3
110.311 188.581
92.1749 185.359
100.202 140.177
118.338 143.399
2
104.915 166.302
0 0 0.76646 0.642292
3
109.969 190.505
91.8331 187.283
99.8602 142.1
117.996 145.322
2
104.573 168.226
0 0 0.76646 0.642292
3
109.627 192.428
91.4913 189.206
99.5185 144.024
117.654 147.246
2
104.98 170.251
0 0 0.746216 0.665704
3
111.522 194.095
93.2211 192.001
98.4378 146.408
116.738 148.502
2
105.511 172.248
0 0 0.725258 0.688477
3
113.515 195.64
95.1204 194.683
97.5066 148.855
115.902 149.813
2
106.165 174.207
0 0 0.703605 0.710591
3
115.601 197.06
97.182 197.242
96.7286 151.354
115.148 151.172
2
106.939 176.122
0 0 0.681278 0.732025
3
117.771 198.348
99.398 199.669
96.1067 153.897
114.479 152.576
2
107.829 177.986
0 0 0.658298 0.752757
3
120.015 199.499
101.76 201.954
95.6433 156.474
113.899 154.018
2
108.834 179.791
0 0 0.634688 0.772768
3
122.327 200.509
104.259 204.089
95.3402 159.074
113.409 155.494
2
109.948 181.531
0 0 0.61047 0.792039
3
124.697 201.374
106.884 206.065
95.1985 161.688
113.011 156.997
2
111.167 183.198
0 0 0.585667 0.810552
3
127.116 202.091
109.628 207.875
95.2187 164.306
112.707 158.522
2
112.488 184.787
0 0 0.560303 0.828288
3
129.575 202.657
112.478 209.511
95.4009 166.917
112.498 160.063
2
112.503 186.853
0 0 0.585667 0.810552
3
128.451 205.745
110.963 211.529
96.5541 167.96
114.043 162.176
2
113.116 188.708
0 0 0.585667 0.810552
3
129.065 207.6
111.576 213.384
97.1676 169.815
114.656 164.031
2
113.73 190.562
0 0 0.585667 0.810552
3
129.678 209.455
112.19 215.239
97.781 171.67
115.269 165.886
2
114.343 192.417
0 0 0.585667 0.810552
3
130.292 211.31
112.803 217.094
98.3945 173.525
115.883 167.741
2
115.664 194.006
0 0 0.560303 0.828288
3
132.75 211.876
115.653 218.731
98.5767 176.136
115.674 169.282
2
117.08 195.51
0 0 0.534403 0.84523
3
135.239 212.289
118.599 220.188
98.92 178.731
115.56 170.832
2
117.222 197.571
0 0 0.560303 0.828288
3
134.309 215.441
117.212 222.295
100.136 179.701
117.233 172.846
2
117.237 199.637
0 0 0.585667 0.810552
3
133.186 218.529
115.698 224.313
101.289 180.744
118.777 174.96
2
117.851 201.491
0 0 0.585667 0.810552
3
133.799 220.384
116.311 226.168
101.902 182.599
119.391 176.815
2
118.464 203.346
0 0 0.585667 0.810552
3
134.413 222.239
116.924 228.023
102.516 184.454
120.004 178.67
2
119.078 205.201
0 0 0.585667 0.810552
3
135.026 224.094
117.538 229.878
103.129 186.309
120.617 180.525
2
119.691 207.056
0 0 0.585667 0.810552
3
135.64 225.949
118.151 231.733
103.743 188.164
121.231 182.38
2
120.305 208.911
0 0 0.585667 0.810552
3
136.253 227.804
118.765 233.588
104.356 190.018
121.844 184.235
2
120.918 210.766
0 0 0.585667 0.810552
3
136.867 229.659
119.378 235.443
104.969 191.873
122.458 186.09
2
121.532 212.621
0 0 0.585667 0.810552
3
137.48 231.514
119.992 237.298
105.583 193.728
123.071 187.945
2
122.145 214.476
0 0 0.585667 0.810552
3
138.094 233.369
120.605 239.153
106.196 195.583
123.685 189.8
2
122.758 216.331
0 0 0.585667 0.810552
3
138.707 235.224
121.219 241.007
106.81 197.438
124.298 191.655
2
122.646 218.394
0 0 0.61047 0.792039
3
137.395 238.237
119.582 242.928
107.896 198.551
125.709 193.86
2
122.405 220.445
0 0 0.634688 0.772768
3
135.899 241.163
117.83 244.743
108.912 199.728
126.981 196.148
2
122.039 222.478
0 0 0.658298 0.752757
3
134.225 243.991
115.969 246.446
109.853 200.966
128.108 198.511
2
121.547 224.485
0 0 0.681278 0.732025
3
132.379 246.71
114.006 248.031
110.715 202.259
129.088 200.938
2
120.932 226.457
0 0 0.703605 0.710591
3
130.368 249.31
111.949 249.492
111.496 203.604
129.915 203.422
2
120.196 228.387
0 0 0.725258 0.688477
3
128.201 251.78
109.806 250.822
112.192 204.994
130.587 205.952
2
120.85 230.347
0 0 0.703605 0.710591
3
130.286 253.199
111.867 253.381
111.414 207.494
129.833 207.312
2
121.624 232.262
0 0 0.681278 0.732025
3
132.456 254.487
114.083 255.808
110.792 210.037
129.164 208.715
2
122.515 234.126
0 0 0.658298 0.752757
3
134.701 255.638
116.445 258.094
110.328 212.613
128.584 210.158
2
123.519 235.931
0 0 0.634688 0.772768
3
137.012 256.649
118.944 260.228
110.025 215.213
128.094 211.633
2
124.633 237.67
0 0 0.61047 0.792039
3
139.382 257.514
121.57 262.204
109.884 217.827
127.696 213.137
2
125.853 239.338
0 0 0.585667 0.810552
3
141.801 258.231
124.313 264.014
109.904 220.445
127.392 214.661
2
126.466 241.193
0 0 0.585667 0.810552
3
142.415 260.085
124.926 265.869
110.517 222.3
128.006 216.516
2
127.079 243.048
0 0 0.585667 0.810552
3
143.028 261.94
125.54 267.724
111.131 224.155
128.619 218.371
2
127.693 244.903
0 0 0.585667 0.810552
3
143.642 263.795
126.153 269.579
111.744 226.01
129.233 220.226
2
128.306 246.758
0 0 0.585667 0.810552
3
144.255 265.65
126.767 271.434
112.358 227.865
129.846 222.081
2
128.92 248.612
0 0 0.585667 0.810552
3
144.869 267.505
127.38 273.289
112.971 229.72
130.46 223.936
2
129.533 250.467
0 0 0.585667 0.810552
3
145.482 269.36
127.994 275.144
113.585 231.575
131.073 225.791
2
130.147 252.322
0 0 0.585667 0.810552
3
146.095 271.215
128.607 276.999
114.198 233.43
131.687 227.646
2
130.76 254.177
0 0 0.585667 0.810552
3
146.709 273.07
129.22 278.854
114.812 235.285
132.3 229.501
2
131.374 256.032
0 0 0.585667 0.810552
3
147.322 274.925
129.834 280.709
115.425 237.14
132.913 231.356
2
131.987 257.887
0 0 0.585667 0.810552
3
147.936 276.78
130.447 282.564
116.038 238.994
133.527 233.211
2
132.601 259.742
0 0 0.585667 0.810552
3
148.549 278.635
131.061 284.419
116.652 240.849
134.14 235.066
2
133.214 261.597
0 0 0.585667 0.810552
3
149.163 280.49
131.674 286.274
117.265 242.704
134.754 236.921
2
133.827 263.452
0 0 0.585667 0.810552
3
149.776 282.345
132.288 288.129
117.879 244.559
135.367 238.776
2
134.441 265.307
0 0 0.585667 0.810552
3
150.39 284.2
132.901 289.983
118.492 246.414
135.981 240.631
2
135.054 267.162
0 0 0.585667 0.810552
3
151.003 286.055
133.515 291.838
119.106 248.269
136.594 242.486
2
135.668 269.017
0 0 0.585667 0.810552
3
151.616 287.91
134.128 293.693
119.719 250.124
137.208 244.341
2
136.281 270.872
0 0 0.585667 0.810552
3
152.23 289.765
134.741 295.548
120.333 251.979
137.821 246.195
2
136.895 272.727
0 0 0.585667 0.810552
3
152.843 291.62
135.355 297.403
120.946 253.834
138.434 248.05
2
137.508 274.582
0 0 0.585667 0.810552
3
153.457 293.475
135.968 299.258
121.559 255.689
139.048 249.905
2
138.122 276.437
0 0 0.585667 0.810552
3
154.07 295.33
136.582 301.113
122.173 257.544
139.661 251.76
2
138.735 278.292
0 0 0.585667 0.810552
3
154.684 297.184
137.195 302.968
122.786 259.399
140.275 253.615
2
139.349 280.147
0 0 0.585667 0.810552
3
155.297 299.039
137.809 304.823
123.4 261.254
140.888 255.47
2
139.962 282.002
0 0 0.585667 0.810552
3
155.911 300.894
138.422 306.678
124.013 263.109
141.502 257.325
2
140.575 283.857
0 0 0.585667 0.810552
3
156.524 302.749
139.036 308.533
124.627 264.964
142.115 259.18
2
141.189 285.711
0 0 0.585667 0.810552
3
157.138 304.604
139.649 310.388
125.24 266.819
142.729 261.035
2
141.802 287.566
0 0 0.585667 0.810552
3
157.751 306.459
140.263 312.243
125.854 268.674
143.342 262.89
2
142.416 289.421
0 0 0.585667 0.810552
3
158.364 308.314
140.876 314.098
126.467 270.529
143.956 264.745
2
143.029 291.276
0 0 0.585667 0.810552
3
158.978 310.169
141.489 315.953
127.081 272.384
144.569 266.6
2
143.643 293.131
0 0 0.585667 0.810552
3
159.591 312.024
142.103 317.808
127.694 274.239
145.182 268.455
2
144.256 294.986
0 0 0.585667 0.810552
3
160.205 313.879
142.716 319.663
128.307 276.093
145.796 270.31
2
144.87 296.841
0 0 0.585667 0.810552
3
160.818 315.734
143.33 321.518
128.921 277.948
146.409 272.165
2
146.19 298.43
0 0 0.560303 0.828288
3
163.277 316.3
146.18 323.154
129.103 280.56
146.2 273.705
2
147.606 299.934
0 0 0.534403 0.84523
3
165.766 316.712
149.125 324.611
129.446 283.155
146.087 275.256
2
149.113 301.347
0 0 0.50799 0.861363
3
168.275 316.97
152.156 325.884
129.95 285.724
146.07 276.811
2
150.704 302.665
0 0 0.481091 0.876671
3
170.796 317.073
155.259 326.966
130.611 288.257
146.149 278.364
2
151.753 304.313
0 0 0.481091 0.876671
3
171.846 318.721
156.308 328.614
131.66 289.905
147.198 280.012
2
152.802 305.961
0 0 0.481091 0.876671
3
172.895 320.369
157.357 330.262
132.71 291.553
148.247 281.66
2
153.852 307.609
0 0 0.481091 0.876671
3
173.944 322.017
158.407 331.91
133.759 293.201
149.297 283.308
2
154.901 309.257
0 0 0.481091 0.876671
3
174.994 323.665
159.456 333.558
134.808 294.849
150.346 284.956
2
155.95 310.905
0 0 0.481091 0.876671
3
176.043 325.313
160.505 335.206
135.858 296.497
151.395 286.604
2
157 312.553
0 0 0.481091 0.876671
3
177.092 326.961
161.555 336.854
136.907 298.145
152.445 288.252
2
158.049 314.201
0 0 0.481091 0.876671
3
178.142 328.609
162.604 338.502
137.956 299.793
153.494 289.9
2
159.098 315.849
0 0 0.481091 0.876671
3
179.191 330.257
163.653 340.15
139.006 301.441
154.543 291.548
2
160.148 317.497
0 0 0.481091 0.876671
3
180.24 331.905
164.703 341.798
140.055 303.089
155.593 293.196
2
161.197 319.145
0 0 0.481091 0.876671
3
181.29 333.553
165.752 343.446
141.105 304.737
156.642 294.844
2
162.247 320.793
0 0 0.481091 0.876671
3
182.339 335.201
166.802 345.094
142.154 306.385
157.692 296.492
2
163.296 322.441
0 0 0.481091 0.876671
3
183.389 336.849
167.851 346.742
143.203 308.033
158.741 298.14
2
164.345 324.089
0 0 0.481091 0.876671
3
184.438 338.497
168.9 348.39
144.253 309.681
159.79 299.788
2
165.395 325.737
0 0 0.481091 0.876671
3
185.487 340.145
169.95 350.038
145.302 311.329
160.84 301.436
2
166.444 327.385
0 0 0.481091 0.876671
3
186.537 341.793
170.999 351.686
146.351 312.977
161.889 303.084
2
167.493 329.033
0 0 0.481091 0.876671
3
187.586 343.441
172.048 353.334
147.401 314.625
162.938 304.732
2
168.543 330.681
0 0 0.481091 0.876671
3
188.635 345.089
173.098 354.982
148.45 316.273
163.988 306.38
2
169.592 332.329
0 0 0.481091 0.876671
3
189.685 346.737
174.147 356.63
149.499 317.921
165.037 308.028
2
170.641 333.977
0 0 0.481091 0.876671
3
190.734 348.385
175.196 358.278
150.549 319.569
166.086 309.676
2
171.038 336.004
0 0 0.50799 0.861363
3
190.2 351.628
174.081 360.541
151.875 320.381
167.995 311.468
2
171.307 338.052
0 0 0.534403 0.84523
3
189.467 354.831
172.827 362.73
153.148 321.274
169.788 313.375
2
171.45 340.113
0 0 0.560303 0.828288
3
188.537 357.983
171.44 364.838
154.363 322.243
171.46 315.389
2
172.177 341.927
0 0 0.560303 0.828288
3
189.264 359.797
172.167 366.651
155.09 324.057
172.187 317.202
2
172.904 343.74
0 0 0.560303 0.828288
3
189.991 361.61
172.894 368.464
155.817 325.87
172.915 319.016
2
173.631 345.553
0 0 0.560303 0.828288
3
190.718 363.423
173.621 370.278
156.544 327.684
173.642 320.829
2
175.047 347.057
0 0 0.534403 0.84523
3
193.207 363.836
176.567 371.735
156.888 330.279
173.528 322.38
2
175.19 349.118
0 0 0.560303 0.828288
3
192.277 366.988
175.18 373.843
158.103 331.248
175.2 324.394
2
175.205 351.184
0 0 0.585667 0.810552
3
191.154 370.077
173.665 375.86
159.256 332.291
176.745 326.507
2
176.525 352.773
0 0 0.560303 0.828288
3
193.612 370.643
176.515 377.497
159.439 334.903
176.536 328.048
2
177.942 354.276
0 0 0.534403 0.84523
3
196.101 371.055
179.461 378.954
159.782 337.498
176.422 329.599
2
179.448 355.69
0 0 0.50799 0.861363
3
198.611 371.313
182.491 380.226
160.285 340.067
176.405 331.153
2
179.718 357.738
0 0 0.534403 0.84523
3
197.878 374.517
181.237 382.416
161.558 340.959
178.199 333.06
2
179.861 359.799
0 0 0.560303 0.828288
3
196.948 377.669
179.85 384.523
162.774 341.929
179.871 335.074
2
181.277 361.303
0 0 0.534403 0.84523
3
199.436 378.081
182.796 385.98
163.117 344.524
179.758 336.625
2
182.783 362.716
0 0 0.50799 0.861363
3
201.946 378.339
185.826 387.253
163.62 347.093
179.74 338.18
2
184.374 364.034
0 0 0.481091 0.876671
3
204.467 378.441
188.929 388.335
164.282 349.626
179.819 339.732
2
186.044 365.25
0 0 0.453731 0.891139
3
206.989 378.387
192.093 389.223
165.098 352.113
179.994 341.277
2
187.785 366.361
0 0 0.425937 0.904753
3
209.503 378.177
195.306 389.914
166.067 354.545
180.264 342.808
2
189.592 367.362
0 0 0.397734 0.917501
3
212 377.812
198.556 390.405
167.185 356.912
180.629 344.32
2
191.458 368.25
0 0 0.36915 0.92937
3
214.469 377.294
201.83 390.693
168.447 359.206
181.086 345.806
2
193.374 369.02
0 0 0.340213 0.940348
3
216.901 376.623
205.115 390.779
169.848 361.417
181.634 347.261
2
195.335 369.67
0 0 0.31095 0.950426
3
219.287 375.803
208.399 390.661
171.383 363.537
182.271 348.679
2
197.332 370.198
0 0 0.281389 0.959594
3
221.618 374.838
211.67 390.341
173.047 365.558
182.995 350.055
2
199.358 370.601
0 0 0.251559 0.967842
3
223.884 373.73
214.915 389.818
174.833 367.473
183.802 351.384
2
201.405 370.878
0 0 0.221488 0.975163
3
226.078 372.484
218.121 389.096
176.733 369.273
184.69 352.66
2
203.466 371.028
0 0 0.191204 0.98155
3
228.19 371.104
221.276 388.177
178.741 370.952
185.655 353.879
2
205.531 371.05
0 0 0.160737 0.986997
3
230.213 369.597
224.368 387.065
180.85 372.504
186.694 355.036
2
207.594 370.945
0 0 0.130117 0.991499
3
232.139 367.967
227.386 385.763
183.05 373.923
187.803 356.126
2
209.647 370.712
0 0 0.0993712 0.99505
3
233.96 366.221
230.317 384.277
185.334 375.202
188.976 357.146
2
211.681 370.352
0 0 0.0685307 0.997649
3
235.67 364.366
233.151 382.613
187.692 376.338
190.211 358.091
2
213.689 369.867
0 0 0.0376245 0.999292
3
237.262 362.409
235.877 380.777
190.117 377.326
191.502 358.958
2
215.663 369.259
0 0 0.00668229 0.999978
3
238.729 360.357
238.483 378.775
192.597 378.162
192.843 359.743
2
217.596 368.53
0 0 0.0242664 -0.999706
3
240.067 358.218
240.961 376.616
195.125 378.843
194.231 360.444
2
215.573 367.631
0 0 0.0551917 -0.998476
3
237.363 355.948
239.393 374.256
193.783 379.313
191.753 361.006
2
213.498 366.858
0 0 0.0860642 -0.99629
3
234.524 353.85
237.683 371.997
192.472 379.867
189.314 361.719
2
211.379 366.215
0 0 0.116854 -0.993149
3
231.56 351.931
235.835 369.848
191.199 380.5
186.923 362.583
2
209.688 367.644
0 0 0.0860642 -0.99629
3
230.713 354.635
233.872 372.782
188.662 380.652
185.503 362.505
2
207.911 368.964
0 0 0.0551917 -0.998476
3
229.701 357.282
231.731 375.589
186.12 380.647
184.09 362.339
