0
65 180
0
66 179
0
67 178
0
68 177
0
68 176
0
68 175
0
68 174
0
69 173
0
70 172
0
71 171
0
72 170
0
73 169
0
73 168
0
73 167
0
74 166
0
75 165
0
75 164
0
75 163
0
75 162
0
75 161
0
75 160
0
75 159
0
75 158
0
75 157
0
75 156
0
75 155
0
75 154
0
75 153
0
75 152
0
75 151
0
75 150
0
75 149
0
75 148
0
75 147
0
75 146
0
75 145
0
75 144
0
75 143
0
75 142
0
75 141
0
75 140
0
75 139
0
75 138
0
75 137
0
75 136
0
75 135
0
75 134
0
75 133
0
75 132
0
75 131
0
75 130
0
75 129
0
75 128
0
75 127
0
75 126
0
75 125
0
75 124
0
75 123
0
75 122
0
75 121
0
75 120
0
75 119
0
75 118
0
75 117
0
75 116
0
75 115
0
75 114
0
75 113
0
75 112
0
75 111
0
75 110
0
75 109
0
75 108
0
75 107
0
75 106
0
75 105
0
75 104
0
75 103
0
75 102
0
75 101
0
75 100
0
75 99
0
75 98
0
75 97
0
75 96
0
75 95
0
75 94
0
75 93
0
75 92
0
75 91
0
75 90
0
75 89
0
75 88
0
75 87
0
75 86
0
75 85
0
75 84
0
75 83
0
75 82
0
75 81
0
75 80
0
75 79
0
75 78
0
75 77
0
75 76
0
75 75
0
75 74
0
75 73
0
75 72
0
75 71
0
75 70
0
75 69
0
75 68
0
75 67
0
75 66
0
75 65
0
75 64
0
75 63
0
75 62
0
75 61
0
76 60
0
76 59
0
76 58
0
76 57
0
76 56
0
77 55
0
77 54
0
78 53
0
79 52
0
80 51
0
81 50
0
82 50
0
83 49
0
84 49
0
85 48
0
86 48
0
87 48
0
88 48
0
89 48
0
90 48
0
91 48
0
92 48
0
93 48
0
94 48
0
95 48
0
96 48
0
97 48
0
98 48
0
99 48
0
100 48
0
101 48
0
102 48
0
103 48
0
104 48
0
105 48
0
106 48
0
107 48
0
108 48
0
109 48
0
110 48
0
111 48
0
112 48
0
113 48
0
114 48
0
115 48
0
116 48
0
117 48
0
118 48
0
119 48
0
120 48
0
121 48
0
122 48
0
123 48
0
124 48
0
125 48
0
126 48
0
127 48
0
128 48
0
129 48
0
130 48
0
131 48
0
132 48
0
133 48
0
134 48
0
135 48
0
136 48
0
137 48
0
138 48
0
139 48
0
140 48
0
141 48
0
142 48
0
143 48
0
144 48
0
145 48
0
146 48
0
147 48
0
148 48
0
149 48
0
150 48
0
151 48
0
152 48
0
153 48
0
154 48
0
155 48
0
156 48
0
157 48
0
158 48
0
159 48
0
160 48
0
161 48
0
162 48
0
163 48
0
164 48
0
165 48
0
166 48
0
167 48
0
168 48
0
169 48
0
170 48
0
171 48
0
172 48
0
173 48
0
174 48
0
175 48
0
176 48
0
177 48
0
178 48
0
179 48
0
180 48
0
181 48
0
182 48
0
183 48
0
184 48
0
185 48
0
186 48
0
187 48
0
188 48
0
189 48
0
190 48
0
191 48
0
192 49
0
193 49
0
194 50
0
195 50
0
196 51
0
197 52
0
198 53
0
198 54
0
199 55
0
200 56
0
200 57
0
200 58
0
200 59
0
200 60
0
200 61
0
200 62
0
200 63
0
200 64
0
200 65
0
201 66
0
201 67
0
201 68
0
201 69
0
201 70
0
201 71
0
201 72
0
201 73
0
201 74
0
201 75
0
201 76
0
201 77
0
201 78
0
201 79
0
201 80
0
201 81
0
201 82
0
201 83
0
201 84
0
201 85
0
201 86
0
201 87
0
201 88
0
201 89
0
201 90
0
201 91
0
201 92
0
201 93
0
201 94
0
201 95
0
201 96
0
201 97
0
201 98
0
201 99
0
201 100
0
200 101
0
200 102
0
200 103
0
200 104
0
200 105
0
200 106
0
200 107
0
200 108
0
200 109
0
200 110
0
200 111
0
199 112
0
198 113
0
198 114
0
197 115
0
196 116
0
195 116
0
194 117
0
193 118
0
192 118
0
191 118
0
190 119
0
189 119
0
188 119
0
187 119
0
186 119
0
185 119
0
184 119
0
183 119
0
182 119
0
181 119
0
180 119
0
179 119
0
178 119
0
177 119
0
176 119
0
175 119
0
174 119
0
173 119
0
172 119
0
171 119
0
170 119
0
169 119
0
168 119
0
167 119
0
166 119
0
165 119
0
164 119
0
163 119
0
162 119
0
161 119
0
160 119
0
159 119
0
158 119
0
157 119
0
156 119
0
155 119
0
154 119
0
153 119
0
152 119
0
151 120
0
150 120
1
65 180 4.71
1
65.1162 178.05 4.6481
1
65.1115 176.096 4.5862
1
64.986 174.146 4.52429
1
64.7401 172.208 4.46239
1
64.3748 170.289 4.40049
1
63.8914 168.396 4.33859
1
63.2919 166.536 4.27669
1
62.5785 164.717 4.21478
1
61.7539 162.946 4.15288
1
60.8213 161.229 4.09098
1
59.7843 159.574 4.02908
1
58.6469 157.985 3.96718
1
57.322 156.549 3.96718
1
55.9971 155.113 3.96718
1
54.6722 153.677 3.96718
1
53.3473 152.241 3.96718
1
52.0224 150.806 3.96718
1
50.6975 149.37 3.96718
1
49.3726 147.934 3.96718
1
48.0477 146.498 3.96718
1
46.7228 145.062 3.96718
1
45.3979 143.626 3.96718
1
44.073 142.19 3.96718
1
42.7482 140.754 3.96718
1
41.337 139.403 4.02908
1
40.0121 137.967 4.09098
1
38.7785 136.452 4.15288
1
37.6411 134.864 4.21478
1
36.6041 133.208 4.27669
1
35.8907 131.389 4.21478
1
35.0661 129.618 4.15288
1
33.9287 128.029 4.21478
1
32.8917 126.373 4.27669
1
31.9591 124.656 4.33859
1
31.1345 122.885 4.40049
1
30.535 121.026 4.40049
1
29.9355 119.166 4.40049
1
29.3359 117.307 4.40049
1
28.7364 115.447 4.40049
1
28.1368 113.588 4.40049
1
27.5373 111.728 4.40049
1
26.9378 109.869 4.40049
1
26.3382 108.009 4.40049
1
25.7387 106.15 4.40049
1
25.1391 104.29 4.40049
1
24.4257 102.472 4.46239
1
23.8262 100.612 4.52429
1
23.3428 98.719 4.5862
1
22.9775 96.7997 4.6481
1
22.9728 94.846 4.5862
1
22.8473 92.8963 4.52429
1
22.3639 91.0033 4.5862
1
21.9986 89.084 4.6481
1
21.7527 87.1458 4.71
1
21.6272 85.1961 4.7719
1
21.6225 83.2423 4.8338
1
21.7387 81.292 4.89571
1
21.9754 79.3526 4.95761
1
22.3315 77.4316 5.01951
1
22.8058 75.5363 5.08141
1
23.3965 73.674 5.14331
1
24.1012 71.8518 5.20522
1
24.9173 70.0766 5.26712
1
25.9464 68.4159 5.26712
1
26.9754 66.7551 5.26712
1
27.8998 65.0338 5.32902
1
28.9289 63.3731 5.39092
1
30.0587 61.7791 5.45282
1
31.285 60.2582 5.51473
1
32.603 58.8159 5.57663
1
34.0077 57.458 5.63853
1
35.4937 56.1896 5.70043
1
37.0554 55.0156 5.76233
1
38.6867 53.9404 5.82424
1
40.3813 52.9682 5.88614
1
42.1329 52.1026 5.94804
1
43.9347 51.3471 6.00994
1
45.7797 50.7045 6.07185
1
47.661 50.1773 6.13375
1
49.5713 49.7675 6.19565
1
51.5033 49.4766 6.25755
1
53.4564 49.4265 6.25755
1
55.4095 49.3764 6.25755
1
57.3626 49.3264 6.25755
1
59.3157 49.2763 6.25755
1
61.2688 49.2262 6.25755
1
63.2219 49.1761 6.25755
1
65.175 49.1261 6.25755
1
67.1281 49.076 6.25755
1
69.0812 49.0259 6.25755
1
71.0343 48.9758 6.25755
1
72.9875 48.9258 6.25755
1
74.9406 48.8757 6.25755
1
76.8937 48.8256 6.25755
1
78.8468 48.7755 6.25755
1
80.7999 48.7254 6.25755
1
82.753 48.6754 6.25755
1
84.7061 48.6253 6.25755
1
86.6592 48.5752 6.25755
1
88.6123 48.5251 6.25755
1
90.5654 48.4751 6.25755
1
92.5186 48.425 6.25755
1
94.4717 48.3749 6.25755
1
96.4248 48.3248 6.25755
1
98.3779 48.2748 6.25755
1
100.331 48.2247 6.25755
1
102.284 48.1746 6.25755
1
104.237 48.1245 6.25755
1
106.19 48.0745 6.25755
1
108.143 48.0244 6.25755
1
110.097 47.9743 6.25755
1
112.05 47.9242 6.25755
1
114.003 47.8742 6.25755
1
115.956 47.8241 6.25755
1
117.909 47.774 6.25755
1
119.862 47.7239 6.25755
1
121.815 47.6739 6.25755
1
123.761 47.5031 0.0362679
1
125.714 47.5739 0.0362679
1
127.666 47.6447 0.0362679
1
129.619 47.7156 0.0362679
1
131.563 47.9071 6.25755
1
133.516 47.857 6.25755
1
135.469 47.8069 6.25755
1
137.423 47.7568 6.25755
1
139.376 47.7068 6.25755
1
141.329 47.6567 6.25755
1
143.282 47.6066 6.25755
1
145.235 47.5565 6.25755
1
147.188 47.5065 6.25755
1
149.141 47.4564 6.25755
1
151.094 47.4063 6.25755
1
153.047 47.3562 6.25755
1
155.001 47.3062 6.25755
1
156.954 47.2561 6.25755
1
158.907 47.206 6.25755
1
160.86 47.1559 6.25755
1
162.813 47.1059 6.25755
1
164.766 47.0558 6.25755
1
166.719 47.0057 6.25755
1
168.672 46.9556 6.25755
1
170.625 46.9056 6.25755
1
172.579 46.8555 6.25755
1
174.532 46.8054 6.25755
1
176.485 46.7553 6.25755
1
178.431 46.5845 0.0362679
1
180.384 46.5345 0.09817
1
182.337 46.6053 0.160072
1
184.281 46.7968 0.221974
1
186.21 47.1082 0.283876
1
188.116 47.5383 0.345778
1
189.991 48.0855 0.40768
1
191.829 48.7477 0.469582
1
193.571 49.6318 0.469582
1
195.365 50.4064 0.531484
1
197.107 51.2905 0.593387
1
198.792 52.2807 0.655289
1
200.411 53.3732 0.717191
1
201.96 54.5638 0.779093
1
203.433 55.8479 0.840995
1
204.823 57.2207 0.902897
1
206.126 58.6768 0.964799
1
207.336 60.2108 1.0267
1
208.449 61.8166 1.0886
1
209.46 63.4883 1.1505
1
210.366 65.2192 1.21241
1
211.163 67.003 1.27431
1
211.848 68.8326 1.33621
1
212.419 70.7011 1.39811
1
212.873 72.6013 1.46002
1
213.209 74.526 1.52192
1
213.425 76.4678 1.58382
1
213.52 78.4192 1.64572
1
213.495 80.3728 1.70762
1
213.349 82.321 1.76953
1
213.082 84.2565 1.83143
1
212.697 86.1718 1.89333
1
212.193 88.0596 1.95523
1
211.35 89.8219 1.89333
1
210.617 91.6331 1.83143
1
209.998 93.4861 1.76953
1
209.494 95.3739 1.70762
1
209.109 97.2892 1.64572
1
208.842 99.2247 1.58382
1
208.696 101.173 1.52192
1
208.791 103.124 1.52192
1
208.887 105.076 1.52192
1
208.982 107.027 1.52192
1
208.957 108.981 1.46002
1
209.052 110.932 1.39811
1
209.268 112.874 1.33621
1
209.604 114.799 1.27431
1
210.058 116.699 1.21241
1
210.629 118.567 1.1505
1
211.314 120.397 1.0886
1
212.111 122.181 1.0267
1
213.017 123.912 0.964799
1
214.029 125.583 0.902897
1
215.142 127.189 0.840995
1
216.352 128.723 0.779093
1
217.654 130.179 0.717191
1
216.264 128.806 0.655289
1
214.792 127.522 0.593387
1
213.242 126.332 0.531484
1
211.623 125.239 0.469582
1
209.938 124.249 0.40768
1
208.196 123.365 0.345778
1
206.403 122.59 0.283876
1
204.564 121.928 0.221974
1
202.689 121.381 0.160072
1
200.783 120.951 0.09817
1
198.854 120.639 0.0362679
1
196.91 120.448 6.25755
1
194.958 120.377 6.19565
1
193.004 120.427 6.13375
1
191.058 120.598 6.07185
1
189.177 121.125 6.13375
1
187.267 121.535 6.19565
1
185.335 121.826 6.25755
1
183.388 121.997 0.0362679
1
181.436 121.926 0.0362679
1
179.483 121.855 0.0362679
1
177.531 121.784 0.0362679
1
175.578 121.713 0.0362679
1
173.626 121.642 0.0362679
1
171.674 121.572 0.0362679
1
169.721 121.501 0.0362679
1
167.769 121.43 0.0362679
1
165.816 121.359 0.0362679
1
163.864 121.288 0.0362679
1
161.911 121.217 0.0362679
1
159.959 121.147 0.0362679
1
158.006 121.076 0.0362679
1
156.054 121.005 0.0362679
1
154.101 120.934 0.0362679
1
152.157 120.743 6.25755
2
64.9662 165.845
0 0 0.707951 -0.706262
3
55.7014 142.922
74.1213 142.878
74.231 188.768
55.811 188.812
2
64.2068 163.924
0 0 0.729468 -0.684015
3
53.5417 141.618
71.9236 140.435
74.8719 186.23
56.49 187.413
2
63.33 162.054
0 0 0.750286 -0.661113
3
51.3054 140.45
69.579 138.132
75.3546 183.657
57.0811 185.975
2
62.3392 160.241
0 0 0.770386 -0.637578
3
49.0012 139.423
67.0963 135.978
75.6772 181.059
57.5821 184.503
2
61.2381 158.493
0 0 0.789747 -0.613432
3
46.6378 138.54
64.4852 133.983
75.8385 178.446
57.9911 183.003
2
60.0311 156.817
0 0 0.808352 -0.588699
3
44.2244 137.805
61.7557 132.152
75.8378 175.828
58.3065 181.481
2
58.7226 155.218
0 0 0.826183 -0.563402
3
41.7701 137.221
58.9181 130.495
75.6752 173.216
58.5271 179.942
2
57.3178 153.704
0 0 0.843222 -0.537565
3
39.2844 136.789
55.9834 129.015
75.3512 170.618
58.6521 178.392
2
55.822 152.279
0 0 0.859454 -0.511213
3
36.7767 136.513
52.9629 127.72
74.8672 168.045
58.681 176.838
2
54.2408 150.95
0 0 0.874862 -0.484371
3
34.2567 136.392
49.868 126.615
74.225 165.507
58.6137 175.284
2
52.5805 149.721
0 0 0.889433 -0.457066
3
31.7341 136.427
46.7106 125.703
73.427 163.014
58.4504 173.738
2
50.8474 148.597
0 0 0.903151 -0.429322
3
29.2185 136.618
43.5029 124.988
72.4762 160.575
58.1918 172.205
2
49.048 147.582
0 0 0.916005 -0.401168
3
26.7195 136.964
40.2571 124.473
71.3765 158.2
57.8388 170.691
2
47.7231 146.146
0 0 0.916005 -0.401168
3
25.3946 135.528
38.9322 123.037
70.0516 156.764
56.5139 169.255
2
46.3982 144.71
0 0 0.916005 -0.401168
3
24.0697 134.092
37.6073 121.601
68.7267 155.328
55.189 167.819
2
45.0733 143.274
0 0 0.916005 -0.401168
3
22.7448 132.656
36.2824 120.165
67.4018 153.892
53.8641 166.383
2
43.7484 141.838
0 0 0.916005 -0.401168
3
21.4199 131.221
34.9576 118.729
66.0769 152.456
52.5392 164.947
2
42.4235 140.402
0 0 0.916005 -0.401168
3
20.095 129.785
33.6327 117.294
64.752 151.02
51.2143 163.511
2
41.0986 138.967
0 0 0.916005 -0.401168
3
18.7701 128.349
32.3078 115.858
63.4271 149.584
49.8894 162.075
2
39.7737 137.531
0 0 0.916005 -0.401168
3
17.4452 126.913
30.9829 114.422
62.1022 148.148
48.5645 160.639
2
38.4488 136.095
0 0 0.916005 -0.401168
3
16.1203 125.477
29.658 112.986
60.7773 146.712
47.2397 159.204
2
37.1239 134.659
0 0 0.916005 -0.401168
3
14.7954 124.041
28.3331 111.55
59.4524 145.277
45.9148 157.768
2
35.799 133.223
0 0 0.916005 -0.401168
3
13.4705 122.605
27.0082 110.114
58.1275 143.841
44.5899 156.332
2
34.4741 131.787
0 0 0.916005 -0.401168
3
12.1456 121.169
25.6833 108.678
56.8026 142.405
43.265 154.896
2
33.1492 130.351
0 0 0.916005 -0.401168
3
10.8208 119.733
24.3584 107.242
55.4777 140.969
41.9401 153.46
2
32.4 128.426
0 0 0.903151 -0.429322
3
10.7711 116.447
25.0556 104.818
54.0289 140.405
39.7444 152.034
2
31.7713 126.458
0 0 0.889433 -0.457066
3
10.9249 113.165
25.9014 102.441
52.6177 139.752
37.6412 150.476
2
31.2655 124.455
0 0 0.874862 -0.484371
3
11.2814 109.898
26.8927 100.121
51.2496 139.013
35.6384 148.79
2
30.8846 122.425
0 0 0.859454 -0.511213
3
11.8394 106.659
28.0255 97.8666
49.9299 138.191
33.7437 146.984
2
30.63 120.375
0 0 0.843222 -0.537565
3
12.5966 103.461
29.2957 95.6868
48.6635 137.289
31.9644 145.064
2
29.1342 118.95
0 0 0.859454 -0.511213
3
10.0889 103.184
26.2751 94.3919
48.1794 134.717
31.9933 143.509
2
27.5531 117.621
0 0 0.874862 -0.484371
3
7.56897 103.063
23.1802 93.2864
47.5372 132.179
31.9259 141.956
2
27.1722 115.591
0 0 0.859454 -0.511213
3
8.12692 99.8245
24.3131 91.0322
46.2174 131.357
30.0313 140.149
2
26.9176 113.541
0 0 0.843222 -0.537565
3
8.88416 96.6265
25.5832 88.8524
44.951 130.455
28.252 138.229
2
26.7903 111.479
0 0 0.826183 -0.563402
3
9.83779 93.4815
26.9858 86.7553
43.7429 129.476
26.5948 136.203
2
26.7908 109.413
0 0 0.808352 -0.588699
3
10.9841 90.4015
28.5154 84.749
42.5975 128.425
25.0663 134.077
2
26.1913 107.554
0 0 0.808352 -0.588699
3
10.3846 88.542
27.9159 82.8895
41.998 126.565
24.4667 132.218
2
25.5918 105.694
0 0 0.808352 -0.588699
3
9.78506 86.6825
27.3163 81.03
41.3985 124.706
23.8672 130.358
2
24.9922 103.835
0 0 0.808352 -0.588699
3
9.18552 84.823
26.7168 79.1705
40.7989 122.846
23.2676 128.499
2
24.3927 101.975
0 0 0.808352 -0.588699
3
8.58598 82.9635
26.1173 77.311
40.1994 120.987
22.6681 126.639
2
23.7931 100.116
0 0 0.808352 -0.588699
3
7.98644 81.104
25.5177 75.4516
39.5998 119.127
22.0686 124.78
2
23.1936 98.2563
0 0 0.808352 -0.588699
3
7.3869 79.2445
24.9182 73.5921
39.0003 117.268
21.469 122.92
2
22.5941 96.3968
0 0 0.808352 -0.588699
3
6.78736 77.3851
24.3186 71.7326
38.4008 115.408
20.8695 121.061
2
21.9945 94.5373
0 0 0.808352 -0.588699
3
6.18782 75.5256
23.7191 69.8731
37.8012 113.549
20.2699 119.201
2
21.395 92.6778
0 0 0.808352 -0.588699
3
5.58828 73.6661
23.1196 68.0136
37.2017 111.69
19.6704 117.342
2
20.7954 90.8183
0 0 0.808352 -0.588699
3
4.98874 71.8066
22.52 66.1541
36.6021 109.83
19.0709 115.483
2
20.9237 88.7566
0 0 0.789747 -0.613432
3
6.32344 68.8034
24.1708 64.2463
35.5241 108.71
17.6767 113.267
2
21.1794 86.7067
0 0 0.770386 -0.637578
3
7.84136 65.8886
25.9365 62.4442
34.5173 107.525
16.4222 110.969
2
21.5613 84.6766
0 0 0.750286 -0.661113
3
9.5367 63.0732
27.8102 60.7549
33.5859 106.28
15.3123 108.598
2
22.0681 82.674
0 0 0.729468 -0.684015
3
11.403 60.3681
29.7849 59.1847
32.7332 104.98
14.3512 106.163
2
21.1913 80.8036
0 0 0.750286 -0.661113
3
9.1667 59.2002
27.4402 56.8819
33.2159 102.407
14.9423 104.725
2
20.2005 78.991
0 0 0.770386 -0.637578
3
6.86249 58.1728
24.9576 54.7285
33.5385 99.8091
15.4434 103.253
2
20.5824 76.9608
0 0 0.750286 -0.661113
3
8.55782 55.3574
26.8314 53.0391
32.607 98.5642
14.3335 100.883
2
21.0892 74.9582
0 0 0.729468 -0.684015
3
10.4241 52.6523
28.806 51.4689
31.7543 97.2641
13.3724 98.4475
2
21.7189 72.9908
0 0 0.707951 -0.706262
3
12.4541 50.0679
30.8741 50.0239
30.9837 95.9137
12.5637 95.9577
2
22.4691 71.0661
0 0 0.685756 -0.727832
3
14.6401 47.6139
33.0275 48.7095
30.2981 94.5183
11.9107 93.4227
2
23.3369 69.1915
0 0 0.662904 -0.748705
3
16.9738 45.2999
35.2582 47.5309
29.7001 93.0831
11.4157 90.8521
2
24.3191 67.3742
0 0 0.639417 -0.76886
3
19.4461 43.1347
37.5574 46.4926
29.1921 91.6136
11.0807 88.2558
2
25.4118 65.6211
0 0 0.615317 -0.788279
3
22.0476 41.1266
39.9166 45.5984
28.7759 90.1156
10.9069 85.6438
2
26.6108 63.939
0 0 0.590629 -0.806944
3
24.7684 39.2833
42.3265 44.852
28.4532 88.5947
10.8951 83.026
2
27.9116 62.3342
0 0 0.565374 -0.824835
3
27.598 37.6118
44.7779 44.256
28.2252 87.0567
11.0452 80.4125
2
29.3092 60.8131
0 0 0.539578 -0.841936
3
30.5256 36.1186
47.2616 43.8128
28.0928 85.5075
11.3568 77.8133
2
30.7982 59.3812
0 0 0.513265 -0.85823
3
33.5399 34.8093
49.7679 43.5241
28.0565 83.9532
11.8285 75.2383
2
32.3729 58.0443
0 0 0.48646 -0.873703
3
36.6295 33.689
52.2873 43.3911
28.1164 82.3995
12.4586 72.6975
2
33.402 56.3835
0 0 0.48646 -0.873703
3
37.6585 32.0282
53.3163 41.7303
29.1455 80.7388
13.4877 71.0367
2
34.4311 54.7227
0 0 0.48646 -0.873703
3
38.6876 30.3675
54.3454 40.0695
30.1745 79.078
14.5167 69.3759
2
36.0855 53.4857
0 0 0.459189 -0.888338
3
41.8406 29.4405
56.8682 40.0926
30.3304 77.531
15.3028 66.8789
2
37.8133 52.3535
0 0 0.431479 -0.902123
3
45.0448 28.7103
59.3847 40.2716
30.5817 75.9967
16.2419 64.4354
2
39.6078 51.3303
0 0 0.403355 -0.915044
3
48.2881 28.1797
61.8853 40.606
30.9275 74.4808
17.3303 62.0545
2
41.4622 50.42
0 0 0.374845 -0.927088
3
51.558 27.8508
64.3604 41.0945
31.3663 72.9893
18.5639 59.7456
2
43.3693 49.6263
0 0 0.345976 -0.938244
3
54.842 27.7248
66.8006 41.7351
31.8966 71.5277
19.938 57.5174
2
45.3219 48.952
0 0 0.316775 -0.948501
3
58.1275 27.8022
69.1965 42.5254
32.5163 70.1018
21.4473 55.3785
2
47.3125 48.3998
0 0 0.287271 -0.957849
3
61.4019 28.0827
71.5389 43.4625
33.223 68.7169
23.086 53.3371
2
49.3334 47.9718
0 0 0.257491 -0.966281
3
64.6527 28.5652
73.8188 44.5427
34.014 67.3784
24.8479 51.4009
2
51.3769 47.6696
0 0 0.227466 -0.973786
3
67.8674 29.2479
76.0276 45.7618
34.8863 66.0913
26.7262 49.5775
2
53.4352 47.4945
0 0 0.197222 -0.980359
3
71.0338 30.1282
78.1567 47.1153
35.8366 64.8607
28.7137 47.8737
2
55.5004 47.447
0 0 0.166789 -0.985993
3
74.1396 31.2027
80.198 48.5978
36.8612 63.6913
30.8027 46.2961
2
57.5645 47.5273
0 0 0.136197 -0.990682
3
77.1729 32.4672
82.1437 50.2038
37.9561 62.5875
32.9854 44.8508
2
59.6198 47.7352
0 0 0.105474 -0.994422
3
80.1223 33.917
83.9863 51.9271
39.1173 61.5535
35.2533 43.5433
2
61.6582 48.0699
0 0 0.0746496 -0.99721
3
82.9763 35.5464
85.7187 53.7611
40.3402 60.5933
37.5977 42.3786
2
63.6721 48.53
0 0 0.0437541 -0.999042
3
85.724 37.3493
87.3344 55.6988
41.6201 59.7107
40.0098 41.3612
2
65.6536 49.1138
0 0 0.0128167 -0.999918
3
88.355 39.3187
88.8271 57.7326
42.9522 58.9089
42.4801 40.4949
2
67.6067 49.0637
0 0 0.0128167 -0.999918
3
90.3081 39.2686
90.7802 57.6826
44.9053 58.8588
44.4332 40.4448
2
69.5598 49.0136
0 0 0.0128167 -0.999918
3
92.2612 39.2185
92.7333 57.6325
46.8584 58.8087
46.3863 40.3948
2
71.5129 48.9635
0 0 0.0128167 -0.999918
3
94.2143 39.1685
94.6865 57.5824
48.8115 58.7586
48.3394 40.3447
2
73.466 48.9135
0 0 0.0128167 -0.999918
3
96.1674 39.1184
96.6396 57.5323
50.7646 58.7086
50.2925 40.2946
2
75.4192 48.8634
0 0 0.0128167 -0.999918
3
98.1205 39.0683
98.5927 57.4823
52.7178 58.6585
52.2456 40.2445
2
77.3723 48.8133
0 0 0.0128167 -0.999918
3
100.074 39.0182
100.546 57.4322
54.6709 58.6084
54.1987 40.1945
2
79.3254 48.7632
0 0 0.0128167 -0.999918
3
102.027 38.9682
102.499 57.3821
56.624 58.5583
56.1518 40.1444
2
81.2785 48.7132
0 0 0.0128167 -0.999918
3
103.98 38.9181
104.452 57.332
58.5771 58.5083
58.105 40.0943
2
83.2316 48.6631
0 0 0.0128167 -0.999918
3
105.933 38.868
106.405 57.282
60.5302 58.4582
60.0581 40.0442
2
85.1847 48.613
0 0 0.0128167 -0.999918
3
107.886 38.8179
108.358 57.2319
62.4833 58.4081
62.0112 39.9942
2
87.1378 48.5629
0 0 0.0128167 -0.999918
3
109.839 38.7679
110.311 57.1818
64.4364 58.358
63.9643 39.9441
2
89.0909 48.5129
0 0 0.0128167 -0.999918
3
111.792 38.7178
112.264 57.1317
66.3895 58.3079
65.9174 39.894
2
91.044 48.4628
0 0 0.0128167 -0.999918
3
113.745 38.6677
114.218 57.0817
68.3426 58.2579
67.8705 39.8439
2
92.9971 48.4127
0 0 0.0128167 -0.999918
3
115.699 38.6176
116.171 57.0316
70.2957 58.2078
69.8236 39.7938
2
94.9502 48.3626
0 0 0.0128167 -0.999918
3
117.652 38.5676
118.124 56.9815
72.2488 58.1577
71.7767 39.7438
2
96.9034 48.3126
0 0 0.0128167 -0.999918
3
119.605 38.5175
120.077 56.9314
74.202 58.1076
73.7298 39.6937
2
98.8565 48.2625
0 0 0.0128167 -0.999918
3
121.558 38.4674
122.03 56.8814
76.1551 58.0576
75.6829 39.6436
2
100.81 48.2124
0 0 0.0128167 -0.999918
3
123.511 38.4173
123.983 56.8313
78.1082 58.0075
77.636 39.5935
2
102.763 48.1623
0 0 0.0128167 -0.999918
3
125.464 38.3673
125.936 56.7812
80.0613 57.9574
79.5892 39.5435
2
104.716 48.1123
0 0 0.0128167 -0.999918
3
127.417 38.3172
127.889 56.7311
82.0144 57.9073
81.5423 39.4934
2
106.669 48.0622
0 0 0.0128167 -0.999918
3
129.37 38.2671
129.842 56.681
83.9675 57.8573
83.4954 39.4433
2
108.622 48.0121
0 0 0.0128167 -0.999918
3
131.323 38.217
131.796 56.631
85.9206 57.8072
85.4485 39.3932
2
110.575 47.962
0 0 0.0128167 -0.999918
3
133.277 38.1669
133.749 56.5809
87.8737 57.7571
87.4016 39.3432
2
112.528 47.912
0 0 0.0128167 -0.999918
3
135.23 38.1169
135.702 56.5308
89.8268 57.707
89.3547 39.2931
2
114.481 47.8619
0 0 0.0128167 -0.999918
3
137.183 38.0668
137.655 56.4807
91.7799 57.657
91.3078 39.243
2
116.434 47.8118
0 0 0.0128167 -0.999918
3
139.136 38.0167
139.608 56.4307
93.7331 57.6069
93.2609 39.1929
2
118.388 47.7617
0 0 0.0128167 -0.999918
3
141.089 37.9666
141.561 56.3806
95.6862 57.5568
95.214 39.1429
2
120.341 47.7117
0 0 0.0128167 -0.999918
3
143.042 37.9166
143.514 56.3305
97.6393 57.5067
97.1671 39.0928
2
122.294 47.6616
0 0 0.0128167 -0.999918
3
144.995 37.8665
145.467 56.2804
99.5924 57.4567
99.1203 39.0427
2
124.247 47.6115
0 0 0.0128167 -0.999918
3
146.948 37.8164
147.42 56.2304
101.545 57.4066
101.073 38.9926
2
126.2 47.5614
0 0 0.0128167 -0.999918
3
148.901 37.7663
149.374 56.1803
103.499 57.3565
103.026 38.9426
2
128.153 47.5114
0 0 0.0128167 -0.999918
3
150.855 37.7163
151.327 56.1302
105.452 57.3064
104.98 38.8925
2
130.106 47.4613
0 0 0.0128167 -0.999918
3
152.808 37.6662
153.28 56.0801
107.405 57.2564
106.933 38.8424
2
132.059 47.4112
0 0 0.0128167 -0.999918
3
154.761 37.6161
155.233 56.0301
109.358 57.2063
108.886 38.7923
2
134.012 47.3611
0 0 0.0128167 -0.999918
3
156.714 37.566
157.186 55.98
111.311 57.1562
110.839 38.7423
2
135.966 47.3111
0 0 0.0128167 -0.999918
3
158.667 37.516
159.139 55.9299
113.264 57.1061
112.792 38.6922
2
137.907 48.0163
0 0 0.018133 0.999836
3
161.171 39.6444
160.503 58.0522
114.643 56.3883
115.311 37.9804
2
139.86 48.0872
0 0 0.018133 0.999836
3
163.123 39.7152
162.456 58.1231
116.596 56.4591
117.264 38.0512
2
141.812 48.158
0 0 0.018133 0.999836
3
165.076 39.786
164.408 58.1939
118.548 56.53
119.216 38.1221
2
143.765 48.2288
0 0 0.018133 0.999836
3
167.028 39.8569
166.361 58.2648
120.501 56.6008
121.169 38.1929
2
145.714 47.5443
0 0 0.0128167 -0.999918
3
168.415 37.7492
168.887 56.1631
123.012 57.3393
122.54 38.9254
2
147.667 47.4942
0 0 0.0128167 -0.999918
3
170.368 37.6991
170.84 56.1131
124.965 57.2893
124.493 38.8753
2
149.62 47.4441
0 0 0.0128167 -0.999918
3
172.321 37.649
172.793 56.063
126.918 57.2392
126.446 38.8252
2
151.573 47.394
0 0 0.0128167 -0.999918
3
174.274 37.599
174.746 56.0129
128.871 57.1891
128.399 38.7752
2
153.526 47.344
0 0 0.0128167 -0.999918
3
176.227 37.5489
176.7 55.9628
130.825 57.139
130.352 38.7251
2
155.479 47.2939
0 0 0.0128167 -0.999918
3
178.181 37.4988
178.653 55.9127
132.778 57.089
132.306 38.675
2
157.432 47.2438
0 0 0.0128167 -0.999918
3
180.134 37.4487
180.606 55.8627
134.731 57.0389
134.259 38.6249
2
159.385 47.1937
0 0 0.0128167 -0.999918
3
182.087 37.3986
182.559 55.8126
136.684 56.9888
136.212 38.5749
2
161.338 47.1437
0 0 0.0128167 -0.999918
3
184.04 37.3486
184.512 55.7625
138.637 56.9387
138.165 38.5248
2
163.292 47.0936
0 0 0.0128167 -0.999918
3
185.993 37.2985
186.465 55.7124
140.59 56.8887
140.118 38.4747
2
165.245 47.0435
0 0 0.0128167 -0.999918
3
187.946 37.2484
188.418 55.6624
142.543 56.8386
142.071 38.4246
2
167.198 46.9934
0 0 0.0128167 -0.999918
3
189.899 37.1983
190.371 55.6123
144.496 56.7885
144.024 38.3746
2
169.151 46.9434
0 0 0.0128167 -0.999918
3
191.852 37.1483
192.324 55.5622
146.449 56.7384
145.977 38.3245
2
171.104 46.8933
0 0 0.0128167 -0.999918
3
193.805 37.0982
194.278 55.5121
148.403 56.6884
147.93 38.2744
2
173.057 46.8432
0 0 0.0128167 -0.999918
3
195.759 37.0481
196.231 55.4621
150.356 56.6383
149.884 38.2243
2
175.01 46.7931
0 0 0.0128167 -0.999918
3
197.712 36.998
198.184 55.412
152.309 56.5882
151.837 38.1743
2
176.963 46.7431
0 0 0.0128167 -0.999918
3
199.665 36.948
200.137 55.3619
154.262 56.5381
153.79 38.1242
2
178.916 46.693
0 0 0.0128167 -0.999918
3
201.618 36.8979
202.09 55.3118
156.215 56.4881
155.743 38.0741
2
180.87 46.6429
0 0 0.0128167 -0.999918
3
203.571 36.8478
204.043 55.2618
158.168 56.438
157.696 38.024
2
182.823 46.5928
0 0 0.0128167 -0.999918
3
205.524 36.7977
205.996 55.2117
160.121 56.3879
159.649 37.974
2
184.776 46.5428
0 0 0.0128167 -0.999918
3
207.477 36.7477
207.949 55.1616
162.074 56.3378
161.602 37.9239
2
186.729 46.4927
0 0 0.0128167 -0.999918
3
209.43 36.6976
209.902 55.1115
164.027 56.2878
163.555 37.8738
2
188.682 46.4426
0 0 0.0128167 -0.999918
3
211.383 36.6475
211.856 55.0615
165.981 56.2377
165.508 37.8237
2
190.635 46.3925
0 0 0.0128167 -0.999918
3
213.336 36.5974
213.809 55.0114
167.934 56.1876
167.462 37.7737
2
192.577 47.0978
0 0 0.018133 0.999836
3
215.841 38.7258
215.173 57.1337
169.313 55.4697
169.981 37.0619
2
194.471 47.9218
0 0 0.0490653 0.998796
3
218.208 41.0051
216.403 59.3364
170.734 54.8386
172.539 36.5073
2
196.311 48.8615
0 0 0.0799506 0.996799
3
220.43 43.4264
217.494 61.6109
172.191 54.2965
175.127 36.112
2
198.089 49.9131
0 0 0.110759 0.993847
3
222.498 45.9805
218.443 63.9486
173.679 53.8456
177.734 35.8776
2
199.798 51.0727
0 0 0.141462 0.989944
3
224.404 48.6577
219.245 66.3405
175.192 53.4877
180.351 35.8049
2
201.433 52.3359
0 0 0.172029 0.985092
3
226.141 51.4477
219.898 68.7775
176.724 53.224
182.967 35.8943
2
202.986 53.6977
0 0 0.202431 0.979296
3
227.702 54.3398
220.399 71.2501
178.27 53.0556
185.573 36.1453
2
204.452 55.153
0 0 0.23264 0.972563
3
229.081 57.3229
220.746 73.7491
179.823 52.9832
188.158 36.557
2
206.194 56.0371
0 0 0.23264 0.972563
3
230.823 58.207
222.488 74.6332
181.565 53.8673
189.901 37.4411
2
207.567 57.5804
0 0 0.262626 0.964898
3
232.015 61.2697
222.68 77.1487
183.12 53.8911
192.455 38.012
2
208.843 59.2056
0 0 0.29236 0.956308
3
233.015 64.4002
222.715 79.6714
184.67 54.011
194.97 38.7398
2
210.015 60.9066
0 0 0.321814 0.946803
3
233.82 67.5867
222.595 82.1914
186.21 54.2265
197.435 39.6218
2
211.079 62.6769
0 0 0.350959 0.936391
3
234.425 70.8168
222.318 84.6991
187.733 54.537
199.84 40.6546
2
212.032 64.5096
0 0 0.379769 0.925081
3
234.83 74.0781
221.888 87.1849
189.235 54.941
202.177 41.8343
2
212.87 66.3978
0 0 0.408215 0.912886
3
235.033 77.3583
221.304 89.6393
190.708 55.4372
204.437 43.1562
2
213.59 68.3341
0 0 0.436269 0.899816
3
235.032 80.6447
220.57 92.0529
192.148 56.0236
206.61 44.6154
2
214.188 70.3113
0 0 0.463906 0.885884
3
234.827 83.9248
219.687 94.4165
193.549 56.6979
208.689 46.2062
2
214.663 72.3217
0 0 0.491099 0.871104
3
234.42 87.1859
218.66 96.7209
194.906 57.4576
210.666 47.9226
2
215.013 74.3577
0 0 0.517821 0.855489
3
233.813 90.4156
217.493 98.9574
196.213 58.2998
212.532 49.758
2
215.236 76.4113
0 0 0.544047 0.839055
3
233.006 93.6015
216.189 101.117
197.465 59.2212
214.282 51.7053
2
215.331 78.4749
0 0 0.569752 0.821817
3
232.004 96.7315
214.754 103.193
198.658 60.2183
215.907 53.7572
2
215.299 80.5404
0 0 0.594911 0.803792
3
230.81 99.7934
213.194 105.175
199.787 61.2873
217.403 55.9057
2
215.139 82.5999
0 0 0.6195 0.784997
3
229.43 102.776
211.514 107.057
200.847 62.4241
218.763 58.1425
2
214.851 84.6455
0 0 0.643496 0.76545
3
227.867 105.667
209.721 108.832
201.836 63.6243
219.982 60.4593
2
214.438 86.6695
0 0 0.666875 0.745169
3
226.128 108.456
207.821 110.492
202.748 64.8834
221.055 62.847
2
213.901 88.6641
0 0 0.689616 0.724175
3
224.221 111.132
205.823 112.032
203.581 66.1965
221.979 65.2965
2
213.241 90.6216
0 0 0.711696 0.702488
3
222.151 113.685
203.733 113.445
204.33 67.5586
222.749 67.7985
2
212.461 92.5345
0 0 0.733094 0.680127
3
219.928 116.105
201.559 114.726
204.994 68.9644
223.363 70.3433
2
211.564 94.3955
0 0 0.753791 0.657115
3
217.558 118.382
199.311 115.87
205.57 70.4087
223.818 72.9212
2
210.554 96.1974
0 0 0.773765 0.633473
3
215.053 120.509
196.996 116.873
206.055 71.8858
224.113 75.5223
2
209.435 97.9335
0 0 0.792998 0.609225
3
212.421 122.477
194.623 117.73
206.448 73.3901
224.246 78.1367
2
208.21 99.5969
0 0 0.811471 0.584393
3
209.672 124.278
192.202 118.439
206.748 74.9158
224.218 80.7544
2
206.884 101.181
0 0 0.829167 0.559001
3
206.817 125.906
189.742 118.998
206.952 76.4571
224.027 83.3653
2
206.863 103.247
0 0 0.811471 0.584393
3
208.325 127.928
190.855 122.09
205.401 78.5659
222.871 84.4045
2
206.969 105.31
0 0 0.792998 0.609225
3
209.956 129.853
192.158 125.107
203.983 80.7666
221.781 85.5133
2
207.203 107.363
0 0 0.773765 0.633473
3
211.702 131.674
193.645 128.038
202.704 83.0508
220.762 86.6874
2
207.564 109.397
0 0 0.753791 0.657115
3
213.558 133.383
195.31 130.871
201.569 85.4098
219.817 87.9223
2
208.049 111.404
0 0 0.733094 0.680127
3
215.516 134.974
197.147 133.596
200.582 87.8344
218.951 89.2132
2
208.658 113.378
0 0 0.711696 0.702488
3
217.568 136.441
199.15 136.202
199.747 90.3155
218.166 90.5553
2
209.387 115.311
0 0 0.689616 0.724175
3
219.708 137.779
201.31 138.679
199.067 92.8434
217.465 91.9434
2
209.483 117.262
0 0 0.689616 0.724175
3
219.803 139.73
201.405 140.63
199.163 94.7948
217.561 93.8948
2
209.578 119.214
0 0 0.689616 0.724175
3
219.898 141.681
201.5 142.581
199.258 96.7462
217.656 95.8463
2
209.674 121.165
0 0 0.689616 0.724175
3
219.994 143.633
201.596 144.533
199.354 98.6977
217.752 97.7977
2
210.522 123.049
0 0 0.666875 0.745169
3
222.212 144.835
203.905 146.872
198.831 101.263
217.139 99.2264
2
211.484 124.877
0 0 0.643496 0.76545
3
224.5 145.898
206.354 149.063
198.469 103.855
216.615 100.69
2
212.558 126.641
0 0 0.6195 0.784997
3
226.849 146.817
208.934 151.099
198.267 106.465
216.183 102.184
2
213.74 128.336
0 0 0.594911 0.803792
3
229.251 147.589
211.635 152.971
198.228 109.083
215.844 103.701
2
215.023 129.954
0 0 0.569752 0.821817
3
231.696 148.211
214.447 154.672
198.35 111.698
215.6 105.237
2
216.404 131.49
0 0 0.544047 0.839055
3
234.175 148.681
217.358 156.196
198.634 114.3
215.451 106.784
2
217.878 132.938
0 0 0.517821 0.855489
3
236.678 148.996
220.358 157.538
199.078 116.88
215.398 108.338
2
219.439 134.292
0 0 0.491099 0.871104
3
239.196 149.156
223.436 158.691
199.681 119.428
215.441 109.893
2
221.08 135.546
0 0 0.463906 0.885884
3
241.719 149.16
226.579 159.651
200.441 121.933
215.581 111.441
2
222.795 136.697
0 0 0.436269 0.899816
3
244.237 149.007
229.775 160.416
201.354 124.386
215.816 112.978
2
224.579 137.739
0 0 0.408215 0.912886
3
246.741 148.7
233.013 160.981
202.417 126.778
216.145 114.497
2
226.424 138.669
0 0 0.379769 0.925081
3
249.221 148.237
236.279 161.344
203.626 129.1
216.568 115.994
2
228.322 139.483
0 0 0.350959 0.936391
3
251.668 147.623
239.561 161.505
204.976 131.343
217.083 117.461
2
227.487 137.432
0 0 0.321814 0.946803
3
251.292 144.112
240.067 158.717
203.682 130.752
214.907 116.148
2
226.527 135.437
0 0 0.29236 0.956308
3
250.699 140.632
240.399 155.903
202.354 130.243
212.654 114.972
2
225.445 133.506
0 0 0.262626 0.964898
3
249.892 137.195
240.557 153.074
200.997 129.816
210.333 113.937
2
224.245 131.645
0 0 0.23264 0.972563
3
248.875 133.814
240.539 150.241
199.616 129.475
207.952 113.049
2
222.933 129.861
0 0 0.202431 0.979296
3
247.649 130.503
240.346 147.414
198.217 129.219
205.52 112.309
2
221.513 128.163
0 0 0.172029 0.985092
3
246.222 127.274
239.979 144.604
196.805 129.051
203.048 111.721
2
219.991 126.555
0 0 0.141462 0.989944
3
244.597 124.14
239.438 141.823
195.385 128.97
200.544 111.287
2
218.372 125.044
0 0 0.110759 0.993847
3
242.782 121.112
238.727 139.08
193.962 128.977
198.018 111.009
2
216.663 123.637
0 0 0.0799506 0.996799
3
240.783 118.202
237.847 136.387
192.543 129.072
195.479 110.888
2
214.87 122.338
0 0 0.0490653 0.998796
3
238.607 115.421
236.802 133.753
191.133 129.255
192.938 110.924
2
213 121.153
0 0 0.018133 0.999836
3
236.264 112.781
235.596 131.189
189.736 129.525
190.404 111.117
2
211.06 120.085
0 0 0.0128167 -0.999918
3
233.762 110.29
234.234 128.704
188.359 129.88
187.887 111.466
2
209.058 119.14
0 0 0.0437541 -0.999042
3
231.11 107.959
232.721 126.308
187.006 130.32
185.396 111.971
2
207.002 118.32
0 0 0.0746496 -0.99721
3
228.32 105.796
231.062 124.011
185.684 130.843
182.941 112.628
2
204.898 117.629
0 0 0.105474 -0.994422
3
225.401 103.81
229.265 121.821
184.396 131.447
180.532 113.437
2
203.174 119.018
0 0 0.0746496 -0.99721
3
224.492 106.494
227.235 124.709
181.856 131.541
179.114 113.327
2
201.367 120.298
0 0 0.0437541 -0.999042
3
223.419 109.117
225.03 127.466
179.315 131.478
177.705 113.129
2
199.485 121.463
0 0 0.0128167 -0.999918
3
222.186 111.668
222.658 130.082
176.784 131.258
176.311 112.844
2
197.534 122.51
0 0 0.018133 0.999836
3
220.798 114.138
220.13 132.546
174.27 130.882
174.938 112.474
2
195.582 122.439
0 0 0.018133 0.999836
3
218.845 114.067
218.178 132.475
172.318 130.811
172.986 112.403
2
193.629 122.368
0 0 0.018133 0.999836
3
216.893 113.996
216.225 132.404
170.365 130.74
171.033 112.332
2
191.677 122.297
0 0 0.018133 0.999836
3
214.94 113.925
214.273 132.333
168.413 130.669
169.081 112.262
2
189.724 122.227
0 0 0.018133 0.999836
3
212.988 113.855
212.32 132.263
166.46 130.599
167.128 112.191
2
187.772 122.156
0 0 0.018133 0.999836
3
211.036 113.784
210.368 132.192
164.508 130.528
165.176 112.12
2
185.819 122.085
0 0 0.018133 0.999836
3
209.083 113.713
208.415 132.121
162.555 130.457
163.223 112.049
2
183.867 122.014
0 0 0.018133 0.999836
3
207.131 113.642
206.463 132.05
160.603 130.386
161.271 111.978
2
181.914 121.943
0 0 0.018133 0.999836
3
205.178 113.571
204.51 131.979
158.65 130.315
159.318 111.907
2
179.962 121.872
0 0 0.018133 0.999836
3
203.226 113.5
202.558 131.908
156.698 130.244
157.366 111.836
2
178.009 121.802
0 0 0.018133 0.999836
3
201.273 113.43
200.605 131.837
154.745 130.173
155.413 111.766
2
176.057 121.731
0 0 0.018133 0.999836
3
199.321 113.359
198.653 131.767
152.793 130.103
153.461 111.695
2
174.104 121.66
0 0 0.018133 0.999836
3
197.368 113.288
196.7 131.696
150.841 130.032
151.508 111.624
2
172.152 121.589
0 0 0.018133 0.999836
3
195.416 113.217
194.748 131.625
148.888 129.961
149.556 111.553
2
170.199 121.518
0 0 0.018133 0.999836
3
193.463 113.146
192.795 131.554
146.936 129.89
147.603 111.482
2
168.247 121.447
0 0 0.018133 0.999836
3
191.511 113.075
190.843 131.483
144.983 129.819
145.651 111.411
2
166.307 120.38
0 0 0.0128167 -0.999918
3
189.009 110.585
189.481 128.999
143.606 130.175
143.134 111.761
