0
80 109
0
81 109
0
82 109
0
83 109
0
84 109
0
85 109
0
86 109
0
87 109
0
88 109
0
89 109
0
90 109
0
91 109
0
92 109
0
93 109
0
94 109
0
95 109
0
96 109
0
97 109
0
98 109
0
99 109
0
100 110
0
101 111
0
102 112
0
103 113
0
104 114
0
105 115
0
106 116
0
107 117
0
108 118
0
109 119
0
110 119
0
111 119
0
112 119
0
113 119
0
114 119
0
115 119
0
116 119
0
117 119
0
118 119
0
119 119
0
120 119
0
121 119
0
122 119
0
123 119
0
124 119
0
125 119
0
126 119
0
127 119
0
128 119
0
129 119
0
130 119
0
131 119
0
132 119
0
133 119
0
134 119
0
135 119
0
136 119
0
137 119
0
138 119
0
139 119
0
140 120
0
141 120
0
142 120
0
143 120
0
144 120
0
145 120
0
146 120
0
147 120
0
148 120
0
149 121
0
150 121
0
151 121
0
152 121
0
153 121
0
154 121
0
155 121
0
156 121
0
157 121
0
158 121
0
159 121
0
160 121
0
161 120
0
162 119
0
163 119
0
164 118
0
165 117
0
166 116
0
167 115
0
167 114
0
168 113
0
168 112
0
168 111
0
169 110
0
169 109
0
169 108
0
170 107
0
170 106
0
170 105
0
171 104
0
171 103
0
171 102
0
171 101
0
172 100
0
172 99
0
172 98
0
172 97
0
173 96
0
173 95
0
173 94
0
173 93
0
174 92
0
174 91
0
174 90
0
175 89
0
175 88
0
176 87
0
176 86
0
177 85
0
177 84
0
178 83
0
178 82
0
178 81
0
179 80
1
80 109.353 0.239023
1
81.8982 109.816 0.239023
1
83.7964 110.278 0.239023
1
85.6946 110.741 0.239023
1
87.5928 111.203 0.239023
1
89.491 111.666 0.239023
1
91.4142 112.01 0.300925
1
93.3124 112.473 0.362827
1
95.1784 113.052 0.424729
1
97.0049 113.745 0.486632
1
98.7851 114.55 0.548534
1
100.512 115.464 0.610436
1
102.179 116.483 0.672338
1
103.78 117.603 0.73424
1
105.309 118.82 0.796142
1
106.759 120.129 0.858044
1
108.126 121.525 0.919946
1
109.211 123.15 0.858044
1
110.395 124.704 0.796142
1
111.672 126.182 0.73424
1
113.039 127.578 0.672338
1
114.489 128.887 0.610436
1
116.018 130.104 0.548534
1
117.618 131.224 0.486632
1
119.286 132.243 0.424729
1
121.013 133.157 0.362827
1
122.793 133.962 0.300925
1
124.619 134.655 0.239023
1
126.485 135.234 0.177121
1
128.383 135.697 0.115219
1
130.307 136.041 0.053317
1
132.247 136.266 6.2746
1
134.198 136.37 6.2127
1
136.152 136.353 6.1508
1
138.101 136.215 6.08889
1
140.038 135.957 6.02699
1
141.928 135.462 6.02699
1
140.011 135.839 5.96509
1
138.121 136.335 5.90319
1
141.114 135.318 6.00839
1
144.197 134.622 6.11359
1
147.336 134.253 6.21879
1
150.496 134.215 0.0408119
1
153.643 134.51 0.146014
1
156.742 135.134 0.251217
1
159.763 136.064 0.323962
1
162.761 137.071 0.323962
1
165.743 138.122 0.379895
1
168.613 139.447 0.485097
1
171.328 141.066 0.5903
1
173.858 142.961 0.695502
1
176.174 145.111 0.800704
1
174.904 143.627 0.738802
1
173.381 142.403 0.800704
1
171.936 141.087 0.862606
1
170.576 139.685 0.924508
1
169.305 138.201 0.98641
1
170.482 139.761 1.04831
1
171.56 141.39 1.11021
1
170.585 139.697 1.17212
1
169.716 137.947 1.23402
1
168.958 136.146 1.29592
1
168.312 134.302 1.35782
1
167.782 132.422 1.41972
1
167.369 130.512 1.48163
1
167.075 128.581 1.54353
1
166.901 126.635 1.60543
1
166.848 124.682 1.66733
1
166.915 122.729 1.72923
1
167.104 120.785 1.79114
1
167.412 118.855 1.85304
1
167.839 116.949 1.91494
1
168.383 115.072 1.97684
1
169.042 113.233 2.03875
1
170.03 111.547 1.97684
1
170.911 109.804 1.91494
1
171.683 108.009 1.85304
1
172.342 106.17 1.79114
1
172.769 104.263 1.79114
1
173.196 102.357 1.79114
1
173.623 100.45 1.79114
1
174.05 98.5436 1.79114
1
174.477 96.6371 1.79114
1
174.904 94.7305 1.79114
1
175.331 92.824 1.79114
1
175.331 92.824 1.79114
1
175.856 90.992 1.79704
1
176.381 89.16 1.80293
1
176.905 87.328 1.80883
1
177.43 85.496 1.81473
1
177.955 83.664 1.82063
1
178.48 81.832 1.82653
1
179.005 80 1.83243
2
93.7526 112.704
0 0 0.119227 0.992867
3
118.226 109.189
113.865 127.085
69.2794 116.22
73.6404 98.324
2
95.6508 113.167
0 0 0.119227 0.992867
3
120.124 109.651
115.763 127.548
71.1776 116.683
75.5386 98.7866
2
97.549 113.63
0 0 0.119227 0.992867
3
122.022 110.114
117.661 128.01
73.0758 117.145
77.4368 99.2491
2
99.4472 114.092
0 0 0.119227 0.992867
3
123.92 110.576
119.559 128.473
74.974 117.608
79.335 99.7117
2
101.345 114.555
0 0 0.119227 0.992867
3
125.819 111.039
121.458 128.935
76.8722 118.071
81.2332 100.174
2
103.244 115.017
0 0 0.119227 0.992867
3
127.717 111.501
123.356 129.398
78.7704 118.533
83.1314 100.637
2
104.933 116.206
0 0 0.149896 0.988702
3
129.577 114.211
124.117 131.803
80.2893 118.201
85.7491 100.609
2
106.546 117.497
0 0 0.18042 0.98359
3
131.266 117.03
124.728 134.251
81.8259 117.963
88.3635 100.743
2
108.076 118.885
0 0 0.210772 0.977535
3
132.777 119.948
125.187 136.732
83.3741 117.821
90.9646 101.038
2
109.517 120.365
0 0 0.240922 0.970544
3
134.105 122.954
125.491 139.236
84.9282 117.776
93.5424 101.494
2
110.863 121.931
0 0 0.270841 0.962624
3
135.245 126.037
125.64 141.755
86.4822 117.826
96.0871 102.108
2
112.111 123.578
0 0 0.300501 0.953782
3
136.191 129.184
125.632 144.277
88.0301 117.972
98.5889 102.879
2
113.254 125.299
0 0 0.329873 0.944025
3
136.941 132.384
125.469 146.795
89.566 118.214
101.038 103.803
2
114.288 127.087
0 0 0.358929 0.933365
3
137.492 135.624
125.15 149.298
91.084 118.55
103.426 104.876
2
115.21 128.936
0 0 0.387641 0.921811
3
137.841 138.891
124.677 151.776
92.5782 118.98
105.742 106.096
2
116.015 130.838
0 0 0.415982 0.909373
3
137.987 142.175
124.051 154.22
94.043 119.501
107.979 107.456
2
116.702 132.786
0 0 0.443924 0.896065
3
137.93 145.461
123.276 156.621
95.4728 120.112
110.127 108.952
2
118.467 133.859
0 0 0.415982 0.909373
3
140.439 145.196
126.503 157.241
96.4949 122.522
110.431 110.477
2
120.296 134.82
0 0 0.387641 0.921811
3
142.927 144.776
129.763 157.66
97.6641 124.864
110.828 111.98
2
122.18 135.666
0 0 0.358929 0.933365
3
145.384 144.203
133.042 157.877
98.976 127.129
111.318 113.456
2
124.113 136.394
0 0 0.329873 0.944025
3
147.801 143.479
136.328 157.89
100.426 129.309
111.898 114.898
2
126.088 137.001
0 0 0.300501 0.953782
3
150.168 142.607
139.609 157.701
102.007 131.395
112.566 116.302
2
128.096 137.485
0 0 0.270841 0.962624
3
152.477 141.591
142.872 157.308
103.715 133.38
113.32 117.662
2
130.13 137.844
0 0 0.240922 0.970544
3
154.719 140.433
146.105 156.715
105.542 135.254
114.156 118.973
2
132.183 138.076
0 0 0.210772 0.977535
3
156.884 139.139
149.294 155.923
107.481 137.012
115.072 120.229
2
134.246 138.18
0 0 0.18042 0.98359
3
158.966 137.714
152.428 154.934
109.526 138.647
116.064 121.426
2
136.312 138.157
0 0 0.149896 0.988702
3
160.955 136.162
155.496 153.754
111.668 140.152
117.128 122.56
2
138.372 138.006
0 0 0.119227 0.992867
3
162.845 134.49
158.484 152.387
113.899 141.522
118.26 123.626
2
140.419 137.728
0 0 0.0884449 0.996081
3
164.628 132.705
161.382 150.837
116.21 142.751
119.456 124.619
2
142.445 137.324
0 0 0.0575777 0.998341
3
166.296 130.813
164.179 149.111
118.593 143.835
120.711 125.537
2
144.441 136.795
0 0 0.0266554 0.999645
3
167.845 128.821
166.863 147.215
121.038 144.769
122.02 126.376
2
146.402 136.144
0 0 0.00429263 -0.999991
3
169.267 126.737
169.425 145.157
123.537 145.551
123.379 127.131
2
148.318 135.373
0 0 0.0352364 -0.999379
3
170.558 124.57
171.855 142.944
126.079 146.176
124.782 127.802
2
150.183 134.484
0 0 0.0661464 -0.99781
3
171.712 122.326
174.143 140.585
128.655 146.643
126.223 128.384
2
151.99 133.482
0 0 0.096993 -0.995285
3
172.725 120.016
176.281 138.089
131.255 146.949
127.698 128.876
2
153.731 132.37
0 0 0.127747 -0.991807
3
173.593 117.647
178.261 135.466
133.868 147.094
129.201 129.275
2
155.621 131.875
0 0 0.127747 -0.991807
3
175.483 117.152
180.15 134.971
135.758 146.599
131.091 128.78
2
153.455 131.412
0 0 0.158378 -0.987379
3
172.369 115.488
178.13 132.984
134.542 147.337
128.781 129.841
2
151.266 131.084
0 0 0.188858 -0.982004
3
169.158 114.02
175.99 131.127
133.374 148.148
126.541 131.042
2
154.737 131.477
0 0 0.136966 -0.990576
3
174.322 116.387
179.321 134.115
135.152 146.568
130.154 128.839
2
158.149 132.232
0 0 0.0846948 -0.996407
3
179.21 119.282
182.319 137.438
137.087 145.183
133.978 127.027
2
161.462 133.342
0 0 0.0321897 -0.999482
3
183.766 122.674
184.952 141.056
139.157 144.009
137.971 125.627
2
164.64 134.793
0 0 0.0204045 0.999792
3
187.941 126.527
187.19 144.931
141.338 143.059
142.09 124.654
2
167.648 136.57
0 0 0.0729423 0.997336
3
191.689 130.796
189.009 149.02
143.607 142.343
146.287 124.119
2
170.453 138.653
0 0 0.125278 0.992122
3
194.967 135.435
190.388 153.277
145.939 141.87
150.518 124.028
2
173.182 140.57
0 0 0.161274 0.98691
3
197.865 139.143
192.002 156.605
148.499 141.997
154.362 124.536
2
176.18 141.577
0 0 0.161274 0.98691
3
200.863 140.15
195 157.612
151.497 143.004
157.36 125.542
2
178.889 143.371
0 0 0.188807 0.982014
3
203.613 143.326
196.783 160.433
154.165 143.416
160.995 126.309
2
181.135 146.047
0 0 0.240177 0.970729
3
205.727 148.599
197.138 164.894
156.542 143.496
165.132 127.201
2
183.087 148.945
0 0 0.290883 0.956759
3
207.276 154.065
197.023 169.367
158.899 143.825
169.152 128.522
2
184.725 152.031
0 0 0.340784 0.940142
3
208.242 159.662
196.439 173.804
161.208 144.399
173.011 130.258
2
186.029 155.272
0 0 0.389743 0.920924
3
208.615 165.331
195.392 178.155
163.443 145.213
176.666 132.389
2
185.368 153.159
0 0 0.361057 0.932544
3
208.533 161.801
196.129 175.419
162.203 144.516
174.607 130.899
2
183.235 152.564
0 0 0.389743 0.920924
3
205.821 162.623
192.598 175.447
160.65 142.505
173.872 129.681
2
181.143 151.839
0 0 0.418055 0.908422
3
203.064 163.276
189.073 175.257
159.223 140.402
173.214 128.42
2
179.101 150.985
0 0 0.445967 0.895049
3
200.271 163.756
185.566 174.849
157.93 138.214
172.635 127.121
2
177.114 150.007
0 0 0.473452 0.88082
3
197.454 164.063
182.091 174.225
156.774 135.951
172.137 125.789
2
177.546 152.027
0 0 0.500483 0.865747
3
196.977 167.315
181.015 176.507
158.114 136.74
174.076 127.547
2
177.851 154.07
0 0 0.527034 0.849844
3
196.3 170.531
179.799 178.718
159.402 137.61
175.903 129.423
2
176.08 152.742
0 0 0.553081 0.833127
3
193.475 170.312
176.499 177.463
158.685 135.172
175.66 128.021
2
174.394 151.307
0 0 0.578598 0.815613
3
190.668 169.919
173.283 176.006
158.119 132.694
175.504 126.607
2
172.8 149.77
0 0 0.603561 0.797317
3
187.892 169.354
170.163 174.354
157.708 130.186
175.436 125.187
2
171.304 148.138
0 0 0.627946 0.778257
3
185.156 168.618
167.152 172.511
157.452 127.658
175.456 123.764
2
169.912 146.416
0 0 0.651729 0.758452
3
182.47 167.713
164.26 170.486
157.354 125.118
175.564 122.346
2
168.629 144.611
0 0 0.674888 0.73792
3
179.846 166.645
161.499 168.285
157.413 122.578
175.76 120.937
2
167.461 142.731
0 0 0.697401 0.716681
3
177.293 165.416
158.88 165.918
157.629 120.045
176.042 119.543
2
166.411 140.781
0 0 0.719245 0.694756
3
174.821 164.032
156.412 163.394
158.001 117.531
176.41 118.169
2
165.483 138.771
0 0 0.740401 0.672166
3
172.439 162.497
154.105 160.721
158.528 115.045
176.862 116.821
2
164.682 136.707
0 0 0.760847 0.648931
3
170.156 160.818
151.967 157.912
159.207 112.596
177.397 115.503
2
164.01 134.598
0 0 0.780565 0.625075
3
167.982 159.001
150.008 154.975
160.037 110.194
178.012 114.22
2
163.47 132.45
0 0 0.799534 0.60062
3
165.925 157.053
148.233 151.922
161.014 107.848
178.706 112.978
2
163.063 130.274
0 0 0.817738 0.57559
3
163.992 154.981
146.652 148.766
162.135 105.567
179.474 111.782
2
162.792 128.077
0 0 0.835159 0.550009
3
162.19 152.794
145.268 145.518
163.394 103.359
180.316 110.635
2
162.657 125.867
0 0 0.851779 0.5239
3
160.528 150.499
144.088 142.191
164.787 101.234
181.227 109.542
2
164.439 124.551
0 0 0.835159 0.550009
3
163.837 149.269
146.915 141.993
165.04 99.8344
181.963 107.11
2
166.135 123.129
0 0 0.817738 0.57559
3
167.064 147.836
149.724 141.621
165.207 98.4218
182.546 104.637
2
167.74 121.604
0 0 0.799534 0.60062
3
170.195 146.206
152.504 141.076
165.285 97.0016
182.976 102.132
2
169.248 119.982
0 0 0.780565 0.625075
3
173.22 144.386
155.246 140.36
165.276 95.5792
183.25 99.6051
2
169.675 118.076
0 0 0.780565 0.625075
3
173.647 142.479
155.673 138.453
165.703 93.6727
183.677 97.6986
2
170.102 116.169
0 0 0.780565 0.625075
3
174.074 140.573
156.1 136.547
166.13 91.7662
184.104 95.7921
2
170.529 114.263
0 0 0.780565 0.625075
3
174.501 138.666
156.527 134.64
166.557 89.8597
184.531 93.8856
2
170.956 112.356
0 0 0.780565 0.625075
3
174.928 136.76
156.954 132.734
166.984 87.9531
184.958 91.9791
2
171.383 110.45
0 0 0.780565 0.625075
3
175.356 134.853
157.381 130.827
167.411 86.0466
185.385 90.0725
2
171.81 108.543
0 0 0.780565 0.625075
3
175.783 132.947
157.808 128.921
167.838 84.1401
185.812 88.166
2
172.237 106.637
0 0 0.780565 0.625075
3
176.21 131.04
158.235 127.014
168.265 82.2336
186.239 86.2595
2
172.237 106.637
0 0 0.780565 0.625075
3
176.21 131.04
158.235 127.014
168.265 82.2336
186.239 86.2595
2
172.681 104.786
0 0 0.782405 0.62277
3
176.509 129.213
158.558 125.081
168.852 80.3601
186.803 84.492
2
173.124 102.935
0 0 0.784238 0.62046
3
176.808 127.384
158.882 123.146
169.44 78.487
187.366 82.7246
2
173.568 101.084
0 0 0.786065 0.618144
3
177.108 125.554
159.207 121.21
170.028 76.6142
187.928 80.9575
2
174.012 99.2319
0 0 0.787884 0.615823
3
177.407 123.722
159.532 119.273
170.616 74.7418
188.491 79.1907
2
174.456 97.3795
0 0 0.789697 0.613497
3
177.707 121.889
159.858 117.335
171.204 72.8698
189.053 77.424
2
174.9 95.5266
0 0 0.791503 0.611165
3
178.006 120.055
160.185 115.396
171.793 70.9982
189.614 75.6576
2
175.344 93.6733
0 0 0.793302 0.608828
3
178.305 118.22
160.512 113.455
172.382 69.1269
190.175 73.8914
