0
68 160
0
69 159
0
70 158
0
71 157
0
72 156
0
73 155
0
74 154
0
75 153
0
76 152
0
77 151
0
78 150
0
79 149
0
80 148
0
81 147
0
82 146
0
83 145
0
84 144
0
85 143
0
86 142
0
87 141
0
88 140
0
89 139
0
90 138
0
91 137
0
92 136
0
93 135
0
94 134
0
95 133
0
95 132
0
95 131
0
95 130
0
95 129
0
95 128
0
95 127
0
95 126
0
95 125
0
95 124
0
95 123
0
95 122
0
95 121
0
95 120
0
95 119
0
95 118
0
95 117
0
95 116
0
95 115
0
95 114
0
95 113
0
95 112
0
95 111
0
95 110
0
95 109
0
95 108
0
95 107
0
95 106
0
95 105
0
95 104
0
95 103
0
95 102
0
95 101
0
95 100
0
95 99
0
95 98
0
95 97
0
95 96
0
95 95
0
95 94
0
95 93
0
95 92
0
95 91
0
95 90
0
95 89
0
95 88
0
95 87
0
95 86
0
96 85
0
96 84
0
96 83
0
96 82
0
96 81
0
97 80
0
97 79
0
98 78
0
99 77
0
100 76
0
101 75
0
102 75
0
103 74
0
104 74
0
105 73
0
106 73
0
107 73
0
108 73
0
109 73
0
110 73
0
111 73
0
112 73
0
113 73
0
114 73
0
115 73
0
116 73
0
117 73
0
118 73
0
119 73
0
120 73
0
121 73
0
122 73
0
123 73
0
124 73
0
125 73
0
126 73
0
127 73
0
128 73
0
129 73
0
130 73
0
131 73
0
132 73
0
133 73
0
134 73
0
135 73
0
136 73
0
137 73
0
138 73
0
139 73
0
140 73
0
141 73
0
142 73
0
143 73
0
144 73
0
145 73
0
146 73
0
147 73
0
148 73
0
149 73
0
150 73
0
151 73
0
152 73
0
153 73
0
154 73
0
155 73
0
156 73
0
157 73
0
158 73
0
159 73
0
160 73
0
161 73
0
162 73
0
163 73
0
164 73
0
165 73
0
166 73
0
167 73
0
168 73
0
169 73
0
170 73
0
171 73
0
172 73
0
173 73
0
174 73
0
175 73
0
176 73
0
177 73
0
178 73
0
179 73
0
180 73
0
181 73
0
182 73
0
183 73
0
184 73
0
185 73
0
186 73
0
187 73
0
188 73
0
189 73
0
190 73
0
191 73
0
192 73
0
193 73
0
194 73
0
195 73
0
196 73
0
197 73
0
198 73
0
199 73
0
200 73
0
201 73
0
202 73
0
203 73
0
204 73
0
205 73
0
206 73
0
207 73
0
208 73
0
209 73
0
210 73
0
211 73
0
212 74
0
213 74
0
214 75
0
215 75
0
216 76
0
217 77
0
218 78
0
218 79
0
219 80
0
220 81
0
220 82
0
220 83
0
220 84
0
220 85
0
220 86
0
220 87
0
220 88
0
220 89
0
220 90
0
221 91
0
221 92
0
221 93
0
221 94
0
221 95
0
221 96
0
221 97
0
221 98
0
221 99
0
221 100
0
221 101
0
221 102
0
221 103
0
221 104
0
221 105
0
221 106
0
221 107
0
221 108
0
221 109
0
221 110
0
221 111
0
221 112
0
221 113
0
221 114
0
221 115
0
221 116
0
221 117
0
221 118
0
221 119
0
221 120
0
221 121
0
221 122
0
221 123
0
221 124
0
221 125
0
220 126
0
220 127
0
220 128
0
220 129
0
220 130
0
220 131
0
220 132
0
220 133
0
220 134
0
220 135
0
220 136
0
219 137
0
218 138
0
218 139
0
217 140
0
216 141
0
215 141
0
214 142
0
213 143
0
212 143
0
211 143
0
210 144
0
209 144
0
208 144
0
207 144
0
206 144
0
205 144
0
204 144
0
203 144
0
202 144
0
201 144
0
200 144
0
199 144
0
198 144
0
197 144
0
196 144
0
195 144
0
194 144
0
193 144
0
192 144
0
191 144
0
190 144
0
189 144
0
188 144
0
187 144
0
186 144
0
185 144
0
184 144
0
183 144
0
182 144
0
181 144
0
180 144
0
179 144
0
178 144
0
177 144
0
176 144
0
175 144
0
174 144
0
173 145
1
68 160 4.71
1
67.8838 161.95 4.6481
1
67.8885 163.904 4.5862
1
67.7629 161.954 4.52429
1
67.517 160.016 4.46239
1
66.9175 158.157 4.52429
1
66.4341 156.264 4.5862
1
66.0688 154.344 4.6481
1
66.0641 152.391 4.5862
1
65.9386 150.441 4.52429
1
65.6927 148.503 4.46239
1
65.3274 146.583 4.40049
1
64.844 144.69 4.33859
1
64.2445 142.831 4.27669
1
63.5311 141.012 4.21478
1
62.7065 139.241 4.15288
1
61.569 137.652 4.21478
1
60.5321 135.996 4.27669
1
59.5995 134.28 4.33859
1
58.7749 132.508 4.40049
1
58.0615 130.69 4.46239
1
57.4619 128.83 4.52429
1
56.9786 126.937 4.5862
1
56.8531 124.987 4.52429
1
56.6072 123.049 4.46239
1
56.2418 121.13 4.40049
1
55.7585 119.237 4.33859
1
54.9339 117.466 4.40049
1
54.2205 115.647 4.46239
1
53.6209 113.787 4.52429
1
53.1376 111.894 4.5862
1
52.7723 109.975 4.6481
1
52.5264 108.037 4.71
1
52.4008 106.087 4.7719
1
52.3962 104.133 4.8338
1
52.7523 102.212 4.7719
1
52.989 100.273 4.71
1
52.8634 98.3232 4.7719
1
52.8588 96.3695 4.8338
1
52.975 94.4192 4.89571
1
53.2116 92.4798 4.95761
1
53.5677 90.5588 5.01951
1
54.0421 88.6635 5.08141
1
54.6327 86.8011 5.14331
1
55.3374 84.9789 5.20522
1
56.1535 83.2038 5.26712
1
55.2292 84.925 5.32902
1
54.2001 86.5858 5.39092
1
53.0703 88.1797 5.45282
1
54.2966 86.6588 5.51473
1
55.6146 85.2165 5.57663
1
57.0193 83.8586 5.63853
1
58.5053 82.5902 5.70043
1
60.067 81.4162 5.76233
1
61.6983 80.341 5.82424
1
63.3929 79.3688 5.88614
1
65.1445 78.5032 5.94804
1
66.9463 77.7477 6.00994
1
68.7913 77.1051 6.07185
1
70.6726 76.5779 6.13375
1
72.5829 76.1681 6.19565
1
74.5291 75.9973 6.19565
1
76.4754 75.8265 6.19565
1
78.4217 75.6556 6.19565
1
80.3679 75.4848 6.19565
1
82.3142 75.314 6.19565
1
84.2605 75.1432 6.19565
1
86.2067 74.9724 6.19565
1
88.153 74.8016 6.19565
1
90.0993 74.6308 6.19565
1
92.0312 74.3399 6.25755
1
93.9844 74.2898 6.25755
1
95.9375 74.2398 6.25755
1
97.8906 74.1897 6.25755
1
99.8437 74.1396 6.25755
1
101.797 74.0895 6.25755
1
103.75 74.0395 6.25755
1
105.703 73.9894 6.25755
1
107.656 73.9393 6.25755
1
109.609 73.8892 6.25755
1
111.562 73.8391 6.25755
1
113.515 73.7891 6.25755
1
115.469 73.739 6.25755
1
117.422 73.6889 6.25755
1
119.375 73.6388 6.25755
1
121.328 73.5887 6.25755
1
123.281 73.5387 6.25755
1
125.234 73.4886 6.25755
1
127.187 73.4385 6.25755
1
129.14 73.3884 6.25755
1
131.093 73.3383 6.25755
1
133.047 73.2883 6.25755
1
135 73.2382 6.25755
1
136.953 73.1881 6.25755
1
138.906 73.138 6.25755
1
140.859 73.0879 6.25755
1
142.812 73.0379 6.25755
1
144.765 72.9878 6.25755
1
146.718 72.9377 6.25755
1
148.671 72.8876 6.25755
1
150.625 72.8375 6.25755
1
152.578 72.7875 6.25755
1
154.531 72.7374 6.25755
1
156.484 72.6873 6.25755
1
158.437 72.6372 6.25755
1
160.39 72.5872 6.25755
1
162.343 72.5371 6.25755
1
164.296 72.487 6.25755
1
166.249 72.4369 6.25755
1
168.203 72.3868 6.25755
1
170.156 72.3368 6.25755
1
172.109 72.2867 6.25755
1
174.062 72.2366 6.25755
1
176.015 72.1865 6.25755
1
177.968 72.1364 6.25755
1
179.921 72.0864 6.25755
1
181.874 72.0363 6.25755
1
183.827 71.9862 6.25755
1
185.781 71.9361 6.25755
1
187.734 71.886 6.25755
1
189.687 71.836 6.25755
1
191.64 71.7859 6.25755
1
193.593 71.7358 6.25755
1
195.546 71.6857 6.25755
1
197.499 71.6356 6.25755
1
199.452 71.5856 6.25755
1
201.405 71.5355 6.25755
1
203.358 71.4854 6.25755
1
205.312 71.4353 6.25755
1
207.265 71.3852 6.25755
1
209.218 71.3352 6.25755
1
211.171 71.2851 6.25755
1
213.124 71.235 6.25755
1
215.07 71.0642 0.0362679
1
217.023 71.0141 0.09817
1
218.976 71.085 0.160072
1
220.92 71.2765 0.221974
1
222.849 71.5879 0.283876
1
224.755 72.018 0.345778
1
226.63 72.5652 0.40768
1
228.468 73.2274 0.469582
1
230.262 74.002 0.531484
1
232.004 74.8861 0.593387
1
233.689 75.8763 0.655289
1
235.308 76.9688 0.717191
1
236.857 78.1594 0.779093
1
238.33 79.4435 0.840995
1
239.72 80.8163 0.902897
1
241.023 82.2724 0.964799
1
242.233 83.8064 1.0267
1
243.346 85.4122 1.0886
1
244.357 87.0838 1.1505
1
245.263 88.8148 1.21241
1
246.06 90.5985 1.27431
1
246.745 92.4282 1.33621
1
247.316 94.2967 1.39811
1
247.77 96.1969 1.46002
1
248.106 98.1216 1.52192
1
248.322 100.063 1.58382
1
248.417 102.015 1.64572
1
248.392 103.968 1.70762
1
248.246 105.917 1.76953
1
247.979 107.852 1.83143
1
247.594 109.767 1.89333
1
247.09 111.655 1.95523
1
246.471 113.508 2.01713
1
245.738 115.319 2.07904
1
244.895 117.082 2.14094
1
243.944 118.788 2.20284
1
244.999 117.144 2.26474
1
243.107 119.677 2.15954
1
241.493 122.394 2.05434
1
240.173 125.266 1.94913
1
239.161 128.26 1.84393
1
238.47 131.345 1.73873
1
238.106 134.484 1.63353
1
238.066 137.645 1.55189
1
238.125 140.807 1.55189
1
238.185 143.969 1.55189
1
238.245 147.13 1.55189
1
238.305 150.292 1.55189
1
238.364 153.454 1.55189
1
238.424 156.616 1.55189
1
238.484 159.777 1.55189
1
238.683 162.932 1.45558
1
239.211 166.048 1.35038
1
240.063 169.092 1.24518
1
239.554 167.206 1.18328
1
238.929 165.355 1.12137
1
238.191 163.546 1.05947
1
237.342 161.786 0.997569
1
238.298 163.49 0.935667
1
239.357 165.131 0.873765
1
238.198 163.559 0.811863
1
236.944 162.061 0.749961
1
235.6 160.643 0.688059
1
234.17 159.311 0.626157
1
232.661 158.071 0.564255
1
231.078 156.926 0.502353
1
229.427 155.881 0.440451
1
227.714 154.94 0.378548
1
225.858 154.332 0.440451
1
224.042 153.61 0.502353
1
222.275 152.777 0.564255
1
220.692 151.632 0.502353
1
219.041 150.587 0.440451
1
217.329 149.646 0.378548
1
215.561 148.813 0.316646
1
213.746 148.091 0.254744
1
211.889 147.483 0.192842
1
209.999 146.991 0.13094
1
208.05 146.856 0.192842
1
206.113 146.601 0.254744
1
204.256 145.992 0.192842
1
202.365 145.5 0.13094
1
200.448 145.126 0.0690381
1
198.511 144.87 0.007136
1
196.562 144.736 6.22842
1
194.611 144.843 6.22842
1
192.66 144.95 6.22842
1
190.709 145.056 6.22842
1
188.758 145.163 6.22842
1
186.807 145.27 6.22842
1
186.807 145.27 6.22842
1
185.082 145.237 6.23527
1
183.356 145.203 6.24211
1
181.63 145.169 6.24896
1
179.904 145.135 6.2558
1
178.178 145.101 6.26265
1
176.452 145.068 6.26949
1
174.726 145.034 6.27634
1
173 145 6.28319
2
67.9662 145.845
-0 0 0.707951 -0.706262
3
58.7014 122.922
77.1213 122.878
77.231 168.768
58.811 168.812
2
66.9744 147.825
-0 0 0.729468 -0.684015
3
56.3093 125.519
74.6912 124.335
77.6395 170.13
59.2576 171.314
2
66.1069 149.862
-0 0 0.750286 -0.661113
3
54.0824 128.258
72.3559 125.94
78.1315 171.465
59.858 173.783
2
65.1161 148.049
-0 0 0.770386 -0.637578
3
51.7781 127.231
69.8733 123.787
78.4541 168.867
60.359 172.311
2
64.0151 146.301
-0 0 0.789747 -0.613432
3
49.4148 126.348
67.2622 121.791
78.6154 166.254
60.768 170.811
2
64.2707 144.251
-0 0 0.770386 -0.637578
3
50.9327 123.433
69.0278 119.989
77.6087 165.069
59.5136 168.514
2
64.6526 142.221
-0 0 0.750286 -0.661113
3
52.628 120.618
70.9016 118.299
76.6772 163.825
58.4037 166.143
2
65.1594 140.219
-0 0 0.729468 -0.684015
3
54.4943 117.913
72.8762 116.729
75.8245 162.524
57.4426 163.708
2
64.2826 138.348
-0 0 0.750286 -0.661113
3
52.258 116.745
70.5316 114.426
76.3072 159.951
58.0337 162.27
2
63.2918 136.535
-0 0 0.770386 -0.637578
3
49.9538 115.717
68.0489 112.273
76.6298 157.354
58.5347 160.798
2
62.1908 134.788
-0 0 0.789747 -0.613432
3
47.5905 114.834
65.4378 110.277
76.7911 154.741
58.9437 159.298
2
60.9837 133.111
-0 0 0.808352 -0.588699
3
45.177 114.1
62.7083 108.447
76.7904 152.123
59.2591 157.775
2
59.6752 131.513
-0 0 0.826183 -0.563402
3
42.7227 113.515
59.8707 106.789
76.6278 149.51
59.4797 156.236
2
58.2704 129.998
-0 0 0.843222 -0.537565
3
40.237 113.084
56.936 105.31
76.3038 146.913
59.6048 154.687
2
56.7746 128.574
-0 0 0.859454 -0.511213
3
37.7293 112.807
53.9155 104.015
75.8198 144.34
59.6336 153.132
2
55.1935 127.244
-0 0 0.874862 -0.484371
3
35.2093 112.686
50.8206 102.91
75.1776 141.802
59.5663 151.579
2
54.8125 125.214
-0 0 0.859454 -0.511213
3
35.7673 109.448
51.9535 100.655
73.8578 140.98
57.6716 149.772
2
54.558 123.164
-0 0 0.843222 -0.537565
3
36.5245 106.25
53.2236 98.4755
72.5914 140.078
55.8923 147.852
2
54.4307 121.102
-0 0 0.826183 -0.563402
3
37.4782 103.105
54.6262 96.3784
71.3832 139.1
54.2352 145.826
2
54.4312 119.036
-0 0 0.808352 -0.588699
3
38.6245 100.025
56.1558 94.3721
70.2379 138.048
52.7066 143.701
2
54.5595 116.975
-0 0 0.789747 -0.613432
3
39.9592 97.0214
57.8066 92.4643
69.1598 136.928
51.3125 141.485
2
54.8151 114.925
-0 0 0.770386 -0.637578
3
41.4771 94.1066
59.5723 90.6623
68.1531 135.743
50.058 139.187
2
55.1971 112.895
-0 0 0.750286 -0.661113
3
43.1725 91.2912
61.446 88.9729
67.2216 134.498
48.9481 136.816
2
54.2063 111.082
-0 0 0.770386 -0.637578
3
40.8683 90.2638
58.9634 86.8195
67.5442 131.9
49.4491 135.344
2
53.1052 109.334
-0 0 0.789747 -0.613432
3
38.5049 89.381
56.3523 84.8239
67.7055 129.287
49.8581 133.844
2
51.8981 107.658
-0 0 0.808352 -0.588699
3
36.0914 88.646
53.6227 82.9936
67.7048 126.669
50.1736 132.322
2
50.5897 106.059
-0 0 0.826183 -0.563402
3
33.6372 88.0618
50.7852 81.3356
67.5422 124.057
50.3942 130.783
2
50.5902 103.994
-0 0 0.808352 -0.588699
3
34.7835 84.9818
52.3148 79.3293
66.3969 123.005
48.8656 128.658
2
50.7185 101.932
-0 0 0.789747 -0.613432
3
36.1182 81.9786
53.9656 77.4215
65.3188 121.885
47.4714 126.442
2
50.9741 99.8819
-0 0 0.770386 -0.637578
3
37.6361 79.0638
55.7312 75.6195
64.3121 120.7
46.217 124.144
2
51.3561 97.8518
-0 0 0.750286 -0.661113
3
39.3315 76.2484
57.605 73.9301
63.3806 119.455
45.1071 121.774
2
51.8628 95.8492
-0 0 0.729468 -0.684015
3
41.1977 73.5433
59.5797 72.3599
62.528 118.155
44.146 119.339
2
52.4925 93.8818
-0 0 0.707951 -0.706262
3
43.2278 70.9589
61.6477 70.9149
61.7573 116.805
43.3374 116.849
2
53.2427 91.9571
-0 0 0.685756 -0.727832
3
45.4138 68.5049
63.8012 69.6005
61.0717 115.409
42.6843 114.314
2
54.1106 90.0825
-0 0 0.662904 -0.748705
3
47.7474 66.1909
66.0318 68.4219
60.4737 113.974
42.1893 111.743
2
53.5942 88.0823
-0 0 0.685756 -0.727832
3
45.7653 64.6302
64.1526 65.7258
61.4232 111.535
43.0358 110.439
2
52.9551 86.118
-0 0 0.707951 -0.706262
3
43.6903 63.195
62.1103 63.151
62.2199 109.041
43.8 109.085
2
53.7053 84.1933
-0 0 0.685756 -0.727832
3
45.8764 60.7411
64.2638 61.8367
61.5343 107.645
43.1469 106.55
2
54.5732 82.3187
-0 0 0.662904 -0.748705
3
48.21 58.4271
66.4944 60.6581
60.9363 106.21
42.6519 103.979
2
55.5553 80.5013
-0 0 0.639417 -0.76886
3
50.6823 56.2619
68.7937 59.6197
60.4283 104.741
42.3169 101.383
2
56.648 78.7482
-0 0 0.615317 -0.788279
3
53.2839 54.2538
71.1528 58.7256
60.0121 103.243
42.1432 98.7709
2
57.847 77.0661
-0 0 0.590629 -0.806944
3
56.0046 52.4104
73.5627 57.9791
59.6894 101.722
42.1313 96.1531
2
59.1478 75.4614
-0 0 0.565374 -0.824835
3
58.8342 50.739
76.0142 57.3831
59.4615 100.184
42.2815 93.5396
2
60.5454 73.9402
-0 0 0.539578 -0.841936
3
61.7618 49.2457
78.4978 56.94
59.329 98.6347
42.593 90.9404
2
62.0344 72.5084
-0 0 0.513265 -0.85823
3
64.7761 47.9365
81.0041 56.6513
59.2927 97.0803
43.0647 88.3655
2
63.6092 71.1714
-0 0 0.48646 -0.873703
3
67.8657 46.8162
83.5235 56.5182
59.3526 95.5267
43.6948 85.8246
2
63.4149 73.377
-0 0 0.459189 -0.888338
3
69.17 49.3317
84.1976 59.9838
57.6598 97.4223
42.6322 86.7701
2
63.0845 75.5662
-0 0 0.431479 -0.902123
3
70.3161 51.923
84.6559 63.4844
55.853 99.2094
41.5131 87.6481
2
62.6194 77.7309
-0 0 0.403355 -0.915044
3
71.2997 54.5803
84.8969 67.0066
53.9391 100.881
40.3419 88.4551
2
64.4738 76.8206
-0 0 0.374845 -0.927088
3
74.5696 54.2514
87.372 67.495
54.3779 99.3899
41.5755 86.1462
2
66.3809 76.0269
-0 0 0.345976 -0.938244
3
77.8536 54.1254
89.8122 68.1357
54.9082 97.9283
42.9496 83.918
2
68.3335 75.3526
-0 0 0.316775 -0.948501
3
81.1391 54.2028
92.2081 68.926
55.5279 96.5024
44.4589 81.7791
2
70.3241 74.8004
-0 0 0.287271 -0.957849
3
84.4135 54.4833
94.5505 69.8631
56.2346 95.1175
46.0976 79.7377
2
72.345 74.3724
-0 0 0.257491 -0.966281
3
87.6643 54.9658
96.8304 70.9433
57.0256 93.779
47.8595 77.8015
2
74.3885 74.0702
-0 0 0.227466 -0.973786
3
90.879 55.6485
99.0392 72.1624
57.8979 92.4919
49.7378 75.9781
2
76.4468 73.8951
-0 0 0.197222 -0.980359
3
94.0454 56.5288
101.168 73.5159
58.8482 91.2613
51.7253 74.2743
2
78.512 73.8476
-0 0 0.166789 -0.985993
3
97.1512 57.6033
103.21 74.9984
59.8728 90.0919
53.8143 72.6967
2
80.5761 73.9279
-0 0 0.136197 -0.990682
3
100.185 58.8678
105.155 76.6044
60.9677 88.9881
55.997 71.2514
2
82.6314 74.1358
-0 0 0.105474 -0.994422
3
103.134 60.3176
106.998 78.3277
62.1289 87.9541
58.2649 69.9439
2
84.6698 74.4705
-0 0 0.0746496 -0.99721
3
105.988 61.947
108.73 80.1617
63.3518 86.9939
60.6093 68.7792
2
86.6837 74.9306
-0 0 0.0437541 -0.999042
3
108.736 63.7499
110.346 82.0994
64.6317 86.1113
63.0213 67.7618
2
88.6299 74.7598
-0 0 0.0437541 -0.999042
3
110.682 63.5791
112.292 81.9286
66.578 85.9405
64.9676 67.591
2
90.5762 74.589
-0 0 0.0437541 -0.999042
3
112.628 63.4083
114.239 81.7577
68.5242 85.7697
66.9139 67.4202
2
92.5225 74.4182
-0 0 0.0437541 -0.999042
3
114.574 63.2375
116.185 81.5869
70.4705 85.5988
68.8601 67.2494
2
94.4687 74.2473
-0 0 0.0437541 -0.999042
3
116.521 63.0667
118.131 81.4161
72.4168 85.428
70.8064 67.0786
2
96.415 74.0765
-0 0 0.0437541 -0.999042
3
118.467 62.8959
120.077 81.2453
74.363 85.2572
72.7527 66.9078
2
98.3613 73.9057
-0 0 0.0437541 -0.999042
3
120.413 62.725
122.024 81.0745
76.3093 85.0864
74.6989 66.737
2
100.308 73.7349
-0 0 0.0437541 -0.999042
3
122.36 62.5542
123.97 80.9037
78.2556 84.9156
76.6452 66.5661
2
102.254 73.5641
-0 0 0.0437541 -0.999042
3
124.306 62.3834
125.916 80.7329
80.2018 84.7448
78.5915 66.3953
2
104.2 73.3933
-0 0 0.0437541 -0.999042
3
126.252 62.2126
127.862 80.5621
82.1481 84.574
80.5377 66.2245
2
106.182 73.9771
-0 0 0.0128167 -0.999918
3
128.883 64.182
129.355 82.596
83.4802 83.7722
83.0081 65.3583
2
108.135 73.927
-0 0 0.0128167 -0.999918
3
130.836 64.132
131.308 82.5459
85.4333 83.7221
84.9612 65.3082
2
110.088 73.877
-0 0 0.0128167 -0.999918
3
132.789 64.0819
133.261 82.4958
87.3864 83.672
86.9143 65.2581
2
112.041 73.8269
-0 0 0.0128167 -0.999918
3
134.742 64.0318
135.214 82.4457
89.3395 83.622
88.8674 65.208
2
113.994 73.7768
-0 0 0.0128167 -0.999918
3
136.695 63.9817
137.168 82.3957
91.2926 83.5719
90.8205 65.1579
2
115.947 73.7267
-0 0 0.0128167 -0.999918
3
138.649 63.9316
139.121 82.3456
93.2457 83.5218
92.7736 65.1079
2
117.9 73.6766
-0 0 0.0128167 -0.999918
3
140.602 63.8816
141.074 82.2955
95.1989 83.4717
94.7267 65.0578
2
119.853 73.6266
-0 0 0.0128167 -0.999918
3
142.555 63.8315
143.027 82.2454
97.152 83.4216
96.6798 65.0077
2
121.806 73.5765
-0 0 0.0128167 -0.999918
3
144.508 63.7814
144.98 82.1953
99.1051 83.3716
98.6329 64.9576
2
123.76 73.5264
-0 0 0.0128167 -0.999918
3
146.461 63.7313
146.933 82.1453
101.058 83.3215
100.586 64.9075
2
125.713 73.4763
-0 0 0.0128167 -0.999918
3
148.414 63.6812
148.886 82.0952
103.011 83.2714
102.539 64.8575
2
127.666 73.4262
-0 0 0.0128167 -0.999918
3
150.367 63.6312
150.839 82.0451
104.964 83.2213
104.492 64.8074
2
129.619 73.3762
-0 0 0.0128167 -0.999918
3
152.32 63.5811
152.792 81.995
106.918 83.1712
106.445 64.7573
2
131.572 73.3261
-0 0 0.0128167 -0.999918
3
154.273 63.531
154.746 81.9449
108.871 83.1212
108.398 64.7072
2
133.525 73.276
-0 0 0.0128167 -0.999918
3
156.227 63.4809
156.699 81.8949
110.824 83.0711
110.352 64.6571
2
135.478 73.2259
-0 0 0.0128167 -0.999918
3
158.18 63.4308
158.652 81.8448
112.777 83.021
112.305 64.6071
2
137.431 73.1758
-0 0 0.0128167 -0.999918
3
160.133 63.3808
160.605 81.7947
114.73 82.9709
114.258 64.557
2
139.384 73.1258
-0 0 0.0128167 -0.999918
3
162.086 63.3307
162.558 81.7446
116.683 82.9209
116.211 64.5069
2
141.338 73.0757
-0 0 0.0128167 -0.999918
3
164.039 63.2806
164.511 81.6946
118.636 82.8708
118.164 64.4568
2
143.291 73.0256
-0 0 0.0128167 -0.999918
3
165.992 63.2305
166.464 81.6445
120.589 82.8207
120.117 64.4067
2
145.244 72.9755
-0 0 0.0128167 -0.999918
3
167.945 63.1804
168.417 81.5944
122.542 82.7706
122.07 64.3567
2
147.197 72.9255
-0 0 0.0128167 -0.999918
3
169.898 63.1304
170.37 81.5443
124.495 82.7205
124.023 64.3066
2
149.15 72.8754
-0 0 0.0128167 -0.999918
3
171.851 63.0803
172.324 81.4942
126.449 82.6705
125.976 64.2565
2
151.103 72.8253
-0 0 0.0128167 -0.999918
3
173.805 63.0302
174.277 81.4442
128.402 82.6204
127.93 64.2064
2
153.056 72.7752
-0 0 0.0128167 -0.999918
3
175.758 62.9801
176.23 81.3941
130.355 82.5703
129.883 64.1563
2
155.009 72.7251
-0 0 0.0128167 -0.999918
3
177.711 62.93
178.183 81.344
132.308 82.5202
131.836 64.1063
2
156.962 72.6751
-0 0 0.0128167 -0.999918
3
179.664 62.88
180.136 81.2939
134.261 82.4701
133.789 64.0562
2
158.916 72.625
-0 0 0.0128167 -0.999918
3
181.617 62.8299
182.089 81.2438
136.214 82.4201
135.742 64.0061
2
160.869 72.5749
-0 0 0.0128167 -0.999918
3
183.57 62.7798
184.042 81.1938
138.167 82.37
137.695 63.956
2
162.822 72.5248
-0 0 0.0128167 -0.999918
3
185.523 62.7297
185.995 81.1437
140.12 82.3199
139.648 63.906
2
164.775 72.4747
-0 0 0.0128167 -0.999918
3
187.476 62.6797
187.948 81.0936
142.073 82.2698
141.601 63.8559
2
166.728 72.4247
-0 0 0.0128167 -0.999918
3
189.429 62.6296
189.902 81.0435
144.027 82.2197
143.554 63.8058
2
168.681 72.3746
-0 0 0.0128167 -0.999918
3
191.382 62.5795
191.855 80.9934
145.98 82.1697
145.508 63.7557
2
170.634 72.3245
-0 0 0.0128167 -0.999918
3
193.336 62.5294
193.808 80.9434
147.933 82.1196
147.461 63.7056
2
172.587 72.2744
-0 0 0.0128167 -0.999918
3
195.289 62.4793
195.761 80.8933
149.886 82.0695
149.414 63.6556
2
174.54 72.2243
-0 0 0.0128167 -0.999918
3
197.242 62.4293
197.714 80.8432
151.839 82.0194
151.367 63.6055
2
176.494 72.1743
-0 0 0.0128167 -0.999918
3
199.195 62.3792
199.667 80.7931
153.792 81.9693
153.32 63.5554
2
178.447 72.1242
-0 0 0.0128167 -0.999918
3
201.148 62.3291
201.62 80.743
155.745 81.9193
155.273 63.5053
2
180.4 72.0741
-0 0 0.0128167 -0.999918
3
203.101 62.279
203.573 80.693
157.698 81.8692
157.226 63.4552
2
182.353 72.024
-0 0 0.0128167 -0.999918
3
205.054 62.2289
205.526 80.6429
159.651 81.8191
159.179 63.4052
2
184.306 71.9739
-0 0 0.0128167 -0.999918
3
207.007 62.1789
207.48 80.5928
161.605 81.769
161.132 63.3551
2
186.259 71.9239
-0 0 0.0128167 -0.999918
3
208.96 62.1288
209.433 80.5427
163.558 81.7189
163.086 63.305
2
188.212 71.8738
-0 0 0.0128167 -0.999918
3
210.914 62.0787
211.386 80.4926
165.511 81.6689
165.039 63.2549
2
190.165 71.8237
-0 0 0.0128167 -0.999918
3
212.867 62.0286
213.339 80.4426
167.464 81.6188
166.992 63.2048
2
192.118 71.7736
-0 0 0.0128167 -0.999918
3
214.82 61.9785
215.292 80.3925
169.417 81.5687
168.945 63.1548
2
194.072 71.7235
-0 0 0.0128167 -0.999918
3
216.773 61.9285
217.245 80.3424
171.37 81.5186
170.898 63.1047
2
196.025 71.6735
-0 0 0.0128167 -0.999918
3
218.726 61.8784
219.198 80.2923
173.323 81.4686
172.851 63.0546
2
197.978 71.6234
-0 0 0.0128167 -0.999918
3
220.679 61.8283
221.151 80.2423
175.276 81.4185
174.804 63.0045
2
199.931 71.5733
-0 0 0.0128167 -0.999918
3
222.632 61.7782
223.104 80.1922
177.229 81.3684
176.757 62.9544
2
201.884 71.5232
-0 0 0.0128167 -0.999918
3
224.585 61.7281
225.057 80.1421
179.183 81.3183
178.71 62.9044
2
203.837 71.4732
-0 0 0.0128167 -0.999918
3
226.538 61.6781
227.011 80.092
181.136 81.2682
180.664 62.8543
2
205.79 71.4231
-0 0 0.0128167 -0.999918
3
228.492 61.628
228.964 80.0419
183.089 81.2182
182.617 62.8042
2
207.743 71.373
-0 0 0.0128167 -0.999918
3
230.445 61.5779
230.917 79.9919
185.042 81.1681
184.57 62.7541
2
209.696 71.3229
-0 0 0.0128167 -0.999918
3
232.398 61.5278
232.87 79.9418
186.995 81.118
186.523 62.704
2
211.65 71.2728
-0 0 0.0128167 -0.999918
3
234.351 61.4777
234.823 79.8917
188.948 81.0679
188.476 62.654
2
213.603 71.2228
-0 0 0.0128167 -0.999918
3
236.304 61.4277
236.776 79.8416
190.901 81.0178
190.429 62.6039
2
215.556 71.1727
-0 0 0.0128167 -0.999918
3
238.257 61.3776
238.729 79.7915
192.854 80.9678
192.382 62.5538
2
217.509 71.1226
-0 0 0.0128167 -0.999918
3
240.21 61.3275
240.682 79.7415
194.807 80.9177
194.335 62.5037
2
219.462 71.0725
-0 0 0.0128167 -0.999918
3
242.163 61.2774
242.635 79.6914
196.761 80.8676
196.288 62.4537
2
221.415 71.0224
-0 0 0.0128167 -0.999918
3
244.116 61.2274
244.589 79.6413
198.714 80.8175
198.242 62.4036
2
223.368 70.9724
-0 0 0.0128167 -0.999918
3
246.07 61.1773
246.542 79.5912
200.667 80.7674
200.195 62.3535
2
225.321 70.9223
-0 0 0.0128167 -0.999918
3
248.023 61.1272
248.495 79.5411
202.62 80.7174
202.148 62.3034
2
227.274 70.8722
-0 0 0.0128167 -0.999918
3
249.976 61.0771
250.448 79.4911
204.573 80.6673
204.101 62.2533
2
229.216 71.5775
0 0 0.018133 0.999836
3
252.48 63.2055
251.812 81.6134
205.952 79.9494
206.62 61.5415
2
231.11 72.4015
0 0 0.0490653 0.998796
3
254.847 65.4847
253.042 83.816
207.373 79.3183
209.178 60.9869
2
232.95 73.3411
0 0 0.0799506 0.996799
3
257.07 67.9061
254.134 86.0906
208.83 78.7762
211.766 60.5917
2
234.728 74.3928
0 0 0.110759 0.993847
3
259.138 70.4602
255.082 88.4283
210.318 78.3253
214.374 60.3573
2
236.437 75.5524
0 0 0.141462 0.989944
3
261.044 73.1374
255.885 90.8202
211.831 77.9674
216.99 60.2846
2
238.072 76.8155
0 0 0.172029 0.985092
3
262.78 75.9274
256.537 93.2571
213.364 77.7037
219.607 60.3739
2
239.625 78.1774
0 0 0.202431 0.979296
3
264.341 78.8195
257.038 95.7298
214.909 77.5353
222.212 60.625
2
241.091 79.6327
0 0 0.23264 0.972563
3
265.72 81.8026
257.385 98.2287
216.462 77.4629
224.798 61.0367
2
242.465 81.176
0 0 0.262626 0.964898
3
266.912 84.8653
257.577 100.744
218.017 77.4867
227.352 61.6076
2
243.74 82.8012
0 0 0.29236 0.956308
3
267.912 87.9958
257.612 103.267
219.567 77.6066
229.867 62.3354
2
244.912 84.5022
0 0 0.321814 0.946803
3
268.717 91.1822
257.492 105.787
221.107 77.8221
232.332 63.2174
2
245.976 86.2724
0 0 0.350959 0.936391
3
269.322 94.4123
257.216 108.295
222.63 78.1325
234.737 64.2502
2
246.929 88.1052
0 0 0.379769 0.925081
3
269.727 97.6737
256.785 110.78
224.132 78.5366
237.074 65.4298
2
247.767 89.9933
0 0 0.408215 0.912886
3
269.93 100.954
256.201 113.235
225.605 79.0328
239.334 66.7518
2
248.487 91.9297
0 0 0.436269 0.899816
3
269.929 104.24
255.467 115.649
227.045 79.6191
241.507 68.2109
2
249.085 93.9069
0 0 0.463906 0.885884
3
269.724 107.52
254.584 118.012
228.446 80.2935
243.586 69.8018
2
249.56 95.9173
0 0 0.491099 0.871104
3
269.317 110.781
253.557 120.316
229.803 81.0532
245.563 71.5182
2
249.91 97.9533
0 0 0.517821 0.855489
3
268.71 114.011
252.39 122.553
231.11 81.8954
247.429 73.3536
2
250.133 100.007
0 0 0.544047 0.839055
3
267.903 117.197
251.086 124.713
232.362 82.8168
249.179 75.3009
2
250.228 102.07
0 0 0.569752 0.821817
3
266.901 120.327
249.652 126.788
233.555 83.8139
250.805 77.3528
2
250.196 104.136
0 0 0.594911 0.803792
3
265.707 123.389
248.091 128.771
234.684 84.8829
252.3 79.5012
2
250.036 106.195
0 0 0.6195 0.784997
3
264.327 126.371
246.411 130.653
235.745 86.0197
253.66 81.7381
2
249.748 108.241
0 0 0.643496 0.76545
3
262.764 129.262
244.618 132.427
236.733 87.2199
254.879 84.0549
2
249.335 110.265
0 0 0.666875 0.745169
3
261.025 132.051
242.718 134.088
237.645 88.479
255.952 86.4426
2
248.798 112.26
0 0 0.689616 0.724175
3
259.118 134.727
240.72 135.627
238.478 89.7921
256.876 88.8921
2
248.138 114.217
0 0 0.711696 0.702488
3
257.048 137.28
238.63 137.04
239.227 91.1542
257.646 91.3941
2
247.358 116.13
0 0 0.733094 0.680127
3
254.825 139.7
236.456 138.321
239.891 92.56
258.26 93.9389
2
246.461 117.991
0 0 0.753791 0.657115
3
252.456 141.978
234.208 139.465
240.467 94.0043
258.715 96.5168
2
245.451 119.793
0 0 0.773765 0.633473
3
249.95 144.105
231.893 140.468
240.952 95.4814
259.01 99.1179
2
244.332 121.529
0 0 0.792998 0.609225
3
247.318 146.073
229.52 141.326
241.345 96.9857
259.143 101.732
2
243.107 123.193
0 0 0.811471 0.584393
3
244.569 147.874
227.099 142.035
241.645 98.5114
259.115 104.35
2
241.782 124.777
0 0 0.829167 0.559001
3
241.714 149.501
224.639 142.593
241.849 100.053
258.924 106.961
2
240.361 126.276
0 0 0.846069 0.533074
3
238.764 150.949
222.148 142.998
241.957 101.604
258.573 109.555
2
238.85 127.685
0 0 0.86216 0.506636
3
235.73 152.212
219.638 143.248
241.97 103.158
258.062 112.122
2
237.255 128.998
0 0 0.877426 0.479713
3
232.623 153.284
217.117 143.342
241.886 104.711
257.392 114.653
2
235.581 130.209
0 0 0.891851 0.45233
3
229.456 154.163
214.595 143.28
241.706 106.255
256.568 117.138
2
235.945 128.025
0 0 0.905421 0.424514
3
228.35 151.554
214.19 139.773
243.54 104.496
257.7 116.277
2
235.247 131.448
0 0 0.881849 0.471531
3
230.165 155.645
214.846 145.416
240.329 107.252
255.648 117.481
2
234.912 134.926
0 0 0.855838 0.517244
3
232.399 159.522
216.09 150.959
237.425 110.33
253.734 118.893
2
234.944 138.42
0 0 0.827459 0.561526
3
235.027 163.144
217.91 156.34
234.861 113.695
251.978 120.499
2
235.343 141.891
0 0 0.796791 0.604255
3
238.022 166.469
220.285 161.501
232.664 117.312
250.401 122.281
2
236.104 145.3
0 0 0.763919 0.645312
3
241.349 169.462
223.188 166.383
230.858 121.139
249.019 124.218
2
237.218 148.612
0 0 0.728934 0.684584
3
244.972 172.089
226.588 170.934
229.465 125.134
247.849 126.289
2
238.333 151.798
0 0 0.700392 0.713758
3
247.975 174.565
229.558 174.913
228.691 129.031
247.108 128.683
2
238.393 154.959
0 0 0.700392 0.713758
3
248.035 177.726
229.618 178.074
228.751 132.193
247.167 131.844
2
238.453 158.121
0 0 0.700392 0.713758
3
248.095 180.888
229.678 181.236
228.811 135.354
247.227 135.006
2
238.512 161.283
0 0 0.700392 0.713758
3
248.154 184.05
229.738 184.398
228.87 138.516
247.287 138.168
2
238.572 164.445
0 0 0.700392 0.713758
3
248.214 187.211
229.798 187.56
228.93 141.678
247.347 141.33
2
238.632 167.606
0 0 0.700392 0.713758
3
248.274 190.373
229.857 190.721
228.99 144.839
247.407 144.491
2
238.692 170.768
0 0 0.700392 0.713758
3
248.334 193.535
229.917 193.883
229.05 148.001
247.466 147.653
2
238.751 173.93
0 0 0.700392 0.713758
3
248.394 196.697
229.977 197.045
229.109 151.163
247.526 150.815
2
240.31 176.993
0 0 0.665222 0.746646
3
252.097 198.727
233.799 200.845
228.523 155.259
246.821 153.141
2
242.306 179.861
0 0 0.625045 0.780588
3
256.309 200.237
238.335 204.264
228.302 159.485
246.276 155.457
2
244.591 182.503
0 0 0.58314 0.812372
3
260.657 201.296
243.205 207.189
228.525 163.71
245.977 157.818
2
244.903 180.311
0 0 0.557721 0.830028
3
262.101 198.074
245.047 205.035
227.705 162.548
244.759 155.587
2
245.078 178.104
0 0 0.531768 0.84689
3
263.342 194.769
246.751 202.772
226.815 161.439
243.406 153.436
2
245.117 175.89
0 0 0.505305 0.862941
3
264.377 191.394
248.313 200.407
225.857 160.387
241.921 151.373
2
245.019 173.679
0 0 0.478358 0.878165
3
265.201 187.961
249.725 197.951
224.837 159.396
240.312 149.406
2
246.696 174.885
0 0 0.450954 0.892547
3
267.723 187.891
252.895 198.819
225.669 161.878
240.497 150.95
2
248.444 175.985
0 0 0.423117 0.906075
3
270.235 187.666
256.112 199.49
226.653 164.304
240.776 152.479
2
247.939 173.829
0 0 0.394875 0.918735
3
270.411 184.139
257.046 196.815
225.467 163.519
238.832 150.843
2
247.302 171.709
0 0 0.366254 0.930515
3
270.368 180.609
257.813 194.087
224.235 162.808
236.79 149.33
2
246.534 169.632
0 0 0.337283 0.941403
3
270.107 177.088
258.41 191.318
222.961 162.176
234.658 147.946
2
245.64 167.607
0 0 0.307989 0.95139
3
269.629 173.59
258.834 188.516
221.65 161.623
232.445 146.697
2
244.622 165.641
0 0 0.278399 0.960465
3
268.935 170.129
259.084 185.694
220.308 161.152
230.159 145.588
2
243.484 163.741
0 0 0.248544 0.968621
3
268.029 166.717
259.16 182.861
218.939 160.765
227.808 144.621
2
242.231 161.916
0 0 0.218449 0.975848
3
266.913 163.367
259.059 180.029
217.549 160.464
225.402 143.802
2
240.867 160.171
0 0 0.188146 0.982141
3
265.592 160.093
258.784 177.209
216.143 160.25
222.95 143.134
2
238.662 160.367
0 0 0.218449 0.975848
3
263.344 161.818
255.49 178.48
213.98 158.915
221.833 142.253
2
236.449 160.425
0 0 0.248544 0.968621
3
260.993 163.401
252.124 179.545
211.904 157.45
220.773 141.305
2
234.236 160.347
0 0 0.278399 0.960465
3
258.549 164.835
248.699 180.4
209.922 155.858
219.773 140.294
2
233.098 158.447
0 0 0.248544 0.968621
3
257.643 161.423
248.774 177.567
208.553 155.472
217.422 139.327
2
231.845 156.622
0 0 0.218449 0.975848
3
256.527 158.073
248.674 174.735
207.163 155.17
215.017 138.508
2
230.482 154.878
0 0 0.188146 0.982141
3
255.206 154.799
248.398 171.915
205.757 154.956
212.565 137.84
2
229.013 153.221
0 0 0.157663 0.987493
3
253.685 151.613
247.949 169.118
204.341 154.828
210.076 137.324
2
227.444 151.658
0 0 0.127028 0.991899
3
251.97 148.528
247.328 166.353
202.919 154.789
207.561 136.963
2
225.782 150.196
0 0 0.0962718 0.995355
3
250.067 145.554
246.537 163.632
201.497 154.838
205.027 136.759
2
224.033 148.839
0 0 0.0654233 0.997858
3
247.984 142.703
245.579 160.966
200.081 154.974
202.486 136.712
2
221.942 149.569
0 0 0.0962718 0.995355
3
246.227 144.927
242.697 163.005
197.657 154.21
201.188 136.132
2
219.811 150.168
0 0 0.127028 0.991899
3
244.336 147.037
239.694 164.863
195.285 153.298
199.927 135.473
2
218.149 148.705
0 0 0.0962718 0.995355
3
242.433 144.063
238.903 162.142
193.864 153.347
197.394 135.268
2
216.399 147.348
0 0 0.0654233 0.997858
3
240.35 141.213
237.945 159.475
192.448 153.483
194.853 135.221
2
214.569 146.102
0 0 0.0345122 0.999404
3
238.095 138.497
236.824 156.873
191.043 153.707
192.314 135.331
2
212.665 144.971
0 0 0.00356799 0.999994
3
235.675 135.925
235.544 154.345
189.655 154.017
189.787 135.598
2
210.695 143.961
-0 0 0.0273796 -0.999625
3
233.102 133.509
234.11 151.901
188.289 154.413
187.281 136.021
2
208.745 144.068
-0 0 0.0273796 -0.999625
3
231.151 133.616
232.159 152.008
186.338 154.52
185.33 136.128
2
206.794 144.175
-0 0 0.0273796 -0.999625
3
229.2 133.723
230.208 152.115
184.387 154.627
183.379 136.235
2
204.843 144.282
-0 0 0.0273796 -0.999625
3
227.249 133.829
228.258 152.222
182.436 154.734
181.428 136.341
2
202.892 144.389
-0 0 0.0273796 -0.999625
3
225.299 133.936
226.307 152.329
180.486 154.841
179.477 136.448
2
200.941 144.496
-0 0 0.0273796 -0.999625
3
223.348 134.043
224.356 152.436
178.535 154.948
177.527 136.555
2
200.941 144.496
-0 0 0.0273796 -0.999625
3
223.348 134.043
224.356 152.436
178.535 154.948
177.527 136.555
2
199.22 144.559
-0 0 0.0239577 -0.999713
3
221.698 134.26
222.58 152.659
176.743 154.857
175.86 136.458
2
197.499 144.622
-0 0 0.0205358 -0.999789
3
220.046 134.477
220.803 152.882
174.951 154.766
174.195 136.362
2
195.776 144.685
-0 0 0.0171135 -0.999854
3
218.393 134.695
219.023 153.104
173.16 154.674
172.53 136.265
2
194.053 144.748
-0 0 0.0136911 -0.999906
3
216.738 134.913
217.242 153.326
171.369 154.582
170.865 136.169
2
192.33 144.811
-0 0 0.0102684 -0.999947
3
215.081 135.131
215.459 153.548
169.579 154.49
169.201 136.074
2
190.606 144.874
-0 0 0.00684581 -0.999977
3
213.422 135.351
213.674 153.769
167.789 154.397
167.537 135.979
2
188.881 144.937
-0 0 0.00342288 -0.999994
3
211.762 135.57
211.888 153.99
165.999 154.304
165.873 135.884
2
187.155 145
0 -0 -8.74228e-08 -1
3
210.1 135.79
210.1 154.21
164.21 154.21
164.21 135.79
