0
45 175
0
46 174
0
47 173
0
48 172
0
49 171
0
50 170
0
51 169
0
52 168
0
53 167
0
54 166
0
55 165
0
56 164
0
57 163
0
58 162
0
59 161
0
60 160
0
61 159
0
62 158
0
63 157
0
64 156
0
65 155
0
66 154
0
67 153
0
68 152
0
69 151
0
70 150
0
71 149
0
72 148
0
73 147
0
74 146
0
75 145
0
76 144
0
77 143
0
78 142
0
79 141
0
80 140
0
81 139
0
82 138
0
83 137
0
84 136
0
85 135
0
86 134
0
87 133
0
88 132
0
89 131
0
90 130
0
91 129
0
92 128
0
93 127
0
94 126
0
95 125
0
96 124
0
96 123
0
96 122
0
96 121
0
96 120
0
96 119
0
96 118
0
96 117
0
96 116
0
96 115
0
96 114
0
96 113
0
96 112
0
96 111
0
96 110
0
96 109
0
96 108
0
96 107
0
96 106
0
96 105
0
96 104
0
96 103
0
96 102
0
96 101
0
96 100
0
96 99
0
96 98
0
96 97
0
96 96
0
96 95
0
96 94
0
96 93
0
96 92
0
96 91
0
96 90
0
96 89
0
96 88
0
96 87
0
96 86
0
96 85
0
96 84
0
96 83
0
96 82
0
97 81
0
97 80
0
97 79
0
97 78
0
97 77
0
98 76
0
98 75
0
99 74
0
100 73
0
101 72
0
102 71
0
103 71
0
104 70
0
105 70
0
106 69
0
107 69
0
108 69
0
109 69
0
110 69
0
111 69
0
112 69
0
113 69
0
114 69
0
115 69
0
116 70
0
117 70
0
118 71
0
119 71
0
120 72
0
121 73
0
122 74
0
123 75
0
124 76
0
125 77
0
126 78
0
127 79
0
128 80
0
129 81
0
130 82
0
131 83
0
132 84
0
133 85
0
134 86
0
135 87
0
136 88
0
137 89
0
138 90
0
139 91
0
140 92
0
141 93
0
142 94
0
143 95
0
144 96
0
145 97
0
146 98
0
147 99
0
148 100
0
149 101
0
150 102
0
151 103
0
152 104
0
153 105
0
154 106
0
155 107
0
156 108
0
157 109
0
158 110
0
159 111
0
160 112
0
161 113
0
162 114
0
163 115
0
164 116
0
165 117
0
166 118
0
167 119
0
168 120
0
169 121
0
170 122
0
171 123
0
172 124
0
173 125
0
174 125
0
175 125
0
176 126
0
177 126
0
178 127
0
179 127
0
180 128
0
181 128
0
182 129
0
183 129
0
184 130
0
185 130
0
186 130
0
187 131
0
188 131
0
189 132
0
190 132
0
191 133
0
192 133
0
193 134
0
194 134
0
195 135
0
196 135
0
197 135
0
198 136
0
199 136
0
200 137
0
201 137
0
202 138
0
203 138
0
204 139
0
205 139
0
206 140
0
207 140
0
208 140
0
209 141
0
210 141
0
211 142
0
212 142
0
213 143
0
214 143
0
215 144
0
216 144
0
217 145
0
218 145
0
219 145
0
220 146
0
221 146
0
222 147
0
223 147
0
224 148
0
225 148
0
226 149
0
227 149
0
228 150
0
229 150
0
230 150
0
231 151
0
232 151
0
233 152
0
234 152
0
235 153
0
236 153
0
237 154
0
238 154
0
239 154
0
240 155
1
45 175 4.71225
1
44.9997 173.046 4.71225
1
44.9995 171.092 4.71225
1
44.9992 169.139 4.71225
1
44.9989 167.185 4.71225
1
44.9986 165.231 4.71225
1
44.9984 163.277 4.71225
1
44.9981 161.324 4.71225
1
44.9978 159.37 4.71225
1
44.9976 157.416 4.71225
1
44.9973 155.462 4.71225
1
44.997 153.509 4.71225
1
44.9967 151.555 4.71225
1
44.9965 149.601 4.71225
1
44.9962 147.647 4.71225
1
44.9959 145.694 4.71225
1
44.9957 143.74 4.71225
1
44.9954 141.786 4.71225
1
44.9951 139.832 4.71225
1
44.9949 137.879 4.71225
1
44.9946 135.925 4.71225
1
44.9943 133.971 4.71225
1
44.994 132.017 4.71225
1
44.9938 130.064 4.71225
1
44.9935 128.11 4.71225
1
44.9932 126.156 4.71225
1
44.993 124.202 4.71225
1
44.9927 122.249 4.71225
1
44.9924 120.295 4.71225
1
44.9921 118.341 4.71225
1
44.9919 116.387 4.71225
1
44.9916 114.434 4.71225
1
44.9913 112.48 4.71225
1
44.9911 110.526 4.71225
1
44.9908 108.572 4.71225
1
44.8697 106.622 4.77415
1
44.8694 104.669 4.83605
1
44.99 102.719 4.89796
1
45.231 100.78 4.95986
1
45.5914 98.8597 5.02176
1
46.07 96.9655 5.08366
1
46.6649 95.1045 5.14556
1
47.3737 93.2838 5.20747
1
48.4065 91.6254 5.14556
1
49.3347 89.9062 5.08366
1
49.9296 88.0452 5.14556
1
50.6384 86.2246 5.20747
1
51.4585 84.4513 5.26937
1
52.3867 82.7321 5.33127
1
53.4195 81.0737 5.39317
1
54.5529 79.4823 5.45507
1
55.7826 77.9641 5.51698
1
57.1039 76.5248 5.57888
1
58.5116 75.1701 5.64078
1
60.0005 73.905 5.70268
1
61.5648 72.7345 5.76459
1
63.1985 71.6629 5.82649
1
64.8954 70.6945 5.88839
1
66.6489 69.833 5.95029
1
68.4523 69.0815 6.01219
1
70.2988 68.4431 6.0741
1
72.1813 67.9201 6.136
1
74.1139 67.6335 6.136
1
76.0465 67.347 6.136
1
77.9791 67.0605 6.136
1
79.9118 66.774 6.136
1
81.8444 66.4874 6.136
1
83.777 66.2009 6.136
1
85.7096 65.9144 6.136
1
87.6423 65.6278 6.136
1
89.5749 65.3413 6.136
1
91.5075 65.0548 6.136
1
93.4401 64.7682 6.136
1
95.3728 64.4817 6.136
1
97.3054 64.1952 6.136
1
99.238 63.9087 6.136
1
101.171 63.6221 6.136
1
103.103 63.3356 6.136
1
105.036 63.0491 6.136
1
106.969 62.7625 6.136
1
108.88 62.357 6.1979
1
110.812 62.0705 6.2598
1
112.766 62.0248 6.2598
1
114.718 62.1 6.1979
1
116.671 62.0543 6.136
1
118.618 61.8879 6.0741
1
120.5 61.3649 6.136
1
122.433 61.0784 6.136
1
124.365 60.7919 6.136
1
126.277 60.3863 6.1979
1
128.209 60.0998 6.2598
1
130.156 59.9334 0.0385181
1
132.109 59.8877 0.10042
1
134.061 59.9629 0.162322
1
136.005 60.1588 0.224224
1
137.933 60.4745 0.286126
1
139.838 60.909 0.348028
1
141.713 61.4604 0.409931
1
143.549 62.1267 0.471833
1
145.341 62.9054 0.533735
1
147.081 63.7934 0.595637
1
148.763 64.7874 0.657539
1
150.381 65.8835 0.719441
1
151.927 67.0776 0.781343
1
153.397 68.365 0.843245
1
154.784 69.7409 0.905147
1
156.083 71.2 0.967049
1
157.29 72.7366 1.02895
1
158.399 74.345 1.09085
1
159.192 76.1305 1.02895
1
160.094 77.8635 0.967049
1
161.102 79.5374 0.905147
1
162.211 81.1457 0.843245
1
163.51 82.6048 0.843245
1
164.81 84.0639 0.843245
1
166.109 85.5229 0.843245
1
167.408 86.982 0.843245
1
168.708 88.4411 0.843245
1
170.007 89.9001 0.843245
1
171.306 91.3592 0.843245
1
172.606 92.8183 0.843245
1
173.905 94.2774 0.843245
1
175.204 95.7364 0.843245
1
176.504 97.1955 0.843245
1
177.803 98.6546 0.843245
1
179.102 100.114 0.843245
1
180.402 101.573 0.843245
1
181.701 103.032 0.843245
1
183 104.491 0.843245
1
184.3 105.95 0.843245
1
185.599 107.409 0.843245
1
186.898 108.868 0.843245
1
188.198 110.327 0.843245
1
189.497 111.786 0.843245
1
190.796 113.245 0.843245
1
192.096 114.704 0.843245
1
193.395 116.163 0.843245
1
194.694 117.622 0.843245
1
195.994 119.082 0.843245
1
197.293 120.541 0.843245
1
198.592 122 0.843245
1
199.892 123.459 0.843245
1
201.191 124.918 0.843245
1
202.49 126.377 0.843245
1
203.79 127.836 0.843245
1
205.177 129.212 0.905147
1
206.476 130.671 0.967049
1
207.683 132.208 1.02895
1
208.792 133.816 1.09085
1
209.585 135.601 1.02895
1
210.487 137.334 0.967049
1
211.495 139.008 0.905147
1
212.701 140.545 0.905147
1
213.81 142.153 0.843245
1
215.017 143.69 0.781343
1
216.316 145.149 0.719441
1
217.703 146.525 0.657539
1
219.173 147.812 0.595637
1
220.719 149.006 0.533735
1
222.337 150.103 0.471833
1
224.019 151.097 0.409931
1
225.759 151.985 0.348028
1
227.551 152.763 0.286126
1
229.387 153.43 0.224224
1
231.262 153.981 0.162322
1
233.167 154.415 0.10042
1
235.095 154.731 0.0385181
1
237.039 154.927 6.2598
2
44.998 160.845
0 0 0.707156 -0.707058
3
35.7849 137.901
54.2049 137.899
54.2112 183.789
35.7912 183.791
2
44.9978 158.891
0 0 0.707156 -0.707058
3
35.7846 135.948
54.2046 135.945
54.2109 181.835
35.7909 181.838
2
44.9975 156.938
0 0 0.707156 -0.707058
3
35.7843 133.994
54.2043 133.991
54.2107 179.881
35.7907 179.884
2
44.9972 154.984
0 0 0.707156 -0.707058
3
35.784 132.04
54.204 132.037
54.2104 177.927
35.7904 177.93
2
44.997 153.03
0 0 0.707156 -0.707058
3
35.7838 130.086
54.2038 130.084
54.2101 175.974
35.7901 175.976
2
44.9967 151.076
0 0 0.707156 -0.707058
3
35.7835 128.133
54.2035 128.13
54.2099 174.02
35.7899 174.023
2
44.9964 149.122
0 0 0.707156 -0.707058
3
35.7832 126.179
54.2032 126.176
54.2096 172.066
35.7896 172.069
2
44.9961 147.169
0 0 0.707156 -0.707058
3
35.783 124.225
54.203 124.222
54.2093 170.112
35.7893 170.115
2
44.9959 145.215
0 0 0.707156 -0.707058
3
35.7827 122.271
54.2027 122.269
54.2091 168.159
35.7891 168.161
2
44.9956 143.261
0 0 0.707156 -0.707058
3
35.7824 120.318
54.2024 120.315
54.2088 166.205
35.7888 166.208
2
44.9953 141.307
0 0 0.707156 -0.707058
3
35.7821 118.364
54.2021 118.361
54.2085 164.251
35.7885 164.254
2
44.9951 139.354
0 0 0.707156 -0.707058
3
35.7819 116.41
54.2019 116.407
54.2082 162.297
35.7882 162.3
2
44.9948 137.4
0 0 0.707156 -0.707058
3
35.7816 114.456
54.2016 114.454
54.208 160.344
35.788 160.346
2
44.9945 135.446
0 0 0.707156 -0.707058
3
35.7813 112.503
54.2013 112.5
54.2077 158.39
35.7877 158.393
2
44.9942 133.492
0 0 0.707156 -0.707058
3
35.7811 110.549
54.2011 110.546
54.2074 156.436
35.7874 156.439
2
44.994 131.539
0 0 0.707156 -0.707058
3
35.7808 108.595
54.2008 108.592
54.2072 154.482
35.7872 154.485
2
44.9937 129.585
0 0 0.707156 -0.707058
3
35.7805 106.641
54.2005 106.639
54.2069 152.529
35.7869 152.531
2
44.9934 127.631
0 0 0.707156 -0.707058
3
35.7802 104.688
54.2002 104.685
54.2066 150.575
35.7866 150.578
2
44.9932 125.677
0 0 0.707156 -0.707058
3
35.78 102.734
54.2 102.731
54.2063 148.621
35.7863 148.624
2
44.9929 123.724
0 0 0.707156 -0.707058
3
35.7797 100.78
54.1997 100.777
54.2061 146.667
35.7861 146.67
2
44.9926 121.77
0 0 0.707156 -0.707058
3
35.7794 98.8263
54.1994 98.8237
54.2058 144.714
35.7858 144.716
2
44.9923 119.816
0 0 0.707156 -0.707058
3
35.7792 96.8725
54.1992 96.87
54.2055 142.76
35.7855 142.763
2
44.9921 117.862
0 0 0.707156 -0.707058
3
35.7789 94.9188
54.1989 94.9162
54.2053 140.806
35.7853 140.809
2
44.9918 115.909
0 0 0.707156 -0.707058
3
35.7786 92.965
54.1986 92.9625
54.205 138.852
35.785 138.855
2
44.9915 113.955
0 0 0.707156 -0.707058
3
35.7784 91.0113
54.1984 91.0087
54.2047 136.899
35.7847 136.901
2
44.9913 112.001
0 0 0.707156 -0.707058
3
35.7781 89.0575
54.1981 89.055
54.2044 134.945
35.7844 134.948
2
44.991 110.047
0 0 0.707156 -0.707058
3
35.7778 87.1038
54.1978 87.1012
54.2042 132.991
35.7842 132.994
2
44.9907 108.094
0 0 0.707156 -0.707058
3
35.7775 85.15
54.1975 85.1475
54.2039 131.037
35.7839 131.04
2
44.9905 106.14
0 0 0.707156 -0.707058
3
35.7773 83.1963
54.1973 83.1937
54.2036 129.084
35.7836 129.086
2
44.9902 104.186
0 0 0.707156 -0.707058
3
35.777 81.2425
54.197 81.24
54.2034 127.13
35.7834 127.133
2
44.9899 102.232
0 0 0.707156 -0.707058
3
35.7767 79.2888
54.1967 79.2862
54.2031 125.176
35.7831 125.179
2
44.9896 100.279
0 0 0.707156 -0.707058
3
35.7765 77.335
54.1965 77.3325
54.2028 123.222
35.7828 123.225
2
44.9894 98.325
0 0 0.707156 -0.707058
3
35.7762 75.3813
54.1962 75.3787
54.2026 121.269
35.7826 121.271
2
44.9891 96.3712
0 0 0.707156 -0.707058
3
35.7759 73.4275
54.1959 73.425
54.2023 119.315
35.7823 119.318
2
44.9888 94.4175
0 0 0.707156 -0.707058
3
35.7756 71.4738
54.1956 71.4712
54.202 117.361
35.782 117.364
2
45.7434 92.4945
0 0 0.684936 -0.728603
3
37.9672 69.0248
56.3521 70.1617
53.5195 115.964
35.1347 114.827
2
46.6154 90.6218
0 0 0.662061 -0.74945
3
40.306 66.716
58.5853 68.9881
52.9248 114.528
34.6455 112.256
2
47.6016 88.8067
0 0 0.638551 -0.769579
3
42.7832 64.5564
60.887 67.9549
52.4201 113.057
34.3163 109.659
2
48.6983 87.0561
0 0 0.61443 -0.788971
3
45.3892 62.5541
63.2481 67.0661
52.0073 111.558
34.1484 107.046
2
49.9011 85.3767
0 0 0.58972 -0.807608
3
48.1142 60.7169
65.6597 66.3251
51.688 110.036
34.1425 104.428
2
51.2055 83.7749
0 0 0.564446 -0.82547
3
50.9475 59.0518
68.1125 65.7346
51.4635 108.498
34.2985 101.815
2
52.6065 82.2569
0 0 0.53863 -0.842542
3
53.8784 57.5652
70.5971 65.2971
51.3345 106.949
34.6159 99.2166
2
54.0987 80.8284
0 0 0.512299 -0.858807
3
56.8957 56.2627
73.1041 65.014
51.3017 105.394
35.0934 96.6428
2
54.3481 78.7778
0 0 0.53863 -0.842542
3
55.6201 54.0861
72.3387 61.818
53.0762 103.469
36.3575 95.7376
2
54.4702 76.7156
0 0 0.564446 -0.82547
3
54.2122 51.9926
71.3772 58.6754
54.7282 101.439
37.5632 94.7559
2
55.8712 75.1976
0 0 0.53863 -0.842542
3
57.1431 50.5059
73.8618 58.2378
54.5992 99.8893
37.8806 92.1574
2
57.3634 73.7691
0 0 0.512299 -0.858807
3
60.1604 49.2034
76.3688 57.9548
54.5664 98.3349
38.3581 89.5835
2
58.9412 72.4357
0 0 0.485477 -0.87425
3
63.2525 48.0901
78.8884 57.8274
54.6298 96.7814
38.9939 87.0441
2
60.5984 71.2025
0 0 0.45819 -0.888855
3
66.4075 47.1702
81.4111 57.8561
54.7892 95.2348
39.7856 84.5489
2
62.3287 70.0741
0 0 0.430464 -0.902608
3
69.6134 46.4472
83.9272 58.0408
55.044 93.701
40.7302 82.1074
2
64.1255 69.0549
0 0 0.402325 -0.915497
3
72.8579 45.9239
86.4271 58.3808
55.3931 92.1859
41.8239 79.729
2
65.9819 68.1489
0 0 0.373801 -0.927509
3
76.1285 45.6024
88.9011 58.8748
55.8353 90.6953
43.0627 77.4229
2
67.8908 67.3594
0 0 0.34492 -0.938632
3
79.4128 45.4838
91.3399 59.5209
56.3689 89.235
44.4418 75.1978
2
69.8449 66.6895
0 0 0.315707 -0.948857
3
82.6981 45.5686
93.7339 60.3167
56.9918 87.8104
45.9559 73.0623
2
71.8367 66.1418
0 0 0.286193 -0.958172
3
85.9719 45.8564
96.0742 61.259
57.7016 86.4271
47.5993 71.0245
2
73.8586 65.7183
0 0 0.256404 -0.96657
3
89.2216 46.3463
98.3517 62.3443
58.4956 85.0904
49.3655 69.0924
2
75.9028 65.4208
0 0 0.22637 -0.974041
3
92.4348 47.0362
100.558 63.5684
59.3708 83.8053
51.2479 67.2731
2
77.9615 65.2502
0 0 0.196119 -0.98058
3
95.5991 47.9236
102.684 64.9267
60.3239 82.5769
53.2392 65.5738
2
80.0268 65.2074
0 0 0.16568 -0.98618
3
98.7025 49.0051
104.722 66.4138
61.3511 81.4097
55.3318 64.001
2
82.0908 65.2924
0 0 0.135082 -0.990834
3
101.733 50.2764
106.664 68.0242
62.4485 80.3084
57.5177 62.5606
2
84.1455 65.5049
0 0 0.104355 -0.99454
3
104.679 51.7328
108.503 69.7516
63.612 79.277
59.7885 61.2582
2
86.1832 65.8441
0 0 0.0735276 -0.997293
3
107.529 53.3687
110.231 71.5895
64.837 78.3196
62.1356 60.0988
2
88.1158 65.5576
0 0 0.0735276 -0.997293
3
109.462 53.0821
112.163 71.303
66.7697 78.0331
64.0682 59.8122
2
90.0485 65.2711
0 0 0.0735276 -0.997293
3
111.395 52.7956
114.096 71.0165
68.7023 77.7465
66.0009 59.5257
2
91.9811 64.9846
0 0 0.0735276 -0.997293
3
113.327 52.5091
116.029 70.7299
70.6349 77.46
67.9335 59.2392
2
93.9137 64.698
0 0 0.0735276 -0.997293
3
115.26 52.2226
117.961 70.4434
72.5675 77.1735
69.8661 58.9527
2
95.8463 64.4115
0 0 0.0735276 -0.997293
3
117.193 51.936
119.894 70.1569
74.5002 76.887
71.7987 58.6661
2
97.779 64.125
0 0 0.0735276 -0.997293
3
119.125 51.6495
121.827 69.8703
76.4328 76.6004
73.7314 58.3796
2
99.7116 63.8384
0 0 0.0735276 -0.997293
3
121.058 51.363
123.759 69.5838
78.3654 76.3139
75.664 58.0931
2
101.644 63.5519
0 0 0.0735276 -0.997293
3
122.99 51.0764
125.692 69.2973
80.298 76.0274
77.5966 57.8065
2
103.577 63.2654
0 0 0.0735276 -0.997293
3
124.923 50.7899
127.624 69.0107
82.2307 75.7408
79.5292 57.52
2
105.509 62.9788
0 0 0.0735276 -0.997293
3
126.856 50.5034
129.557 68.7242
84.1633 75.4543
81.4619 57.2335
2
107.442 62.6923
0 0 0.0735276 -0.997293
3
128.788 50.2169
131.49 68.4377
86.0959 75.1678
83.3945 56.9469
2
109.375 62.4058
0 0 0.0735276 -0.997293
3
130.721 49.9303
133.422 68.1512
88.0285 74.8813
85.3271 56.6604
2
111.307 62.1193
0 0 0.0735276 -0.997293
3
132.654 49.6438
135.355 67.8646
89.9612 74.5947
87.2597 56.3739
2
113.24 61.8327
0 0 0.0735276 -0.997293
3
134.586 49.3573
137.288 67.5781
91.8938 74.3082
89.1924 56.0874
2
115.173 61.5462
0 0 0.0735276 -0.997293
3
136.519 49.0707
139.22 67.2916
93.8264 74.0217
91.125 55.8008
2
117.105 61.2597
0 0 0.0735276 -0.997293
3
138.451 48.7842
141.153 67.005
95.759 73.7351
93.0576 55.5143
2
119.038 60.9731
0 0 0.0735276 -0.997293
3
140.384 48.4977
143.085 66.7185
97.6917 73.4486
94.9902 55.2278
2
120.97 60.6866
0 0 0.0735276 -0.997293
3
142.317 48.2111
145.018 66.432
99.6243 73.1621
96.9229 54.9412
2
122.983 61.1512
0 0 0.0426301 -0.999091
3
145.06 50.0202
146.629 68.3733
100.906 72.2823
99.3371 53.9292
2
124.963 61.7395
0 0 0.0116917 -0.999932
3
147.687 51.9955
148.118 70.4105
102.24 71.4835
101.809 53.0685
2
126.917 61.6938
0 0 0.0116917 -0.999932
3
149.64 51.9498
150.071 70.3648
104.193 71.4378
103.763 53.0228
2
128.821 60.8943
0 0 0.0426301 -0.999091
3
150.898 49.7632
152.468 68.1163
106.744 72.0253
105.175 53.6723
2
130.673 59.9784
0 0 0.0735276 -0.997293
3
152.019 47.503
154.721 65.7238
109.327 72.4539
106.625 54.233
2
132.464 58.9498
0 0 0.104355 -0.99454
3
152.998 45.1777
156.821 63.1965
111.931 72.7219
108.107 54.7031
2
134.502 59.289
0 0 0.0735276 -0.997293
3
155.848 46.8135
158.55 65.0344
113.156 71.7645
110.455 53.5436
2
136.435 59.0025
0 0 0.0735276 -0.997293
3
157.781 46.527
160.482 64.7478
115.089 71.4779
112.387 53.2571
2
138.367 58.7159
0 0 0.0735276 -0.997293
3
159.714 46.2405
162.415 64.4613
117.021 71.1914
114.32 52.9706
2
140.38 59.1806
0 0 0.0426301 -0.999091
3
162.457 48.0495
164.026 66.4026
118.303 70.3116
116.734 51.9586
2
142.36 59.7688
0 0 0.0116917 -0.999932
3
165.084 50.0249
165.514 68.4398
119.637 69.5128
119.206 51.0978
2
144.3 60.4785
0 0 0.0192579 0.999815
3
167.583 52.1589
166.874 70.5652
121.018 68.7981
121.727 50.3917
2
146.193 61.3068
0 0 0.050189 0.99874
3
169.946 54.4434
168.099 72.7706
122.44 68.1701
124.287 49.8429
2
148.03 62.2505
0 0 0.0810721 0.996708
3
172.162 56.8697
169.185 75.0476
123.899 67.6313
126.875 49.4534
2
149.806 63.3062
0 0 0.111877 0.993722
3
174.224 59.4285
170.129 77.3874
125.388 67.1838
129.483 49.2249
2
151.513 64.4696
0 0 0.142576 0.989784
3
176.124 62.11
170.926 79.7811
126.901 66.8292
132.1 49.1581
2
153.145 65.7365
0 0 0.173137 0.984898
3
177.855 64.9039
171.573 82.2196
128.434 66.569
134.716 49.2533
2
154.695 67.1018
0 0 0.203533 0.979068
3
179.409 67.7995
172.068 84.6934
129.98 66.4041
137.321 49.5102
2
156.158 68.5604
0 0 0.233734 0.972301
3
180.782 70.7857
172.409 87.1931
131.533 66.3352
139.906 49.9278
2
157.527 70.1068
0 0 0.263711 0.964602
3
181.967 73.8511
172.595 89.7091
133.088 66.3624
142.459 50.5044
2
158.799 71.7348
0 0 0.293435 0.955979
3
182.96 76.9839
172.625 92.2318
134.638 66.4858
144.972 51.2379
2
159.967 73.4385
0 0 0.322879 0.94644
3
183.757 80.1721
172.499 94.7515
136.177 66.7049
147.435 52.1255
2
161.028 75.2111
0 0 0.352013 0.935995
3
184.355 83.4035
172.217 97.2586
137.7 67.0187
149.838 53.1637
2
161.977 77.046
0 0 0.380809 0.924654
3
184.753 86.6658
171.781 99.7434
139.2 67.4262
152.172 54.3485
2
162.81 78.936
0 0 0.409241 0.912426
3
184.948 89.9464
171.192 102.197
140.673 67.9256
154.429 55.6755
2
163.525 80.874
0 0 0.437281 0.899325
3
184.939 93.2328
170.452 104.608
142.111 68.5152
156.599 57.1396
2
164.119 82.8526
0 0 0.464903 0.885362
3
184.728 96.5124
169.564 106.97
143.511 69.1927
158.674 58.7351
2
164.59 84.864
0 0 0.492078 0.870551
3
184.313 99.7726
168.532 109.272
144.866 69.9555
160.647 60.4559
2
164.935 86.9008
0 0 0.518783 0.854906
3
183.698 103.001
167.359 111.506
146.171 70.8006
162.51 62.2955
2
166.492 88.2579
0 0 0.492078 0.870551
3
186.216 103.166
170.434 112.666
146.768 73.3493
162.55 63.8498
2
168.13 89.5161
0 0 0.464903 0.885362
3
188.739 103.176
173.575 113.634
147.522 75.8562
162.686 65.3986
2
169.843 90.6705
0 0 0.437281 0.899325
3
191.257 103.029
176.77 114.405
148.429 78.3117
162.917 66.9361
2
171.625 91.7168
0 0 0.409241 0.912426
3
193.762 102.727
180.006 114.977
149.487 80.7064
163.243 68.4563
2
172.924 93.1758
0 0 0.409241 0.912426
3
195.061 104.186
181.305 116.436
150.786 82.1654
164.543 69.9153
2
174.223 94.6349
0 0 0.409241 0.912426
3
196.361 105.645
182.605 117.895
152.086 83.6245
165.842 71.3744
2
175.523 96.094
0 0 0.409241 0.912426
3
197.66 107.104
183.904 119.354
153.385 85.0836
167.141 72.8335
2
176.822 97.553
0 0 0.409241 0.912426
3
198.959 108.563
185.203 120.814
154.684 86.5426
168.441 74.2925
2
178.121 99.0121
0 0 0.409241 0.912426
3
200.259 110.022
186.503 122.273
155.984 88.0017
169.74 75.7516
2
179.421 100.471
0 0 0.409241 0.912426
3
201.558 111.482
187.802 123.732
157.283 89.4608
171.039 77.2107
2
180.72 101.93
0 0 0.409241 0.912426
3
202.857 112.941
189.101 125.191
158.582 90.9198
172.339 78.6698
2
182.019 103.389
0 0 0.409241 0.912426
3
204.157 114.4
190.401 126.65
159.882 92.3789
173.638 80.1288
2
183.319 104.848
0 0 0.409241 0.912426
3
205.456 115.859
191.7 128.109
161.181 93.838
174.937 81.5879
2
184.618 106.307
0 0 0.409241 0.912426
3
206.755 117.318
192.999 129.568
162.48 95.297
176.237 83.047
2
185.917 107.767
0 0 0.409241 0.912426
3
208.055 118.777
194.299 131.027
163.78 96.7561
177.536 84.506
2
187.217 109.226
0 0 0.409241 0.912426
3
209.354 120.236
195.598 132.486
165.079 98.2152
178.835 85.9651
2
188.516 110.685
0 0 0.409241 0.912426
3
210.653 121.695
196.897 133.945
166.378 99.6743
180.135 87.4242
2
189.815 112.144
0 0 0.409241 0.912426
3
211.953 123.154
198.197 135.404
167.678 101.133
181.434 88.8832
2
191.115 113.603
0 0 0.409241 0.912426
3
213.252 124.613
199.496 136.863
168.977 102.592
182.733 90.3423
2
192.414 115.062
0 0 0.409241 0.912426
3
214.551 126.072
200.795 138.322
170.276 104.051
184.033 91.8014
2
193.713 116.521
0 0 0.409241 0.912426
3
215.851 127.531
202.095 139.781
171.576 105.511
185.332 93.2604
2
195.013 117.98
0 0 0.409241 0.912426
3
217.15 128.99
203.394 141.24
172.875 106.97
186.631 94.7195
2
196.312 119.439
0 0 0.409241 0.912426
3
218.449 130.449
204.693 142.7
174.174 108.429
187.931 96.1786
2
197.611 120.898
0 0 0.409241 0.912426
3
219.749 131.909
205.993 144.159
175.474 109.888
189.23 97.6376
2
198.911 122.357
0 0 0.409241 0.912426
3
221.048 133.368
207.292 145.618
176.773 111.347
190.529 99.0967
2
200.21 123.816
0 0 0.409241 0.912426
3
222.347 134.827
208.591 147.077
178.072 112.806
191.829 100.556
2
201.509 125.275
0 0 0.409241 0.912426
3
223.647 136.286
209.891 148.536
179.372 114.265
193.128 102.015
2
202.809 126.734
0 0 0.409241 0.912426
3
224.946 137.745
211.19 149.995
180.671 115.724
194.427 103.474
2
204.108 128.193
0 0 0.409241 0.912426
3
226.245 139.204
212.489 151.454
181.97 117.183
195.727 104.933
2
205.407 129.653
0 0 0.409241 0.912426
3
227.545 140.663
213.789 152.913
183.27 118.642
197.026 106.392
2
206.707 131.112
0 0 0.409241 0.912426
3
228.844 142.122
215.088 154.372
184.569 120.101
198.325 107.851
2
208.006 132.571
0 0 0.409241 0.912426
3
230.143 143.581
216.387 155.831
185.868 121.56
199.625 109.31
2
209.305 134.03
0 0 0.409241 0.912426
3
231.443 145.04
217.687 157.29
187.168 123.019
200.924 110.769
2
210.605 135.489
0 0 0.409241 0.912426
3
232.742 146.499
218.986 158.749
188.467 124.478
202.223 112.228
2
211.904 136.948
0 0 0.409241 0.912426
3
234.041 147.958
220.285 160.208
189.766 125.937
203.523 113.687
2
213.203 138.407
0 0 0.409241 0.912426
3
235.341 149.417
221.585 161.667
191.066 127.397
204.822 115.146
2
213.918 140.345
0 0 0.437281 0.899325
3
235.332 152.704
220.845 164.079
192.504 127.986
206.992 116.611
2
214.512 142.323
0 0 0.464903 0.885362
3
235.121 155.983
219.957 166.441
193.904 128.664
209.067 118.206
2
214.983 144.335
0 0 0.492078 0.870551
3
234.706 159.244
218.925 168.743
195.259 129.426
211.04 119.927
2
215.327 146.372
0 0 0.518783 0.854906
3
234.091 162.472
217.752 170.977
196.564 130.272
212.903 121.766
2
216.885 147.729
0 0 0.492078 0.870551
3
236.609 162.637
220.827 172.137
197.161 132.82
212.942 123.321
2
218.523 148.987
0 0 0.464903 0.885362
3
239.132 162.647
223.968 173.104
197.915 135.327
213.078 124.87
2
220.236 150.141
0 0 0.437281 0.899325
3
241.65 162.5
227.163 173.876
198.822 137.783
213.31 126.407
2
221.443 151.678
0 0 0.437281 0.899325
3
242.857 164.037
228.369 175.413
200.029 139.319
214.517 127.944
2
223.224 152.724
0 0 0.409241 0.912426
3
245.362 163.735
231.605 175.985
201.087 141.714
214.843 129.464
2
225.067 153.658
0 0 0.380809 0.924654
3
247.843 163.278
234.871 176.356
202.29 144.039
215.262 130.961
2
226.963 154.477
0 0 0.352013 0.935995
3
250.291 162.669
238.153 176.524
203.636 146.284
215.774 132.429
2
228.907 155.176
0 0 0.322879 0.94644
3
252.697 161.91
241.439 176.489
205.117 148.442
216.375 133.863
2
230.89 155.754
0 0 0.293435 0.955979
3
255.051 161.003
244.717 176.251
206.73 150.505
217.064 135.257
2
232.906 156.208
0 0 0.263711 0.964602
3
257.345 159.952
247.974 175.81
208.466 152.464
217.838 136.606
2
234.945 156.536
0 0 0.233734 0.972301
3
259.569 158.762
251.197 175.169
210.321 154.311
218.693 137.904
2
237.001 156.738
0 0 0.203533 0.979068
3
261.715 157.436
254.374 174.33
212.286 156.04
219.628 139.146
2
239.065 156.812
0 0 0.173137 0.984898
3
263.776 155.98
257.494 173.295
214.355 157.645
220.637 140.329
2
241.13 156.758
0 0 0.142576 0.989784
3
265.742 154.399
260.543 172.07
216.519 159.118
221.718 141.447
2
243.188 156.577
0 0 0.111877 0.993722
3
267.607 152.699
263.511 170.658
218.77 160.455
222.865 142.496
2
245.231 156.269
0 0 0.081072 0.996708
3
269.362 150.888
266.386 169.066
221.099 161.649
224.076 143.472
2
247.25 155.834
0 0 0.050189 0.99874
3
271.003 148.971
269.156 167.298
223.498 162.698
225.344 144.371
2
249.239 155.276
0 0 0.0192579 0.999815
3
272.522 146.957
271.812 165.363
225.957 163.596
226.666 145.189
2
251.19 154.596
0 0 0.0116917 -0.999932
3
273.913 144.852
274.344 163.267
228.466 164.34
228.036 145.925
