0
291 80
0
290 81
0
289 82
0
288 83
0
287 84
0
286 85
0
285 86
0
284 87
0
283 88
0
282 89
0
281 90
0
280 91
0
279 92
0
278 93
0
277 94
0
276 95
0
275 96
0
274 97
0
273 98
0
272 99
0
271 100
0
270 101
0
269 102
0
268 103
0
267 103
0
266 103
0
265 103
0
264 103
0
263 103
0
262 103
0
261 103
0
260 103
0
259 103
0
258 103
0
257 103
0
256 103
0
255 103
0
254 103
0
253 103
0
252 103
0
251 103
0
250 103
0
249 103
0
248 103
0
247 103
0
246 104
0
245 105
0
244 106
0
243 107
0
242 108
0
241 109
0
240 109
0
239 109
0
238 110
0
237 110
0
236 110
0
235 111
0
234 111
0
233 111
0
232 112
0
231 112
0
230 112
0
229 112
0
228 113
0
227 113
0
226 113
0
225 114
0
224 114
0
223 114
0
222 115
0
221 115
0
220 115
0
219 116
0
218 116
0
217 116
0
216 116
0
215 117
0
214 117
0
213 117
0
212 118
0
211 118
0
210 118
0
209 119
0
208 119
0
207 119
0
206 120
0
205 120
0
204 120
0
203 120
0
202 121
0
201 121
0
200 121
0
199 122
0
198 122
0
197 122
0
196 123
0
195 123
0
194 123
0
193 124
0
192 124
0
191 124
0
190 124
0
189 125
0
188 125
0
187 125
0
186 126
0
185 126
0
184 126
0
183 127
0
182 127
0
181 127
0
180 127
0
179 128
0
178 128
0
177 128
0
176 129
0
175 129
0
174 129
0
173 130
0
172 130
0
171 130
0
170 131
0
169 131
0
168 131
0
167 131
0
166 132
0
165 132
0
164 132
0
163 133
0
162 133
0
161 133
0
160 134
0
159 134
0
158 134
0
157 135
0
156 135
0
155 135
0
154 135
0
153 136
0
152 136
0
151 136
0
150 137
0
149 137
0
148 137
0
147 138
0
146 138
0
145 138
0
144 139
0
143 139
0
142 140
0
141 140
0
140 141
0
139 141
0
138 142
0
137 142
0
136 143
0
135 143
0
134 143
0
133 144
0
132 144
0
131 145
0
130 145
0
129 146
0
128 146
0
127 147
0
126 147
0
125 148
0
124 148
0
123 148
0
122 149
0
121 149
0
120 150
0
119 150
0
118 151
0
117 151
0
116 152
0
115 152
0
114 153
0
113 153
0
112 153
0
111 154
0
110 154
0
109 155
0
108 155
0
107 156
0
106 156
0
105 157
0
104 157
0
103 158
0
102 158
0
101 158
0
100 159
0
99 159
0
98 160
0
97 160
0
96 161
0
95 161
0
94 162
0
93 162
0
92 163
0
91 163
0
90 163
0
89 164
0
88 164
0
87 165
0
86 165
0
85 166
0
84 166
0
83 167
0
82 167
0
81 168
0
80 168
1
291.524 80 5.1178
1
290.866 81.8396 5.1797
1
290.096 83.635 5.2416
1
289.215 85.3793 5.30351
1
288.229 87.0657 5.36541
1
287.14 88.688 5.42731
1
285.953 90.2397 5.48921
1
284.672 91.7151 5.55111
1
283.303 93.1084 5.61302
1
281.85 94.4143 5.67492
1
280.318 95.6278 5.73682
1
278.715 96.7443 5.79872
1
277.046 97.7594 5.86062
1
275.317 98.6694 5.92253
1
273.535 99.4706 5.98443
1
271.707 100.16 6.04633
1
269.84 100.735 6.10823
1
267.898 100.956 6.04633
1
265.974 101.296 5.98443
1
264.075 101.754 5.92253
1
262.208 102.329 5.86062
1
260.38 103.019 5.79872
1
258.598 103.82 5.73682
1
256.869 104.73 5.67492
1
255.266 105.846 5.67492
1
253.663 106.963 5.67492
1
252.059 108.079 5.67492
1
250.456 109.196 5.67492
1
248.853 110.312 5.67492
1
247.249 111.428 5.67492
1
245.646 112.545 5.67492
1
244.043 113.661 5.67492
1
242.439 114.778 5.67492
1
240.836 115.894 5.67492
1
239.233 117.011 5.67492
1
237.629 118.127 5.67492
1
236.026 119.244 5.67492
1
234.423 120.36 5.67492
1
232.819 121.477 5.67492
1
231.216 122.593 5.67492
1
229.613 123.71 5.67492
1
228.009 124.826 5.67492
1
226.478 126.04 5.73682
1
224.875 127.156 5.79872
1
223.206 128.171 5.86062
1
221.477 129.081 5.92253
1
219.695 129.882 5.98443
1
217.828 130.457 5.98443
1
215.96 131.032 5.98443
1
214.093 131.607 5.98443
1
212.226 132.183 5.98443
1
210.359 132.758 5.98443
1
208.492 133.333 5.98443
1
206.624 133.908 5.98443
1
204.757 134.483 5.98443
1
202.89 135.058 5.98443
1
201.023 135.633 5.98443
1
199.156 136.208 5.98443
1
197.288 136.783 5.98443
1
195.421 137.358 5.98443
1
193.554 137.933 5.98443
1
191.687 138.508 5.98443
1
189.82 139.083 5.98443
1
187.952 139.658 5.98443
1
186.085 140.233 5.98443
1
184.218 140.808 5.98443
1
182.351 141.383 5.98443
1
180.484 141.958 5.98443
1
178.616 142.534 5.98443
1
176.749 143.109 5.98443
1
174.882 143.684 5.98443
1
173.015 144.259 5.98443
1
171.147 144.834 5.98443
1
169.28 145.409 5.98443
1
167.413 145.984 5.98443
1
165.546 146.559 5.98443
1
163.679 147.134 5.98443
1
161.811 147.709 5.98443
1
159.944 148.284 5.98443
1
158.077 148.859 5.98443
1
156.21 149.434 5.98443
1
154.343 150.009 5.98443
1
152.475 150.584 5.98443
1
150.608 151.159 5.98443
1
148.741 151.734 5.98443
1
146.874 152.31 5.98443
1
144.975 152.768 5.92253
1
143.107 153.343 5.86062
1
141.279 154.033 5.79872
1
139.497 154.834 5.73682
1
137.894 155.95 5.79872
1
136.225 156.965 5.86062
1
134.496 157.875 5.92253
1
132.714 158.676 5.98443
1
130.886 159.366 6.04633
1
129.019 159.941 6.10823
1
127.12 160.399 6.17013
1
125.168 160.499 6.10823
1
123.227 160.72 6.04633
1
121.303 161.06 5.98443
1
119.404 161.518 5.92253
1
117.622 162.319 5.98443
1
115.794 163.009 6.04633
1
113.927 163.584 6.10823
1
112.028 164.042 6.17013
1
110.104 164.382 6.23204
1
108.15 164.361 6.17013
1
106.199 164.461 6.10823
1
104.258 164.682 6.04633
1
102.358 165.14 6.04633
1
100.459 165.599 6.04633
1
98.56 166.057 6.04633
1
96.6608 166.516 6.04633
1
94.7616 166.974 6.04633
1
92.8624 167.432 6.04633
1
92.8624 167.432 6.04633
1
91.0249 167.528 6.03643
1
89.1874 167.623 6.02653
1
87.3499 167.718 6.01663
1
85.5124 167.814 6.00673
1
83.675 167.909 5.99683
1
81.8375 168.005 5.98693
1
80 168.1 5.97703
2
297.107 66.9924
0 0 0.550274 -0.834984
3
297.693 42.2749
314.62 49.5397
296.521 91.7099
279.594 84.4451
2
297.243 69.2023
0 0 0.524171 -0.851613
3
299.357 44.5684
315.802 52.8664
295.129 93.8362
278.684 85.5382
2
297.242 71.4163
0 0 0.497566 -0.867426
3
300.876 46.9604
316.776 56.2599
293.608 95.8723
277.708 86.5728
2
297.104 73.6261
0 0 0.470484 -0.882408
3
302.244 49.4418
317.538 59.7071
291.964 97.8104
276.67 87.5451
2
296.829 75.8231
0 0 0.442952 -0.896545
3
303.455 52.0031
318.086 63.1948
290.203 99.6431
275.573 88.4514
2
296.42 77.9989
0 0 0.414995 -0.909824
3
304.507 54.6344
318.416 66.7098
288.333 101.363
274.423 89.288
2
295.876 80.1452
0 0 0.386641 -0.92223
3
305.393 57.3257
318.529 70.2385
286.359 102.965
273.223 90.0519
2
295.201 82.2537
0 0 0.357916 -0.933754
3
306.111 60.0667
318.423 73.7674
284.29 104.441
271.978 90.7401
2
294.396 84.3165
0 0 0.328849 -0.944382
3
306.658 62.8469
318.099 77.2829
282.134 105.786
270.693 91.35
2
293.466 86.3255
0 0 0.299467 -0.954107
3
307.032 65.6556
317.558 80.7718
279.899 106.995
269.373 91.8793
2
292.413 88.2731
0 0 0.269797 -0.962917
3
307.232 68.482
316.803 84.2204
277.593 108.064
268.023 92.3258
2
291.241 90.1518
0 0 0.23987 -0.970805
3
307.256 71.3154
315.835 87.6158
275.226 108.988
266.647 92.6879
2
289.956 91.9545
0 0 0.209712 -0.977763
3
307.105 74.1449
314.659 90.9447
272.806 109.764
265.252 92.9643
2
288.561 93.6742
0 0 0.179354 -0.983785
3
306.78 76.9596
313.28 94.1946
270.342 110.389
263.842 93.1538
2
287.063 95.3043
0 0 0.148824 -0.988864
3
306.281 79.7488
311.702 97.3529
267.845 110.86
262.423 93.2557
2
285.467 96.8386
0 0 0.118151 -0.992996
3
305.61 82.5018
309.932 100.408
265.323 111.175
261.001 93.2697
2
283.779 98.2713
0 0 0.0873649 -0.996176
3
304.77 85.208
307.976 103.347
262.787 111.335
259.581 93.1957
2
281.658 97.6341
0 0 0.118151 -0.992996
3
301.801 83.2973
306.124 101.203
261.515 111.971
257.193 94.0652
2
279.502 97.1293
0 0 0.148824 -0.988864
3
298.72 81.5738
304.142 99.1779
260.285 112.685
254.863 95.0807
2
277.32 96.7589
0 0 0.179354 -0.983785
3
295.538 80.0443
302.039 97.2792
259.101 113.473
252.601 96.2385
2
275.118 96.5241
0 0 0.209712 -0.977763
3
292.268 78.7146
299.822 95.5144
257.968 114.334
250.414 97.5339
2
272.906 96.4261
0 0 0.23987 -0.970805
3
288.921 77.5897
297.5 93.89
256.891 115.262
248.312 98.9622
2
270.692 96.465
0 0 0.269797 -0.962917
3
285.512 76.674
295.082 92.4124
255.873 116.256
246.302 100.518
2
268.485 96.6409
0 0 0.299467 -0.954107
3
282.052 75.9709
292.578 91.0871
254.919 117.311
244.393 102.195
2
266.882 97.7573
0 0 0.299467 -0.954107
3
280.449 77.0874
290.975 92.2036
253.315 118.427
242.789 103.311
2
265.279 98.8738
0 0 0.299467 -0.954107
3
278.845 78.2039
289.371 93.32
251.712 119.544
241.186 104.428
2
263.675 99.9902
0 0 0.299467 -0.954107
3
277.242 79.3203
287.768 94.4365
250.109 120.66
239.583 105.544
2
262.072 101.107
0 0 0.299467 -0.954107
3
275.639 80.4368
286.165 95.553
248.505 121.777
237.979 106.66
2
260.469 102.223
0 0 0.299467 -0.954107
3
274.035 81.5533
284.561 96.6694
246.902 122.893
236.376 107.777
2
258.865 103.34
0 0 0.299467 -0.954107
3
272.432 82.6697
282.958 97.7859
245.299 124.01
234.773 108.893
2
257.262 104.456
0 0 0.299467 -0.954107
3
270.829 83.7862
281.355 98.9024
243.696 125.126
233.169 110.01
2
255.659 105.573
0 0 0.299467 -0.954107
3
269.225 84.9026
279.751 100.019
242.092 126.242
231.566 111.126
2
254.055 106.689
0 0 0.299467 -0.954107
3
267.622 86.0191
278.148 101.135
240.489 127.359
229.963 112.243
2
252.452 107.805
0 0 0.299467 -0.954107
3
266.019 87.1356
276.545 102.252
238.886 128.475
228.36 113.359
2
250.849 108.922
0 0 0.299467 -0.954107
3
264.415 88.252
274.941 103.368
237.282 129.592
226.756 114.476
2
249.245 110.038
0 0 0.299467 -0.954107
3
262.812 89.3685
273.338 104.485
235.679 130.708
225.153 115.592
2
247.642 111.155
0 0 0.299467 -0.954107
3
261.209 90.485
271.735 105.601
234.076 131.825
223.55 116.709
2
246.039 112.271
0 0 0.299467 -0.954107
3
259.605 91.6014
270.131 106.718
232.472 132.941
221.946 117.825
2
244.436 113.388
0 0 0.299467 -0.954107
3
258.002 92.7179
268.528 107.834
230.869 134.058
220.343 118.942
2
242.832 114.504
0 0 0.299467 -0.954107
3
256.399 93.8343
266.925 108.951
229.266 135.174
218.74 120.058
2
241.229 115.621
0 0 0.299467 -0.954107
3
254.795 94.9508
265.321 110.067
227.662 136.291
217.136 121.174
2
239.626 116.737
0 0 0.299467 -0.954107
3
253.192 96.0673
263.718 111.183
226.059 137.407
215.533 122.291
2
238.573 118.685
0 0 0.269797 -0.962917
3
253.392 98.8937
262.963 114.632
223.753 138.476
214.183 122.737
2
237.401 120.564
0 0 0.23987 -0.970805
3
253.416 101.727
261.995 118.027
221.386 139.4
212.807 123.1
2
236.116 122.366
0 0 0.209712 -0.977763
3
253.265 104.557
260.819 121.356
218.966 140.176
211.412 123.376
2
234.721 124.086
0 0 0.179354 -0.983785
3
252.94 107.371
259.44 124.606
216.502 140.8
210.002 123.565
2
233.223 125.716
0 0 0.148824 -0.988864
3
252.441 110.161
257.862 127.765
214.005 141.271
208.583 123.667
2
231.356 126.291
0 0 0.148824 -0.988864
3
250.573 110.736
255.995 128.34
212.138 141.847
206.716 124.242
2
229.488 126.866
0 0 0.148824 -0.988864
3
248.706 111.311
254.128 128.915
210.271 142.422
204.849 124.818
2
227.621 127.441
0 0 0.148824 -0.988864
3
246.839 111.886
252.261 129.49
208.403 142.997
202.982 125.393
2
225.754 128.016
0 0 0.148824 -0.988864
3
244.972 112.461
250.393 130.065
206.536 143.572
201.115 125.968
2
223.887 128.591
0 0 0.148824 -0.988864
3
243.105 113.036
248.526 130.64
204.669 144.147
199.247 126.543
2
222.02 129.166
0 0 0.148824 -0.988864
3
241.237 113.611
246.659 131.215
202.802 144.722
197.38 127.118
2
220.152 129.741
0 0 0.148824 -0.988864
3
239.37 114.186
244.792 131.79
200.935 145.297
195.513 127.693
2
218.285 130.316
0 0 0.148824 -0.988864
3
237.503 114.761
242.925 132.365
199.067 145.872
193.646 128.268
2
216.418 130.892
0 0 0.148824 -0.988864
3
235.636 115.336
241.057 132.94
197.2 146.447
191.779 128.843
2
214.551 131.467
0 0 0.148824 -0.988864
3
233.769 115.911
239.19 133.515
195.333 147.022
189.911 129.418
2
212.684 132.042
0 0 0.148824 -0.988864
3
231.901 116.486
237.323 134.09
193.466 147.597
188.044 129.993
2
210.816 132.617
0 0 0.148824 -0.988864
3
230.034 117.061
235.456 134.665
191.599 148.172
186.177 130.568
2
208.949 133.192
0 0 0.148824 -0.988864
3
228.167 117.636
233.589 135.24
189.731 148.747
184.31 131.143
2
207.082 133.767
0 0 0.148824 -0.988864
3
226.3 118.211
231.721 135.815
187.864 149.322
182.442 131.718
2
205.215 134.342
0 0 0.148824 -0.988864
3
224.433 118.786
229.854 136.39
185.997 149.897
180.575 132.293
2
203.348 134.917
0 0 0.148824 -0.988864
3
222.565 119.361
227.987 136.965
184.13 150.472
178.708 132.868
2
201.48 135.492
0 0 0.148824 -0.988864
3
220.698 119.937
226.12 137.541
182.262 151.047
176.841 133.443
2
199.613 136.067
0 0 0.148824 -0.988864
3
218.831 120.512
224.253 138.116
180.395 151.623
174.974 134.018
2
197.746 136.642
0 0 0.148824 -0.988864
3
216.964 121.087
222.385 138.691
178.528 152.198
173.106 134.594
2
195.879 137.217
0 0 0.148824 -0.988864
3
215.096 121.662
220.518 139.266
176.661 152.773
171.239 135.169
2
194.011 137.792
0 0 0.148824 -0.988864
3
213.229 122.237
218.651 139.841
174.794 153.348
169.372 135.744
2
192.144 138.367
0 0 0.148824 -0.988864
3
211.362 122.812
216.784 140.416
172.926 153.923
167.505 136.319
2
190.277 138.942
0 0 0.148824 -0.988864
3
209.495 123.387
214.916 140.991
171.059 154.498
165.638 136.894
2
188.41 139.517
0 0 0.148824 -0.988864
3
207.628 123.962
213.049 141.566
169.192 155.073
163.77 137.469
2
186.543 140.092
0 0 0.148824 -0.988864
3
205.76 124.537
211.182 142.141
167.325 155.648
161.903 138.044
2
184.675 140.668
0 0 0.148824 -0.988864
3
203.893 125.112
209.315 142.716
165.458 156.223
160.036 138.619
2
182.808 141.243
0 0 0.148824 -0.988864
3
202.026 125.687
207.448 143.291
163.59 156.798
158.169 139.194
2
180.941 141.818
0 0 0.148824 -0.988864
3
200.159 126.262
205.58 143.866
161.723 157.373
156.302 139.769
2
179.074 142.393
0 0 0.148824 -0.988864
3
198.292 126.837
203.713 144.441
159.856 157.948
154.434 140.344
2
177.207 142.968
0 0 0.148824 -0.988864
3
196.424 127.412
201.846 145.016
157.989 158.523
152.567 140.919
2
175.339 143.543
0 0 0.148824 -0.988864
3
194.557 127.987
199.979 145.591
156.122 159.098
150.7 141.494
2
173.472 144.118
0 0 0.148824 -0.988864
3
192.69 128.562
198.112 146.166
154.254 159.673
148.833 142.069
2
171.605 144.693
0 0 0.148824 -0.988864
3
190.823 129.137
196.244 146.741
152.387 160.248
146.966 142.644
2
169.738 145.268
0 0 0.148824 -0.988864
3
188.956 129.712
194.377 147.317
150.52 160.823
145.098 143.219
2
167.871 145.843
0 0 0.148824 -0.988864
3
187.088 130.288
192.51 147.892
148.653 161.399
143.231 143.794
2
166.003 146.418
0 0 0.148824 -0.988864
3
185.221 130.863
190.643 148.467
146.786 161.974
141.364 144.37
2
164.136 146.993
0 0 0.148824 -0.988864
3
183.354 131.438
188.776 149.042
144.918 162.549
139.497 144.945
2
162.269 147.568
0 0 0.148824 -0.988864
3
181.487 132.013
186.908 149.617
143.051 163.124
137.63 145.52
2
160.402 148.143
0 0 0.148824 -0.988864
3
179.62 132.588
185.041 150.192
141.184 163.699
135.762 146.095
2
158.219 147.773
0 0 0.179354 -0.983785
3
176.438 131.058
182.938 148.293
140 164.487
133.5 147.252
2
156.017 147.538
0 0 0.209712 -0.977763
3
173.167 129.729
180.721 146.528
138.868 165.348
131.314 148.548
2
153.806 147.44
0 0 0.23987 -0.970805
3
169.821 128.604
178.4 144.904
137.79 166.276
129.212 149.976
2
151.592 147.479
0 0 0.269797 -0.962917
3
166.411 127.688
175.982 143.426
136.773 167.27
127.202 151.532
2
150.42 149.358
0 0 0.23987 -0.970805
3
166.436 130.521
175.014 146.822
134.405 168.194
125.826 151.894
2
149.135 151.16
0 0 0.209712 -0.977763
3
166.285 133.351
173.839 150.151
131.985 168.97
124.431 152.17
2
147.74 152.88
0 0 0.179354 -0.983785
3
165.959 136.166
172.459 153.4
129.522 169.595
123.021 152.36
2
146.242 154.51
0 0 0.148824 -0.988864
3
165.46 138.955
170.881 156.559
127.024 170.066
121.603 152.462
2
144.646 156.045
0 0 0.118151 -0.992996
3
164.789 141.708
169.111 159.613
124.502 170.381
120.18 152.476
2
142.958 157.477
0 0 0.0873649 -0.996176
3
163.949 144.414
167.156 162.553
121.966 170.54
118.76 152.402
2
141.184 158.803
0 0 0.0564953 -0.998403
3
162.944 147.063
165.022 165.365
119.425 170.542
117.347 152.24
2
139.107 158.036
0 0 0.0873649 -0.996176
3
160.099 144.972
163.305 163.111
118.116 171.099
114.909 152.96
2
136.987 157.398
0 0 0.118151 -0.992996
3
157.13 143.061
161.452 160.967
116.844 171.735
112.521 153.829
2
134.831 156.894
0 0 0.148824 -0.988864
3
154.049 141.338
159.471 158.942
115.613 172.449
110.192 154.845
2
132.648 156.523
0 0 0.179354 -0.983785
3
150.867 139.809
157.367 157.043
114.43 173.238
107.929 156.003
2
131.15 158.153
0 0 0.148824 -0.988864
3
150.368 142.598
155.789 160.202
111.932 173.709
106.511 156.105
2
129.554 159.688
0 0 0.118151 -0.992996
3
149.697 145.351
154.019 163.256
109.411 174.024
105.088 156.119
2
127.866 161.12
0 0 0.0873649 -0.996176
3
148.857 148.057
152.064 166.196
106.874 174.183
103.668 156.045
2
126.092 162.446
0 0 0.0564953 -0.998403
3
147.852 150.706
149.93 169.008
104.333 174.185
102.255 155.883
2
124.24 163.659
0 0 0.0255716 -0.999673
3
146.684 153.288
147.626 171.684
101.796 174.03
100.854 155.634
2
122.215 162.765
0 0 0.0564953 -0.998403
3
143.974 151.025
146.052 169.327
100.455 174.504
98.3772 156.202
2
120.138 161.998
0 0 0.0873649 -0.996176
3
141.129 148.934
144.336 167.073
99.1461 175.061
95.9399 156.922
2
118.017 161.36
0 0 0.118151 -0.992996
3
138.161 147.024
142.483 164.929
97.8741 175.697
93.5519 157.791
2
116.118 161.819
0 0 0.118151 -0.992996
3
136.261 147.482
140.584 165.388
95.9749 176.156
91.6527 158.25
2
114.219 162.277
0 0 0.118151 -0.992996
3
134.362 147.94
138.684 165.846
94.0757 176.614
89.7535 158.708
2
112.32 162.736
0 0 0.118151 -0.992996
3
132.463 148.399
136.785 166.305
92.1765 177.072
87.8543 159.167
2
110.421 163.194
0 0 0.118151 -0.992996
3
130.564 148.857
134.886 166.763
90.2773 177.531
85.9551 159.625
2
108.521 163.653
0 0 0.118151 -0.992996
3
128.665 149.316
132.987 167.221
88.3781 177.989
84.0559 160.084
2
106.622 164.111
0 0 0.118151 -0.992996
3
126.765 149.774
131.088 167.68
86.4789 178.448
82.1567 160.542
2
106.622 164.111
0 0 0.118151 -0.992996
3
126.765 149.774
131.088 167.68
86.4789 178.448
82.1567 160.542
2
104.751 164.07
0 0 0.123065 -0.992399
3
124.752 149.535
129.251 167.397
84.7508 178.606
80.2515 160.744
2
102.879 164.03
0 0 0.127976 -0.991777
3
122.734 149.297
127.41 167.114
83.0233 178.763
78.3474 160.946
2
101.005 163.99
0 0 0.132883 -0.991132
3
120.714 149.061
125.566 166.831
81.2964 178.919
76.4444 161.149
2
99.13 163.95
0 0 0.137788 -0.990462
3
118.69 148.827
123.718 166.548
79.5701 179.073
74.5424 161.353
2
97.2536 163.911
0 0 0.142689 -0.989768
3
116.663 148.595
121.866 166.265
77.8443 179.227
72.6415 161.557
2
95.3758 163.872
0 0 0.147587 -0.989049
3
114.632 148.365
120.01 165.982
76.1192 179.379
70.7416 161.762
2
93.4968 163.834
0 0 0.152481 -0.988306
3
112.599 148.136
118.151 165.7
74.3946 179.531
68.8429 161.967
