0
40 60
0
41 61
0
42 62
0
43 63
0
44 64
0
45 65
0
46 66
0
47 67
0
48 68
0
49 69
0
50 70
0
51 71
0
52 72
0
53 73
0
54 74
0
55 75
0
56 76
0
57 77
0
58 78
0
59 79
0
60 80
0
61 81
0
62 82
0
63 83
0
64 84
0
65 85
0
65 86
0
65 87
0
65 88
0
65 89
0
65 90
0
65 91
0
65 92
0
65 93
0
65 94
0
65 95
0
65 96
0
65 97
0
65 98
0
65 99
0
65 100
0
65 101
0
65 102
0
65 103
0
65 104
0
65 105
0
65 106
0
65 107
0
65 108
0
65 109
0
65 110
0
65 111
0
65 112
0
65 113
0
65 114
0
65 115
0
65 116
0
65 117
0
65 118
0
65 119
0
65 120
0
65 121
0
65 122
0
65 123
0
65 124
0
65 125
0
65 126
0
65 127
0
65 128
0
65 129
0
65 130
0
65 131
0
65 132
0
65 133
0
65 134
0
65 135
0
65 136
0
65 137
0
65 138
0
65 139
0
65 140
0
65 141
0
65 142
0
65 143
0
65 144
0
65 145
0
65 146
0
65 147
0
65 148
0
65 149
0
65 150
0
65 151
0
65 152
0
65 153
0
65 154
0
65 155
0
65 156
0
65 157
0
65 158
0
65 159
0
65 160
0
65 161
0
65 162
0
65 163
0
65 164
0
65 165
0
65 166
0
65 167
0
65 168
0
65 169
0
65 170
0
65 171
0
65 172
0
65 173
0
65 174
0
65 175
0
65 176
0
65 177
0
65 178
0
65 179
0
65 180
0
65 181
0
65 182
0
65 183
0
65 184
0
65 185
0
65 186
0
65 187
0
65 188
0
65 189
0
65 190
0
65 191
0
65 192
0
65 193
0
65 194
0
65 195
0
65 196
0
65 197
0
65 198
0
65 199
0
65 200
0
65 201
0
65 202
0
65 203
0
65 204
0
66 205
0
66 206
0
66 207
0
66 208
0
66 209
0
67 210
0
67 211
0
68 212
0
69 213
0
70 214
0
71 214
0
72 215
0
73 216
0
74 216
0
75 216
0
76 217
0
77 217
0
78 217
0
79 217
0
80 216
0
81 216
0
82 216
0
83 215
0
84 214
0
85 214
0
86 213
0
87 212
0
88 211
0
89 210
0
90 209
0
91 208
0
92 207
0
93 206
0
94 205
0
95 204
0
96 203
0
97 202
0
98 201
0
99 200
0
100 199
0
101 198
0
102 197
0
103 196
0
104 195
0
105 194
0
106 193
0
107 192
0
108 191
0
109 190
0
110 189
0
111 188
0
112 187
0
113 186
0
114 185
0
115 184
0
116 183
0
117 182
0
118 181
0
119 180
0
120 179
0
121 178
0
122 177
0
123 176
0
124 175
0
125 174
0
126 173
0
127 172
0
128 171
0
129 170
0
130 169
0
131 168
0
132 167
0
133 166
0
134 165
0
135 164
0
136 163
0
137 162
0
138 161
0
138 160
0
138 159
0
138 158
0
138 157
0
138 156
0
138 155
0
138 154
0
138 153
0
138 152
0
138 151
0
138 150
0
138 149
0
138 148
0
138 147
0
138 146
0
138 145
0
138 144
0
138 143
0
138 142
0
138 141
0
138 140
0
138 139
0
138 138
0
138 137
0
138 136
0
138 135
0
138 134
0
138 133
0
138 132
0
138 131
0
138 130
0
138 129
0
138 128
0
138 127
0
138 126
0
138 125
0
138 124
0
138 123
0
138 122
0
138 121
0
138 120
0
138 119
0
138 118
0
138 117
0
138 116
0
138 115
0
138 114
0
138 113
0
138 112
0
138 111
0
138 110
0
138 109
0
138 108
0
138 107
0
138 106
0
138 105
0
138 104
0
138 103
0
138 102
0
138 101
0
138 100
0
138 99
0
138 98
0
138 97
0
138 96
0
138 95
0
138 94
0
138 93
0
138 92
0
138 91
0
138 90
0
138 89
0
138 88
0
138 87
0
138 86
0
138 85
0
138 84
0
138 83
0
138 82
0
138 81
0
138 80
0
138 79
0
138 78
0
138 77
0
138 76
0
138 75
0
138 74
0
138 73
0
138 72
0
138 71
0
139 70
0
139 69
0
139 68
0
139 67
0
139 66
0
140 65
0
140 64
0
141 63
0
142 62
0
143 61
0
144 60
0
145 60
0
146 59
0
147 59
0
148 58
0
149 58
0
150 58
0
151 58
0
152 58
0
153 58
0
154 58
0
155 58
0
156 59
0
157 60
0
158 61
0
159 62
0
160 63
0
161 64
0
162 65
0
163 66
0
164 67
0
165 68
0
166 69
0
167 70
0
168 71
0
169 72
0
170 73
0
171 74
0
172 75
0
173 76
0
174 77
0
175 78
0
176 79
0
177 80
0
178 81
0
179 82
0
180 83
0
181 84
0
181 85
0
181 86
0
181 87
0
181 88
0
181 89
0
181 90
0
181 91
0
181 92
0
181 93
0
181 94
0
181 95
0
181 96
0
181 97
0
181 98
0
181 99
0
181 100
0
181 101
0
181 102
0
181 103
0
181 104
0
181 105
0
181 106
0
181 107
0
181 108
0
181 109
0
181 110
0
181 111
0
181 112
0
181 113
0
181 114
0
181 115
0
181 116
0
181 117
0
181 118
0
181 119
0
181 120
0
181 121
0
181 122
0
181 123
0
181 124
0
181 125
0
181 126
0
181 127
0
181 128
0
181 129
0
181 130
0
181 131
0
181 132
0
181 133
0
181 134
0
181 135
0
181 136
0
181 137
0
181 138
0
181 139
0
181 140
0
181 141
0
181 142
0
181 143
0
181 144
0
181 145
0
181 146
0
181 147
0
181 148
0
181 149
0
181 150
0
181 151
0
181 152
0
181 153
0
181 154
0
181 155
0
181 156
0
181 157
0
181 158
0
181 159
0
181 160
0
181 161
0
181 162
0
181 163
0
181 164
0
181 165
0
181 166
0
181 167
0
181 168
0
181 169
0
181 170
0
181 171
0
181 172
0
181 173
0
181 174
0
181 175
0
181 176
0
181 177
0
181 178
0
181 179
0
181 180
0
181 181
0
181 182
0
181 183
0
181 184
0
181 185
0
181 186
0
182 187
0
183 188
0
184 189
0
185 190
0
186 191
0
187 192
0
188 193
0
189 194
0
190 195
0
191 196
0
192 197
0
193 197
0
194 198
0
195 199
0
196 199
0
197 199
0
198 199
0
199 199
0
200 199
0
201 199
0
202 199
0
203 199
0
204 199
0
205 200
0
206 200
0
207 200
0
208 200
0
209 200
0
210 200
0
211 200
0
212 200
0
213 200
0
214 200
0
215 200
0
216 200
0
217 200
0
218 200
0
219 200
0
220 200
0
221 200
0
222 200
0
223 200
0
224 200
0
225 200
0
226 200
0
227 200
0
228 200
0
229 200
0
230 200
0
231 200
0
232 200
0
233 200
0
234 200
0
235 200
0
236 200
0
237 200
0
238 200
0
239 200
0
240 200
0
241 200
0
242 200
0
243 200
0
244 200
0
245 200
0
246 200
0
247 200
0
248 200
0
249 200
0
250 200
0
251 200
0
252 200
0
253 200
0
254 200
0
255 200
0
256 200
0
257 200
0
258 200
0
259 200
0
260 200
0
261 200
0
262 200
0
263 200
0
264 200
0
265 200
0
266 200
0
267 200
0
268 200
0
269 200
0
270 200
0
271 200
0
272 200
0
273 200
0
274 200
0
275 200
0
276 200
0
277 200
0
278 200
0
279 200
0
280 200
0
281 200
0
282 200
0
283 200
0
284 200
0
285 200
0
286 200
0
287 200
0
288 200
0
289 200
0
290 200
0
291 200
0
292 200
0
293 200
0
294 200
0
295 200
0
296 200
0
297 200
0
298 200
0
299 200
0
300 200
0
301 200
0
302 200
0
303 200
0
304 200
0
305 200
0
306 200
0
307 200
0
308 200
0
309 200
0
310 200
0
311 200
0
312 200
0
313 200
0
314 200
0
315 200
0
316 200
0
317 200
0
318 200
0
319 200
0
320 200
0
321 200
0
322 200
0
323 200
0
324 200
0
325 200
0
326 200
0
327 200
0
328 200
0
329 200
0
330 200
0
331 200
0
332 200
0
333 200
0
334 200
0
335 200
0
336 200
0
337 199
0
338 199
0
339 199
0
340 199
0
341 199
0
342 199
0
343 199
0
344 199
0
345 199
0
346 199
0
347 199
0
348 198
0
349 197
0
350 197
0
351 196
0
352 195
0
352 194
0
353 193
0
354 192
0
354 191
0
354 190
0
355 189
0
355 188
0
355 187
0
355 186
0
355 185
0
355 184
0
355 183
0
355 182
0
355 181
0
355 180
0
355 179
0
355 178
0
355 177
0
355 176
0
355 175
0
355 174
0
355 173
0
354 172
0
353 171
0
352 170
0
351 169
0
350 168
0
349 167
0
348 166
0
347 165
0
346 164
0
345 163
0
344 162
0
343 161
0
342 160
0
341 159
0
340 158
0
339 157
0
338 156
0
337 155
0
336 154
0
335 153
0
334 152
0
333 151
0
332 150
0
331 149
0
330 148
0
329 147
0
328 146
0
327 145
0
326 144
0
325 143
0
324 142
0
323 141
0
322 140
0
321 139
0
320 138
0
319 137
0
318 136
0
317 135
0
316 134
0
315 133
0
314 132
0
313 131
0
312 130
0
311 129
0
310 128
0
309 127
0
308 126
0
307 125
0
306 124
0
305 123
0
304 122
0
303 121
0
302 120
0
301 119
0
300 118
0
299 117
0
298 116
0
297 115
0
296 114
0
295 113
0
294 112
0
293 111
0
292 110
0
291 109
0
290 108
0
289 107
0
288 106
0
287 105
0
286 104
0
285 103
0
284 102
0
283 101
0
282 100
0
281 99
0
280 98
0
279 97
0
278 96
0
277 95
0
277 94
0
276 93
0
276 92
0
275 91
0
275 90
0
275 89
0
275 88
0
275 87
0
275 86
0
276 85
0
276 84
0
277 83
0
277 82
0
278 81
0
279 80
0
280 79
0
281 78
0
282 77
0
283 76
0
284 75
0
285 74
0
286 73
0
287 72
0
288 71
0
289 70
0
290 69
0
291 68
0
292 67
0
293 66
0
294 65
0
295 64
0
296 63
0
297 62
0
298 61
0
299 60
0
300 59
0
301 59
0
302 58
0
303 58
0
304 57
0
305 57
0
306 56
0
307 56
0
308 55
0
309 55
0
310 55
0
311 54
0
312 54
0
313 53
0
314 53
0
315 52
0
316 52
0
317 51
0
318 51
0
319 50
0
320 50
1
40 60 1.57075
1
40.0001 61.9538 1.57075
1
40.0002 63.9075 1.57075
1
40.1211 65.8575 1.63265
1
40.1212 67.8113 1.69455
1
40.0005 69.7613 1.75646
1
39.7593 71.7001 1.81836
1
39.3986 73.6202 1.88026
1
38.9199 75.5144 1.94216
1
38.3249 77.3754 2.00406
1
37.6159 79.1959 2.06597
1
36.7956 80.9692 2.12787
1
35.662 82.5604 2.06597
1
34.6291 84.2188 2.00406
1
33.7007 85.9379 1.94216
1
32.8804 87.7111 1.88026
1
32.1715 89.5317 1.81836
1
31.5764 91.3926 1.75646
1
31.0977 93.2868 1.69455
1
30.9769 95.2368 1.75646
1
30.7357 97.1756 1.81836
1
30.3751 99.0958 1.88026
1
29.7801 100.957 1.88026
1
29.1851 102.818 1.88026
1
28.5901 104.679 1.88026
1
27.995 106.54 1.88026
1
27.2861 108.36 1.81836
1
26.691 110.221 1.75646
1
26.2123 112.115 1.69455
1
25.8516 114.035 1.63265
1
25.8517 115.989 1.69455
1
25.731 117.939 1.75646
1
25.4898 119.878 1.81836
1
24.8948 121.739 1.75646
1
24.416 123.633 1.69455
1
24.0554 125.553 1.63265
1
23.8142 127.492 1.57075
1
23.9351 129.442 1.63265
1
23.9352 131.396 1.69455
1
23.6941 133.335 1.69455
1
23.4529 135.273 1.69455
1
23.2117 137.212 1.69455
1
22.9705 139.151 1.69455
1
22.7294 141.09 1.69455
1
22.3687 143.01 1.63265
1
22.1275 144.949 1.57075
1
22.0068 146.899 1.50885
1
22.0069 148.853 1.44695
1
22.1278 150.803 1.38504
1
22.6067 152.697 1.44695
1
22.9676 154.617 1.50885
1
23.2089 156.556 1.57075
1
23.3299 158.506 1.63265
1
23.0887 160.445 1.57075
1
23.0888 162.398 1.57075
1
23.0889 164.352 1.57075
1
23.089 166.306 1.57075
1
23.0891 168.26 1.57075
1
23.0891 170.213 1.57075
1
23.0892 172.167 1.57075
1
23.0893 174.121 1.57075
1
23.0894 176.075 1.57075
1
23.0895 178.028 1.57075
1
23.0896 179.982 1.57075
1
23.0897 181.936 1.57075
1
23.0898 183.89 1.57075
1
23.0899 185.843 1.57075
1
23.0899 187.797 1.57075
1
22.9692 189.747 1.50885
1
22.9693 191.701 1.44695
1
23.0902 193.651 1.38504
1
23.3316 195.59 1.32314
1
22.9707 193.669 1.26124
1
22.4918 191.775 1.19934
1
21.8966 189.914 1.13744
1
22.6058 191.735 1.07553
1
23.4262 193.508 1.01363
1
24.3548 195.227 0.95173
1
25.3879 196.885 0.889827
1
26.5216 198.476 0.827925
1
27.7516 199.994 0.766023
1
29.0731 201.433 0.704121
1
30.4811 202.788 0.642219
1
32.0456 203.958 0.642219
1
33.5347 205.223 0.580317
1
35.0992 206.393 0.518415
1
36.7331 207.464 0.456513
1
38.4302 208.433 0.394611
1
40.1838 209.294 0.332709
1
41.9874 210.045 0.270807
1
43.834 210.683 0.208905
1
45.7453 211.088 0.208905
1
47.6566 211.493 0.208905
1
49.5679 211.899 0.208905
1
51.4791 212.304 0.208905
1
53.3904 212.709 0.208905
1
55.3231 212.995 0.270807
1
57.2344 213.4 0.332709
1
59.081 214.038 0.332709
1
60.9276 214.676 0.332709
1
62.7742 215.315 0.332709
1
64.5778 216.066 0.270807
1
66.4244 216.704 0.208905
1
68.3069 217.226 0.147003
1
70.2182 217.632 0.0851007
1
72.1509 217.918 0.0231986
1
74.0976 218.084 6.24448
1
76.0508 218.129 6.18258
1
78.0031 218.054 6.12068
1
79.947 217.857 6.05878
1
81.875 217.541 5.99687
1
83.7797 217.106 5.93497
1
85.654 216.555 5.87307
1
87.4904 215.888 5.81117
1
89.2822 215.109 5.74927
1
91.0223 214.221 5.68736
1
92.7041 213.226 5.62546
1
94.3212 212.13 5.56356
1
95.8674 210.936 5.50166
1
97.3367 209.648 5.43976
1
98.7235 208.272 5.37785
1
100.023 206.812 5.31595
1
101.229 205.276 5.25405
1
102.338 203.667 5.19215
1
103.345 201.993 5.13025
1
104.247 200.26 5.06834
1
105.04 198.474 5.00644
1
105.721 196.643 4.94454
1
106.287 194.773 4.88264
1
106.736 192.872 4.82073
1
107.067 190.946 4.75883
1
107.279 189.004 4.69693
1
107.369 187.052 4.63503
1
107.339 185.099 4.57313
1
107.188 183.151 4.51122
1
106.917 181.216 4.44932
1
106.293 179.364 4.51122
1
105.785 177.478 4.57313
1
105.395 175.564 4.63503
1
105.364 173.61 4.57313
1
105.213 171.662 4.51122
1
104.942 169.727 4.44932
1
104.552 167.813 4.38742
1
103.928 165.961 4.38742
1
103.304 164.11 4.38742
1
102.68 162.258 4.38742
1
101.943 160.449 4.44932
1
101.32 158.598 4.51122
1
100.812 156.711 4.57313
1
100.421 154.797 4.63503
1
100.391 152.843 4.57313
1
100.24 150.895 4.51122
1
99.8496 148.981 4.51122
1
99.4592 147.067 4.51122
1
99.0688 145.152 4.51122
1
98.6784 143.238 4.51122
1
98.288 141.324 4.51122
1
97.8977 139.409 4.51122
1
97.5073 137.495 4.51122
1
96.9992 135.608 4.57313
1
96.6088 133.694 4.63503
1
96.5786 131.74 4.57313
1
96.3074 129.806 4.57313
1
96.0362 127.871 4.57313
1
95.765 125.936 4.57313
1
95.4938 124.001 4.57313
1
95.2226 122.066 4.57313
1
94.9514 120.131 4.57313
1
94.6802 118.197 4.57313
1
94.2898 116.282 4.63503
1
94.0186 114.347 4.69693
1
93.8676 112.399 4.75883
1
93.8374 110.446 4.82073
1
94.0487 108.504 4.82073
1
94.26 106.561 4.82073
1
94.4712 104.619 4.82073
1
94.8022 102.694 4.75883
1
95.0135 100.751 4.69693
1
94.9833 98.7978 4.69693
1
94.9531 96.8443 4.69693
1
94.9229 94.8908 4.69693
1
94.8927 92.9372 4.69693
1
94.8625 90.9837 4.69693
1
94.8323 89.0302 4.69693
1
94.8021 87.0767 4.69693
1
94.7719 85.1232 4.69693
1
94.6209 83.1753 4.75883
1
94.5907 81.2218 4.82073
1
94.3795 83.1641 4.82073
1
94.1682 85.1063 4.82073
1
94.0775 87.058 4.88264
1
93.8662 89.0003 4.94454
1
93.5352 90.9258 5.00644
1
93.0857 92.8271 5.06834
1
92.5195 94.697 5.13025
1
93.2003 92.8657 5.19215
1
93.9931 91.0801 5.25405
1
94.8949 89.3469 5.31595
1
95.9022 87.6728 5.37785
1
97.0111 86.0643 5.43976
1
98.2174 84.5274 5.50166
1
99.5165 83.0681 5.56356
1
101.063 81.8737 5.50166
1
102.532 80.586 5.43976
1
103.919 79.2098 5.37785
1
105.028 77.6013 5.43976
1
106.234 76.0644 5.50166
1
107.533 74.6051 5.56356
1
108.92 73.2289 5.62546
1
110.389 71.9412 5.68736
1
111.935 70.7469 5.74927
1
113.552 69.6504 5.81117
1
115.234 68.6562 5.87307
1
117.026 67.8772 5.87307
1
118.766 66.9888 5.93497
1
120.558 66.2098 5.99687
1
122.432 65.6581 5.99687
1
124.306 65.1063 5.99687
1
126.181 64.5545 5.99687
1
128.017 63.8879 6.05878
1
129.922 63.4531 6.05878
1
131.827 63.0183 6.05878
1
133.755 62.7022 5.99687
1
135.659 62.2675 5.93497
1
137.496 61.6008 5.93497
1
139.332 60.9341 5.93497
1
141.169 60.2675 5.93497
1
142.96 59.4885 5.99687
1
144.797 58.8218 6.05878
1
146.671 58.2701 6.12068
1
148.576 57.8353 6.18258
1
150.504 57.5192 6.24448
1
152.448 57.323 0.0231988
1
154.4 57.2474 0.0851008
1
156.353 57.2927 0.147003
1
158.3 57.4588 0.208905
1
160.233 57.7449 0.270807
1
162.144 58.1501 0.332709
1
164.027 58.6728 0.394611
1
162.18 58.0347 0.456513
1
160.376 57.2835 0.518415
1
162.13 58.1448 0.580317
1
163.827 59.1129 0.642219
1
165.461 60.1841 0.704121
1
167.025 61.3544 0.766024
1
168.515 62.6191 0.827926
1
169.923 63.9736 0.889828
1
171.244 65.4126 0.95173
1
172.474 66.9306 1.01363
1
173.608 68.5218 1.07553
1
174.641 70.18 1.13744
1
175.569 71.899 1.19934
1
176.39 73.6722 1.26124
1
177.099 75.4927 1.32314
1
177.694 77.3536 1.38504
1
178.173 79.2477 1.44695
1
178.534 81.1679 1.50885
1
178.775 83.1066 1.57075
1
178.896 85.0566 1.63265
1
178.896 87.0104 1.69455
1
178.776 88.9604 1.75646
1
178.534 90.8992 1.81836
1
178.174 92.8194 1.88026
1
177.695 94.7136 1.94216
1
176.986 96.5341 1.94216
1
176.166 98.3074 1.88026
1
175.571 100.168 1.88026
1
174.976 102.029 1.88026
1
174.381 103.89 1.88026
1
173.786 105.751 1.88026
1
173.077 107.572 1.81836
1
172.482 109.433 1.75646
1
172.003 111.327 1.69455
1
171.642 113.247 1.63265
1
171.401 115.186 1.57075
1
171.522 117.136 1.63265
1
171.522 119.09 1.69455
1
171.281 121.028 1.69455
1
171.04 122.967 1.69455
1
170.799 124.906 1.69455
1
170.557 126.845 1.69455
1
170.316 128.784 1.69455
1
170.075 130.722 1.69455
1
169.834 132.661 1.69455
1
169.593 134.6 1.69455
1
169.352 136.539 1.69455
1
169.11 138.478 1.69455
1
168.869 140.416 1.69455
1
168.628 142.355 1.69455
1
168.387 144.294 1.69455
1
168.146 146.233 1.69455
1
167.904 148.172 1.69455
1
167.663 150.111 1.69455
1
167.303 152.031 1.63265
1
167.061 153.969 1.57075
1
167.062 155.923 1.57075
1
167.182 157.873 1.63265
1
166.941 159.812 1.57075
1
166.821 161.762 1.50885
1
166.821 163.716 1.44695
1
166.942 165.666 1.38504
1
167.183 167.605 1.32314
1
166.822 165.684 1.26124
1
167.301 167.579 1.19934
1
167.896 169.439 1.13744
1
168.605 171.26 1.07553
1
169.426 173.033 1.01363
1
170.354 174.752 0.95173
1
171.387 176.41 0.889828
1
170.254 174.819 0.827926
1
168.932 173.38 0.827926
1
167.611 171.941 0.827926
1
169.019 173.296 0.889828
1
170.152 174.887 0.827926
1
171.474 176.326 0.827926
1
172.795 177.765 0.827926
1
174.117 179.204 0.827926
1
175.439 180.643 0.827926
1
176.76 182.082 0.827926
1
178.082 183.521 0.827926
1
179.403 184.96 0.827926
1
180.725 186.399 0.827926
1
182.046 187.838 0.827926
1
183.368 189.277 0.827926
1
184.689 190.716 0.827926
1
186.011 192.155 0.827926
1
187.332 193.594 0.827926
1
188.654 195.033 0.827926
1
190.062 196.387 0.889828
1
191.196 197.978 0.827926
1
192.426 199.496 0.766024
1
193.747 200.935 0.704121
1
195.155 202.29 0.642219
1
196.644 203.555 0.580317
1
198.209 204.725 0.518415
1
199.843 205.796 0.456513
1
201.54 206.764 0.394611
1
203.386 207.402 0.456513
1
205.19 208.153 0.518415
1
206.944 209.015 0.580317
1
208.577 210.086 0.580317
1
210.211 211.157 0.580317
1
211.845 212.228 0.580317
1
213.479 213.3 0.580317
1
215.113 214.371 0.580317
1
216.747 215.442 0.580317
1
218.381 216.513 0.580317
1
220.015 217.585 0.580317
1
221.649 218.656 0.580317
1
223.283 219.727 0.580317
1
224.916 220.798 0.580317
1
226.55 221.869 0.580317
1
228.115 223.04 0.518415
1
229.749 224.111 0.456513
1
231.446 225.079 0.394611
1
233.199 225.94 0.332709
1
235.082 226.463 0.394611
1
236.929 227.101 0.456513
1
238.626 228.069 0.394611
1
240.379 228.93 0.332709
1
242.262 229.453 0.394611
1
244.108 230.091 0.456513
1
245.805 231.059 0.394611
1
247.559 231.92 0.332709
1
249.363 232.672 0.270807
1
251.209 233.31 0.208905
1
253.092 233.832 0.147003
1
255.003 234.238 0.0851008
1
256.936 234.524 0.0231987
1
258.883 234.69 6.24448
1
260.836 234.735 6.18258
1
262.764 234.419 6.24448
1
264.708 234.223 0.0231988
1
266.66 234.147 0.0851008
1
268.613 234.192 0.147003
1
270.56 234.359 0.208905
1
272.493 234.645 0.270807
1
274.404 235.05 0.332709
1
276.25 235.688 0.332709
1
278.097 236.326 0.332709
1
279.901 237.077 0.270807
1
281.747 237.715 0.208905
1
283.63 238.238 0.147003
1
285.541 238.643 0.0851008
1
287.474 238.929 0.0231988
1
289.42 239.095 6.24448
1
291.364 238.899 0.0231988
1
293.317 238.824 0.0851008
1
295.27 238.869 0.147003
1
297.217 239.035 0.208905
1
299.128 239.44 0.208905
1
301.039 239.845 0.208905
1
302.95 240.251 0.208905
1
304.833 240.773 0.147003
1
306.744 241.178 0.0851008
1
308.698 241.224 0.147003
1
310.63 241.51 0.147003
1
312.563 241.796 0.147003
1
314.496 242.082 0.147003
1
316.428 242.368 0.147003
1
318.361 242.655 0.147003
1
320.294 242.941 0.147003
1
322.226 243.227 0.147003
1
324.138 243.632 0.0851008
1
326.07 243.918 0.0231988
1
328.017 244.084 6.24448
1
329.97 244.13 6.18258
1
331.922 244.054 6.12068
1
333.866 243.858 6.05878
1
335.794 243.542 5.99687
1
337.699 243.107 5.93497
1
339.573 242.555 5.87307
1
341.41 241.889 5.81117
1
343.202 241.11 5.74927
1
344.942 240.221 5.68736
1
346.623 239.227 5.62546
1
348.241 238.13 5.56356
1
349.787 236.936 5.50166
1
351.256 235.648 5.43976
1
352.643 234.272 5.37785
1
351.344 235.732 5.31595
1
350.138 237.268 5.25405
1
349.029 238.877 5.19215
1
350.036 237.203 5.13025
1
350.938 235.47 5.06834
1
351.73 233.684 5.00644
1
352.411 231.853 4.94454
1
352.978 229.983 4.88264
1
353.427 228.082 4.82073
1
353.758 226.156 4.75883
1
353.849 224.204 4.75883
1
353.94 222.253 4.75883
1
354.03 220.301 4.75883
1
354.121 218.349 4.75883
1
354.212 216.398 4.75883
1
354.302 214.446 4.75883
1
354.393 212.495 4.75883
1
354.484 210.543 4.75883
1
354.574 208.591 4.75883
1
354.665 206.64 4.75883
1
354.756 204.688 4.75883
1
354.846 202.736 4.75883
1
354.937 200.785 4.75883
1
355.028 198.833 4.75883
1
355.119 196.881 4.75883
1
355.209 194.93 4.75883
1
355.3 192.978 4.75883
1
355.391 191.026 4.75883
1
355.481 189.075 4.75883
1
355.572 187.123 4.75883
1
355.663 185.172 4.75883
1
355.753 183.22 4.75883
1
355.844 181.268 4.75883
1
355.935 179.317 4.75883
1
355.905 177.363 4.82073
1
355.995 175.411 4.88264
1
356.207 173.469 4.94454
1
356.538 171.544 5.00644
1
357.219 169.712 4.94454
1
357.785 167.842 4.88264
1
358.234 165.941 4.82073
1
357.903 167.867 4.75883
1
357.692 169.809 4.69693
1
357.601 171.761 4.63503
1
357.632 173.714 4.57313
1
357.783 175.662 4.51122
1
357.511 173.727 4.44932
1
357.121 171.813 4.38742
1
356.613 169.926 4.32552
1
355.989 168.075 4.26362
1
355.252 166.265 4.20171
1
354.404 164.505 4.13981
1
353.449 162.801 4.07791
1
352.391 161.158 4.01601
1
351.233 159.585 3.95411
1
349.98 158.086 3.8922
1
348.636 156.668 3.8303
1
347.207 155.335 3.7684
1
345.699 154.093 3.7065
1
344.116 152.947 3.6446
1
342.466 151.901 3.58269
1
340.754 150.96 3.52079
1
338.988 150.125 3.45889
1
337.173 149.402 3.39699
1
335.317 148.793 3.33509
1
333.426 148.299 3.27318
1
331.509 147.923 3.21128
1
329.572 147.667 3.14938
1
327.623 147.531 3.08748
1
325.669 147.516 3.02558
1
323.729 147.742 3.02558
1
321.788 147.968 3.02558
1
319.848 148.194 3.02558
1
317.907 148.42 3.02558
1
315.966 148.647 3.02558
1
314.026 148.873 3.02558
1
312.085 149.099 3.02558
1
310.145 149.325 3.02558
1
308.204 149.551 3.02558
1
306.281 149.897 3.08748
1
304.34 150.123 3.14938
1
302.389 150.229 3.21128
1
300.436 150.214 3.27318
1
298.487 150.078 3.33509
1
296.55 149.821 3.39699
1
294.633 149.446 3.45889
1
292.742 148.952 3.52079
1
294.598 149.562 3.58269
1
296.413 150.285 3.6446
1
294.647 149.451 3.7065
1
292.935 148.509 3.7684
1
291.285 147.463 3.8303
1
289.702 146.317 3.8922
1
288.274 144.984 3.8922
1
286.765 143.743 3.95411
1
285.337 142.41 4.01601
1
283.993 140.992 4.07791
1
282.74 139.493 4.13981
1
281.582 137.919 4.20171
1
280.523 136.277 4.26362
1
279.568 134.573 4.32552
1
278.721 132.812 4.38742
1
277.983 131.003 4.44932
1
277.36 129.152 4.51122
1
276.852 127.265 4.57313
1
276.461 125.351 4.63503
1
276.19 123.416 4.69693
1
276.16 121.462 4.69693
1
276.13 119.509 4.69693
1
276.099 117.555 4.69693
1
276.069 115.602 4.69693
1
276.039 113.648 4.69693
1
276.009 111.695 4.69693
1
275.979 109.741 4.69693
1
275.948 107.788 4.69693
1
275.918 105.834 4.69693
1
276.009 103.883 4.63503
1
275.979 101.929 4.57313
1
275.828 99.9811 4.51122
1
275.32 98.0946 4.57313
1
274.929 96.1802 4.63503
1
274.658 94.2454 4.69693
1
274.507 92.2975 4.75883
1
274.477 90.3439 4.82073
1
274.568 88.3923 4.88264
1
274.779 86.45 4.94454
1
275.11 84.5245 5.00644
1
275.559 82.6232 5.06834
1
276.126 80.7533 5.13025
1
276.806 78.922 5.19215
1
277.599 77.1363 5.25405
1
278.501 75.4032 5.31595
1
279.508 73.7291 5.37785
1
280.617 72.1205 5.43976
1
281.824 70.5836 5.50166
1
283.123 69.1243 5.56356
1
284.509 67.7482 5.62546
1
285.979 66.4605 5.68736
1
287.525 65.2661 5.74927
1
289.142 64.1697 5.81117
1
290.824 63.1754 5.87307
1
292.66 62.5087 5.81117
1
294.452 61.7297 5.74927
1
296.192 60.8414 5.68736
1
297.874 59.8471 5.62546
1
299.343 58.5594 5.68736
1
300.889 57.365 5.74927
1
302.507 56.2686 5.81117
1
304.188 55.2743 5.87307
1
305.928 54.386 5.93497
1
307.72 53.607 5.99687
1
309.557 52.9403 6.05878
1
311.431 52.3886 6.12068
1
313.336 51.9538 6.18258
1
315.264 51.6377 6.24448
1
315.264 51.6377 6.24448
1
316.842 51.0918 6.25738
1
318.421 50.5459 6.27028
1
320 50 6.28319
2
40.0007 74.155
0 0 0.70709 0.707123
3
49.2117 97.0996
30.7917 97.1004
30.7896 51.2104
49.2096 51.2096
2
40.0007 76.1087
0 0 0.70709 0.707123
3
49.2118 99.0533
30.7918 99.0542
30.7897 53.1642
49.2097 53.1633
2
40.0008 78.0625
0 0 0.70709 0.707123
3
49.2119 101.007
30.7919 101.008
30.7898 55.1179
49.2098 55.1171
2
39.2461 79.9854
0 0 0.728634 0.684903
3
47.0201 103.456
28.6354 102.317
31.4721 56.515
49.8569 57.6536
2
38.3739 81.858
0 0 0.749481 0.662026
3
44.6811 105.764
26.402 103.491
32.0667 57.9516
50.3458 60.2254
2
37.3875 83.673
0 0 0.769609 0.638516
3
42.2037 107.924
24.1003 104.524
32.5713 59.4222
50.6748 62.8224
2
36.2907 85.4235
0 0 0.789 0.614394
3
39.5975 109.926
21.7391 105.412
32.984 60.9212
50.8424 65.4349
2
35.0877 87.1028
0 0 0.807635 0.589683
3
36.8724 111.763
19.3274 106.153
33.3031 62.4429
50.8481 68.0527
2
33.7832 88.7045
0 0 0.825496 0.564407
3
34.0389 113.428
16.8745 106.743
33.5275 63.9814
50.6918 70.6658
2
32.382 90.2224
0 0 0.842567 0.538591
3
31.1078 114.914
14.3899 107.181
33.6563 65.5309
50.3742 73.2643
2
30.8897 91.6507
0 0 0.858831 0.512259
3
28.0904 116.216
11.8829 107.463
33.689 67.0853
49.8965 75.8381
2
29.3118 92.984
0 0 0.874272 0.485436
3
24.9982 117.329
9.36321 107.591
33.6254 68.6388
49.2604 78.3775
2
28.9359 95.0153
0 0 0.858831 0.512259
3
26.1366 119.581
9.92906 110.828
31.7351 70.4498
47.9427 79.2026
2
28.6863 97.0659
0 0 0.842567 0.538591
3
27.412 121.757
10.6941 114.024
29.9605 72.3743
46.6785 80.1077
2
28.564 99.128
0 0 0.825496 0.564407
3
28.8197 123.851
11.6554 117.167
28.3083 74.4049
45.4727 81.0893
2
28.5696 101.194
0 0 0.807635 0.589683
3
30.3542 125.854
12.8092 120.244
26.7849 76.5338
44.3299 82.1435
2
28.7029 103.255
0 0 0.789 0.614394
3
32.0096 127.757
14.1512 123.244
25.3961 78.7528
43.2546 83.2665
2
28.9635 105.304
0 0 0.769609 0.638516
3
33.7797 129.555
15.6762 126.155
24.1473 81.0535
42.2508 84.4538
2
29.3504 107.334
0 0 0.749481 0.662026
3
35.6575 131.24
17.3784 128.966
23.0432 83.4271
41.3223 85.7009
2
28.364 109.149
0 0 0.769609 0.638516
3
33.1802 133.399
15.0767 129.999
23.5478 84.8977
41.6512 88.298
2
27.2672 110.899
0 0 0.789 0.614394
3
30.5739 135.401
12.7155 130.888
23.9604 86.3968
41.8189 90.9104
2
26.0642 112.578
0 0 0.807635 0.589683
3
27.8489 137.238
10.3039 131.629
24.2796 87.9184
41.8246 93.5282
2
25.4692 114.439
0 0 0.807635 0.589683
3
27.2538 139.099
9.70885 133.489
23.6846 89.7794
41.2296 95.3892
2
24.8742 116.3
0 0 0.807635 0.589683
3
26.6588 140.96
9.11384 135.35
23.0896 91.6403
40.6345 97.2501
2
24.2792 118.161
0 0 0.807635 0.589683
3
26.0638 142.821
8.51883 137.211
22.4945 93.5013
40.0395 99.111
2
23.6842 120.022
0 0 0.807635 0.589683
3
25.4688 144.682
7.92382 139.072
21.8995 95.3622
39.4445 100.972
2
23.8175 122.084
0 0 0.789 0.614394
3
27.1243 146.586
9.26583 142.072
20.5108 97.5813
38.3692 102.095
2
24.0781 124.133
0 0 0.769609 0.638516
3
28.8943 148.384
10.7908 144.983
19.2619 99.882
37.3654 103.282
2
24.465 126.162
0 0 0.749481 0.662026
3
30.7722 150.068
12.493 147.795
18.1578 102.256
36.4369 104.529
2
24.9766 128.163
0 0 0.728634 0.684903
3
32.7506 151.634
14.3659 150.495
17.2026 104.693
35.5874 105.832
2
24.1044 130.036
0 0 0.749481 0.662026
3
30.4116 153.942
12.1325 151.669
17.7972 106.129
36.0763 108.403
2
23.118 131.851
0 0 0.769609 0.638516
3
27.9342 156.102
9.83076 152.701
18.3018 107.6
36.4053 111
2
22.0212 133.601
0 0 0.789 0.614394
3
25.328 158.104
7.46955 153.59
18.7145 109.099
36.5729 113.613
2
22.2818 135.651
0 0 0.769609 0.638516
3
27.098 159.901
8.99457 156.501
17.4656 111.4
35.5691 114.8
2
22.6687 137.68
0 0 0.749481 0.662026
3
28.9759 161.586
10.6968 159.312
16.3615 113.773
34.6406 116.047
2
23.1804 139.681
0 0 0.728634 0.684903
3
30.9544 163.152
12.5696 162.013
15.4063 116.211
33.7911 117.349
2
23.8148 141.647
0 0 0.70709 0.707123
3
33.0259 164.592
14.6059 164.592
14.6038 118.702
33.0238 118.702
2
23.0601 143.57
0 0 0.728634 0.684903
3
30.8342 167.04
12.4494 165.902
15.2861 120.1
33.6709 121.238
2
22.1879 145.443
0 0 0.749481 0.662026
3
28.4951 169.349
10.216 167.075
15.8807 121.536
34.1599 123.81
2
21.9467 147.381
0 0 0.749481 0.662026
3
28.2539 171.288
9.9748 169.014
15.6396 123.475
33.9187 125.749
2
21.7056 149.32
0 0 0.749481 0.662026
3
28.0127 173.227
9.73363 170.953
15.3984 125.414
33.6775 127.688
2
21.4644 151.259
0 0 0.749481 0.662026
3
27.7716 175.165
9.49245 172.892
15.1572 127.353
33.4363 129.626
2
21.2232 153.198
0 0 0.749481 0.662026
3
27.5304 177.104
9.25128 174.83
14.916 129.291
33.1952 131.565
2
20.982 155.137
0 0 0.749481 0.662026
3
27.2892 179.043
9.0101 176.769
14.6749 131.23
32.954 133.504
2
21.4937 157.138
0 0 0.728634 0.684903
3
29.2677 180.608
10.8829 179.47
13.7197 133.668
32.1045 134.806
2
22.1282 159.104
0 0 0.70709 0.707123
3
31.3393 182.048
12.9193 182.049
12.9171 136.159
31.3371 136.158
2
22.8831 161.027
0 0 0.684869 0.728666
3
33.4959 183.358
15.1112 184.498
12.2703 138.696
30.6549 137.556
2
23.7555 162.899
0 0 0.661992 0.749511
3
35.7294 184.531
17.4505 186.806
11.7815 141.268
30.0604 138.992
2
24.742 164.714
0 0 0.63848 0.769638
3
38.0312 185.563
19.9281 188.965
11.4528 143.865
29.556 140.463
2
24.3554 166.743
0 0 0.661992 0.749511
3
36.3293 188.375
18.0504 190.65
12.3814 145.112
30.6603 142.836
2
23.8439 168.745
0 0 0.684869 0.728666
3
34.4567 191.076
16.072 192.216
13.231 146.414
31.6157 145.274
2
23.2096 170.711
0 0 0.70709 0.707123
3
32.4206 193.655
14.0006 193.656
13.9985 147.766
32.4185 147.765
2
22.4549 172.634
0 0 0.728634 0.684903
3
30.2289 196.104
11.8441 194.965
14.6808 149.163
33.0656 150.302
2
23.0893 174.6
0 0 0.70709 0.707123
3
32.3004 197.544
13.8804 197.545
13.8783 151.655
32.2983 151.654
2
23.0894 176.553
0 0 0.70709 0.707123
3
32.3005 199.498
13.8805 199.499
13.8784 153.609
32.2984 153.608
2
23.0895 178.507
0 0 0.70709 0.707123
3
32.3006 201.452
13.8806 201.452
13.8785 155.562
32.2985 155.562
2
23.0896 180.461
0 0 0.70709 0.707123
3
32.3007 203.405
13.8807 203.406
13.8786 157.516
32.2986 157.515
2
23.0897 182.415
0 0 0.70709 0.707123
3
32.3008 205.359
13.8808 205.36
13.8786 159.47
32.2986 159.469
2
23.0898 184.368
0 0 0.70709 0.707123
3
32.3009 207.313
13.8809 207.314
13.8787 161.424
32.2987 161.423
2
23.0899 186.322
0 0 0.70709 0.707123
3
32.301 209.267
13.881 209.267
13.8788 163.377
32.2988 163.377
2
23.09 188.276
0 0 0.70709 0.707123
3
32.301 211.22
13.881 211.221
13.8789 165.331
32.2989 165.33
2
23.0901 190.23
0 0 0.70709 0.707123
3
32.3011 213.174
13.8811 213.175
13.879 167.285
32.299 167.284
2
23.0902 192.183
0 0 0.70709 0.707123
3
32.3012 215.128
13.8812 215.129
13.8791 169.239
32.2991 169.238
2
23.0902 194.137
0 0 0.70709 0.707123
3
32.3013 217.082
13.8813 217.082
13.8792 171.192
32.2992 171.192
2
23.0903 196.091
0 0 0.70709 0.707123
3
32.3014 219.035
13.8814 219.036
13.8793 173.146
32.2993 173.145
2
23.0904 198.045
0 0 0.70709 0.707123
3
32.3015 220.989
13.8815 220.99
13.8794 175.1
32.2994 175.099
2
23.0905 199.998
0 0 0.70709 0.707123
3
32.3016 222.943
13.8816 222.944
13.8795 177.054
32.2995 177.053
2
23.0906 201.952
0 0 0.70709 0.707123
3
32.3017 224.897
13.8817 224.897
13.8795 179.007
32.2995 179.007
2
23.8455 203.875
0 0 0.684869 0.728666
3
34.4583 226.206
16.0737 227.346
13.2327 181.544
31.6173 180.404
2
24.7179 205.747
0 0 0.661992 0.749511
3
36.6918 227.379
18.4129 229.654
12.7439 184.116
31.0229 181.84
2
25.7044 207.562
0 0 0.63848 0.769638
3
38.9936 228.412
20.8905 231.814
12.4153 186.713
30.5184 183.311
2
26.8014 209.313
0 0 0.614357 0.789028
3
41.3549 229.3
23.4969 233.815
12.2479 189.325
30.1059 184.81
2
27.2829 207.152
0 0 0.589646 0.807662
3
43.045 226.2
25.5005 231.812
11.5208 188.103
29.0652 182.492
2
27.6297 204.965
0 0 0.564369 0.825523
3
44.5401 223.002
27.3763 229.688
10.7194 186.928
27.8831 180.242
2
27.8406 202.761
0 0 0.538552 0.842592
3
45.8344 219.717
29.1172 227.452
9.84689 185.804
26.5641 178.069
2
29.3331 204.189
0 0 0.512219 0.858855
3
48.3414 220
32.1347 228.754
10.3249 188.378
26.5316 179.624
2
30.9111 205.522
0 0 0.485396 0.874295
3
50.8611 220.127
35.227 229.867
10.9612 190.918
26.5953 181.177
2
32.5686 206.755
0 0 0.458107 0.888897
3
53.3838 220.098
38.3822 230.786
11.7533 193.413
26.755 182.724
2
34.2991 207.883
0 0 0.43038 0.902648
3
55.8999 219.912
41.5882 231.509
12.6983 195.854
27.01 184.258
2
36.0961 208.902
0 0 0.40224 0.915534
3
58.3997 219.572
44.8328 232.031
13.7925 198.232
27.3594 185.773
2
37.9527 209.808
0 0 0.373716 0.927543
3
60.8736 219.078
48.1035 232.352
15.0318 200.538
27.8019 187.263
2
39.8618 210.597
0 0 0.344833 0.938664
3
63.3122 218.431
51.3878 232.47
16.4113 202.763
28.3357 188.723
2
41.816 211.266
0 0 0.31562 0.948886
3
65.7062 217.635
54.6731 232.385
17.9258 204.898
28.9589 190.148
2
43.3805 212.437
0 0 0.31562 0.948886
3
67.2707 218.805
56.2376 233.555
19.4903 206.068
30.5234 191.318
2
45.3724 212.984
0 0 0.286104 0.958199
3
69.6108 217.862
59.5113 233.267
21.134 208.106
31.2335 192.701
2
47.3943 213.407
0 0 0.256315 0.966593
3
71.8881 216.777
62.7609 232.776
22.9006 210.038
32.0278 194.038
2
49.4386 213.704
0 0 0.22628 0.974062
3
74.0939 215.552
65.9739 232.086
24.7833 211.856
32.9032 195.323
2
51.4973 213.874
0 0 0.196028 0.980598
3
76.2197 214.193
69.1381 231.198
26.7749 213.555
33.8565 196.551
2
53.5626 213.917
0 0 0.165588 0.986195
3
78.2573 212.706
72.2413 230.116
28.8678 215.128
34.8839 197.718
2
55.6266 213.831
0 0 0.13499 0.990847
3
80.1991 211.095
75.2716 228.844
31.054 216.568
35.9815 198.819
2
57.6813 213.619
0 0 0.104263 0.99455
3
82.0375 209.367
78.2174 227.387
33.3251 217.87
37.1452 199.85
2
59.5926 214.024
0 0 0.104263 0.99455
3
83.9488 209.773
80.1287 227.792
35.2364 218.275
39.0565 200.255
2
61.5038 214.429
0 0 0.104263 0.99455
3
85.86 210.178
82.0399 228.197
37.1476 218.68
40.9677 200.661
2
63.4151 214.834
0 0 0.104263 0.99455
3
87.7713 210.583
83.9512 228.602
39.0589 219.085
42.879 201.066
2
65.3264 215.239
0 0 0.104263 0.99455
3
89.6826 210.988
85.8625 229.008
40.9702 219.491
44.7903 201.471
2
67.2377 215.644
0 0 0.104263 0.99455
3
91.5939 211.393
87.7738 229.413
42.8815 219.896
46.7016 201.876
2
68.9622 216.782
0 0 0.13499 0.990847
3
93.5347 214.045
88.6072 231.794
44.3897 219.518
49.3172 201.769
2
70.6131 218.023
0 0 0.165588 0.986195
3
95.3079 216.812
89.2918 234.222
45.9184 219.234
51.9344 201.824
2
72.4597 218.661
0 0 0.165588 0.986195
3
97.1545 217.45
91.1384 234.86
47.765 219.872
53.781 202.463
2
74.3063 219.3
0 0 0.165588 0.986195
3
99.0011 218.089
92.985 235.498
49.6116 220.511
55.6276 203.101
2
76.1529 219.938
0 0 0.165588 0.986195
3
100.848 218.727
94.8316 236.137
51.4582 221.149
57.4742 203.739
2
78.2169 219.852
0 0 0.13499 0.990847
3
102.789 217.116
97.8619 234.865
53.6444 222.589
58.5719 204.84
2
80.2716 219.639
0 0 0.104263 0.99455
3
104.628 215.388
100.808 233.408
55.9154 223.891
59.7355 205.871
2
82.3093 219.3
0 0 0.0734352 0.9973
3
106.356 213.55
103.658 231.771
58.2627 225.05
60.9608 206.828
2
84.322 218.835
0 0 0.0425375 0.999095
3
107.967 211.608
106.401 229.962
60.6772 226.061
62.2429 207.708
2
86.3021 218.246
0 0 0.011599 0.999933
3
109.455 209.571
109.027 227.986
63.1496 226.921
63.5769 208.506
2
88.242 217.536
0 0 0.0193504 -0.999813
3
110.813 207.445
111.526 225.851
65.6705 227.627
64.9578 209.221
2
90.1342 216.708
0 0 0.0502814 -0.998735
3
112.038 205.24
113.888 223.566
68.2303 228.175
66.3802 209.849
2
91.9716 215.763
0 0 0.0811643 -0.996701
3
113.124 202.962
116.104 221.14
70.819 228.564
67.8388 210.387
2
93.747 214.707
0 0 0.111969 -0.993712
3
114.067 200.622
118.166 218.581
73.4269 228.792
69.3279 210.834
2
95.4538 213.544
0 0 0.142667 -0.989771
3
114.864 198.229
120.066 215.899
76.0438 228.859
70.8417 211.189
2
97.0852 212.277
0 0 0.173228 -0.984882
3
115.511 195.79
121.796 213.105
78.6599 228.763
72.3746 211.449
2
98.6351 210.911
0 0 0.203624 -0.979049
3
116.005 193.316
123.35 210.209
81.265 228.506
73.9207 211.613
2
100.098 209.452
0 0 0.233824 -0.972279
3
116.346 190.816
124.721 207.222
83.8492 228.088
75.474 211.682
2
101.467 207.905
0 0 0.2638 -0.964577
3
116.531 188.3
125.906 204.157
86.4026 227.511
77.0285 211.654
2
102.738 206.277
0 0 0.293524 -0.955952
3
116.561 185.778
126.898 201.024
88.9155 226.777
78.5784 211.531
2
103.906 204.573
0 0 0.322966 -0.946411
3
116.434 183.258
127.695 197.835
91.3781 225.889
80.1176 211.311
2
104.966 202.8
0 0 0.352099 -0.935963
3
116.152 180.751
128.293 194.604
93.781 224.85
81.6403 210.997
2
105.915 200.965
0 0 0.380895 -0.924618
3
115.715 178.266
128.69 191.341
96.1151 223.665
83.1407 210.589
2
106.748 199.075
0 0 0.409326 -0.912388
3
115.125 175.813
128.884 188.061
98.3714 222.337
84.613 210.09
2
107.463 197.137
0 0 0.437365 -0.899284
3
114.385 173.401
128.875 184.774
100.541 220.873
86.0515 209.5
2
108.057 195.158
0 0 0.464984 -0.885319
3
113.497 171.04
128.663 181.495
102.616 219.277
87.4508 208.822
2
108.527 193.147
0 0 0.492159 -0.870505
3
112.465 168.738
128.248 178.235
104.589 217.556
88.8055 208.059
2
108.871 191.11
0 0 0.518862 -0.854858
3
111.292 166.504
127.632 175.006
106.451 215.716
90.1104 207.214
2
109.089 189.056
0 0 0.545068 -0.838392
3
109.983 164.348
126.818 171.822
108.196 213.764
91.3605 206.289
2
109.18 186.992
0 0 0.570752 -0.821123
3
108.543 162.276
125.808 168.695
109.816 211.708
92.551 205.289
2
109.142 184.927
0 0 0.595889 -0.803067
3
106.978 160.297
124.607 165.636
111.307 209.556
93.6774 204.217
2
108.977 182.868
0 0 0.620455 -0.784242
3
105.293 158.419
123.219 162.657
112.661 207.316
94.7353 203.078
2
108.685 180.823
0 0 0.644427 -0.764666
3
103.496 156.649
121.649 159.77
113.874 204.996
95.7207 201.875
2
108.267 178.8
0 0 0.667782 -0.744357
3
101.592 154.993
119.904 156.985
114.942 202.606
96.6298 200.614
2
107.725 176.806
0 0 0.690497 -0.723335
3
99.5897 153.459
117.99 154.314
115.859 200.154
97.4592 199.299
2
107.06 174.851
0 0 0.712551 -0.70162
3
97.4962 152.051
115.914 151.766
116.623 197.65
98.2056 197.935
2
106.275 172.939
0 0 0.733922 -0.679234
3
95.3196 150.775
113.685 149.351
117.231 195.104
98.8662 196.528
2
105.374 171.081
0 0 0.75459 -0.656196
3
93.0683 149.636
111.31 147.079
117.68 192.525
99.4384 195.082
2
104.36 169.281
0 0 0.774535 -0.632531
3
90.7509 148.639
108.799 144.959
117.969 189.923
99.9202 193.604
2
103.236 167.548
0 0 0.793739 -0.608259
3
88.3762 147.787
106.162 142.997
118.096 187.309
100.31 192.099
2
103.465 165.495
0 0 0.774535 -0.632531
3
89.8559 144.853
107.904 141.172
117.074 186.137
99.0252 189.817
2
103.82 163.46
0 0 0.75459 -0.656196
3
91.5143 142.016
109.756 139.459
116.126 184.904
97.8844 187.461
2
104.301 161.451
0 0 0.733922 -0.679234
3
93.345 139.286
111.71 137.863
115.256 183.615
96.8915 185.039
2
103.4 159.592
0 0 0.75459 -0.656196
3
91.0937 138.148
109.335 135.591
115.705 181.036
97.4638 183.593
2
102.385 157.793
0 0 0.774535 -0.632531
3
88.7762 137.15
106.825 133.47
115.994 178.435
97.9455 182.115
2
101.261 156.059
0 0 0.793739 -0.608259
3
86.4015 136.299
104.188 131.509
116.121 175.82
98.3349 180.61
2
100.032 154.399
0 0 0.812182 -0.583404
3
83.9787 135.595
101.435 129.714
116.086 173.202
98.6304 179.083
2
99.4087 152.547
0 0 0.812182 -0.583404
3
83.3549 133.744
100.811 127.863
115.463 171.351
98.0066 177.232
2
98.7849 150.696
0 0 0.812182 -0.583404
3
82.7311 131.892
100.187 126.011
114.839 169.499
97.3828 175.38
2
98.1611 148.844
0 0 0.812182 -0.583404
3
82.1073 130.041
99.5632 124.16
114.215 167.648
96.759 173.529
2
98.2625 146.781
0 0 0.793739 -0.608259
3
83.4026 127.02
101.189 122.23
113.122 166.542
95.336 171.332
2
98.4912 144.728
0 0 0.774535 -0.632531
3
84.8823 124.086
102.931 120.406
112.1 165.37
94.0516 169.051
2
98.8466 142.693
0 0 0.75459 -0.656196
3
86.5407 121.249
104.782 118.692
111.153 164.138
92.9108 166.694
2
99.3272 140.684
0 0 0.733922 -0.679234
3
88.3715 118.519
106.736 117.096
110.283 162.849
91.918 164.272
2
98.426 138.825
0 0 0.75459 -0.656196
3
86.1201 117.381
104.362 114.824
110.732 160.27
92.4902 162.827
2
97.4116 137.026
0 0 0.774535 -0.632531
3
83.8027 116.384
101.851 112.703
111.021 157.668
92.972 161.348
2
97.0212 135.111
0 0 0.774535 -0.632531
3
83.4123 114.469
101.461 110.789
110.63 155.753
92.5816 159.434
2
96.6309 133.197
0 0 0.774535 -0.632531
3
83.0219 112.555
101.07 108.874
110.24 153.839
92.1912 157.52
2
96.2405 131.283
0 0 0.774535 -0.632531
3
82.6316 110.641
100.68 106.96
109.849 151.925
91.8008 155.605
2
95.8501 129.368
0 0 0.774535 -0.632531
3
82.2412 108.726
100.29 105.046
109.459 150.01
91.4105 153.691
2
95.4597 127.454
0 0 0.774535 -0.632531
3
81.8508 106.812
99.8994 103.131
109.069 148.096
91.0201 151.777
2
95.0693 125.54
0 0 0.774535 -0.632531
3
81.4604 104.898
99.509 101.217
108.678 146.182
90.6297 149.862
2
94.679 123.625
0 0 0.774535 -0.632531
3
81.07 102.983
99.1186 99.3027
108.288 144.267
90.2393 147.948
2
95.0343 121.59
0 0 0.75459 -0.656196
3
82.7284 100.146
100.97 97.589
107.34 143.035
89.0985 145.592
2
95.5149 119.581
0 0 0.733922 -0.679234
3
84.5592 97.4167
102.924 95.9931
106.471 141.746
88.1057 143.169
2
94.6137 117.722
0 0 0.75459 -0.656196
3
82.3079 96.2781
100.55 93.7211
106.92 139.167
88.678 141.724
2
94.3425 115.788
0 0 0.75459 -0.656196
3
82.0366 94.3432
100.278 91.7863
106.648 137.232
88.4068 139.789
2
94.0713 113.853
0 0 0.75459 -0.656196
3
81.7654 92.4084
100.007 89.8515
106.377 135.297
88.1356 137.854
2
93.8001 111.918
0 0 0.75459 -0.656196
3
81.4942 90.4736
99.7359 87.9166
106.106 133.362
87.8643 135.919
2
93.5289 109.983
0 0 0.75459 -0.656196
3
81.223 88.5387
99.4647 85.9818
105.835 131.428
87.5931 133.984
2
93.2577 108.048
0 0 0.75459 -0.656196
3
80.9518 86.6039
99.1935 84.047
105.564 129.493
87.3219 132.05
2
92.9865 106.113
0 0 0.75459 -0.656196
3
80.6806 84.6691
98.9223 82.1121
105.292 127.558
87.0507 130.115
2
92.7153 104.179
0 0 0.75459 -0.656196
3
80.4094 82.7342
98.6511 80.1773
105.021 125.623
86.7795 128.18
2
93.1959 102.17
0 0 0.733922 -0.679234
3
82.2402 80.005
100.605 78.5814
104.152 124.334
85.7867 125.758
2
93.7998 100.194
0 0 0.712551 -0.70162
3
84.2363 77.3942
102.654 77.1095
103.363 122.994
84.9456 123.279
2
94.5248 98.2598
0 0 0.690497 -0.723335
3
86.39 74.9119
104.79 75.7671
102.66 121.608
84.2595 120.752
2
95.3681 96.374
0 0 0.667782 -0.744357
3
88.6932 72.5676
107.005 74.5594
102.043 120.18
83.7309 118.189
2
95.5793 94.4317
0 0 0.667782 -0.744357
3
88.9045 70.6253
107.216 72.6171
102.254 118.238
83.9422 116.246
2
95.7906 92.4894
0 0 0.667782 -0.744357
3
89.1157 68.683
107.428 70.6748
102.465 116.296
84.1535 114.304
2
96.0019 90.5471
0 0 0.667782 -0.744357
3
89.327 66.7407
107.639 68.7326
102.677 114.353
84.3647 112.362
2
95.4594 88.5538
0 0 0.690497 -0.723335
3
87.3246 65.206
105.725 66.0612
103.594 111.902
85.1941 111.047
2
94.7947 86.598
0 0 0.712551 -0.70162
3
85.2311 63.7981
103.649 63.5134
104.358 109.398
85.9405 109.683
2
94.7645 84.6445
0 0 0.712551 -0.70162
3
85.2009 61.8446
103.619 61.5599
104.328 107.444
85.9103 107.729
2
94.7343 82.691
0 0 0.712551 -0.70162
3
85.1707 59.8911
103.589 59.6063
104.298 105.491
85.8801 105.776
2
94.7041 80.7374
0 0 0.712551 -0.70162
3
85.1405 57.9376
103.558 57.6528
104.268 103.537
85.8499 103.822
2
94.6739 78.7839
0 0 0.712551 -0.70162
3
85.1104 55.984
103.528 55.6993
104.237 101.584
85.8197 101.869
2
94.6437 76.8304
0 0 0.712551 -0.70162
3
85.0802 54.0305
103.498 53.7458
104.207 99.6303
85.7895 99.915
2
94.6135 74.8769
0 0 0.712551 -0.70162
3
85.05 52.077
103.468 51.7923
104.177 97.6768
85.7593 97.9615
2
94.5833 72.9234
0 0 0.712551 -0.70162
3
85.0198 50.1235
103.438 49.8388
104.147 95.7233
85.7291 96.008
2
94.5531 70.9699
0 0 0.712551 -0.70162
3
84.9896 48.17
103.407 47.8853
104.117 93.7698
85.6989 94.0545
2
95.2781 69.0355
0 0 0.690497 -0.723335
3
87.1433 45.6877
105.543 46.5429
103.413 92.3834
85.0128 91.5282
2
96.1214 67.1498
0 0 0.667782 -0.744357
3
89.4465 43.3434
107.759 45.3352
102.796 90.9561
84.4842 88.9643
2
95.9101 69.0921
0 0 0.667782 -0.744357
3
89.2353 45.2857
107.547 47.2775
102.585 92.8984
84.273 90.9066
2
95.6988 71.0343
0 0 0.667782 -0.744357
3
89.024 47.228
107.336 49.2198
102.374 94.8407
84.0617 92.8489
2
96.4757 73.1076
0 0 0.644427 -0.764666
3
91.2864 48.9339
109.44 52.0548
101.665 97.2813
83.5114 94.1605
2
97.1229 75.225
0 0 0.620455 -0.784242
3
93.4389 50.7766
111.365 55.0145
100.807 99.6734
82.881 95.4355
2
97.6378 77.3784
0 0 0.595889 -0.803067
3
95.4733 52.7489
113.103 58.0876
99.8023 102.008
82.1729 96.6691
2
98.0185 79.5594
0 0 0.570752 -0.821123
3
97.3818 54.8432
114.647 61.2623
98.6552 104.276
81.3899 97.8566
2
98.2636 81.7599
0 0 0.545068 -0.838392
3
99.1571 57.0516
115.992 64.5265
97.37 106.468
80.5349 98.9933
2
99.7338 80.3088
0 0 0.518862 -0.854858
3
102.154 55.7031
118.495 64.2051
97.3134 104.914
80.9729 96.4124
2
101.291 78.9513
0 0 0.492159 -0.870505
3
105.229 54.5425
121.012 64.0391
97.353 103.36
81.5698 93.8635
2
102.929 77.6928
0 0 0.464984 -0.885319
3
108.369 53.5744
123.535 64.0292
97.4887 101.811
82.3231 91.3565
2
104.642 76.5381
0 0 0.437365 -0.899284
3
111.564 52.8024
126.054 64.1753
97.7199 100.274
83.2302 88.9008
2
106.423 75.4915
0 0 0.409326 -0.912388
3
114.8 52.2295
128.558 64.477
98.0458 98.7535
84.2874 86.506
2
108.265 74.5571
0 0 0.380895 -0.924618
3
118.065 51.8578
131.04 64.9331
98.4651 97.2564
85.4907 84.1811
2
110.162 73.7385
0 0 0.352099 -0.935963
3
121.347 51.6889
133.488 65.5417
98.9763 95.788
86.8356 81.9352
2
111.11 71.9034
0 0 0.380895 -0.924618
3
120.91 49.2042
133.885 62.2794
101.31 94.6027
88.336 81.5275
2
111.944 70.0132
0 0 0.409326 -0.912388
3
120.321 46.7512
134.079 58.9987
103.567 93.2753
89.8082 81.0277
2
112.658 68.0751
0 0 0.437365 -0.899284
3
119.58 44.3394
134.07 55.7123
105.737 91.8108
91.2468 80.4378
2
114.439 67.0285
0 0 0.409326 -0.912388
3
122.816 43.7665
136.575 56.014
106.062 90.2906
92.304 78.043
2
116.282 66.0941
0 0 0.380895 -0.924618
3
126.082 43.3949
139.056 56.4701
106.482 88.7934
93.5073 75.7182
2
118.178 65.2755
0 0 0.352099 -0.935963
3
129.364 43.226
141.505 57.0788
106.993 87.325
94.8522 73.4722
2
120.122 64.5758
0 0 0.322966 -0.946411
3
132.65 43.2604
143.911 57.8377
107.594 85.8911
96.3334 71.3138
2
122.105 63.9976
0 0 0.293524 -0.955952
3
135.928 43.4981
146.265 58.7441
108.282 84.4971
97.9453 69.2511
2
124.12 63.5432
0 0 0.2638 -0.964577
3
139.185 43.9381
148.559 59.7944
109.056 83.1483
99.6817 67.2921
2
126.16 63.2144
0 0 0.233824 -0.972279
3
142.408 44.5787
150.783 60.9846
109.911 81.85
101.536 65.4442
2
128.216 63.0123
0 0 0.203624 -0.979049
3
145.586 45.4176
152.93 62.3101
110.845 80.6071
103.501 63.7146
2
130.007 62.2334
0 0 0.203624 -0.979049
3
147.377 44.6386
154.722 61.5311
112.637 79.8281
105.293 62.9356
2
132.072 62.1589
0 0 0.173228 -0.984882
3
150.497 45.6724
156.782 62.9869
113.646 78.6454
107.361 61.3309
2
134.137 62.2122
0 0 0.142667 -0.989771
3
153.547 46.8971
158.749 64.5673
114.727 77.5274
109.525 59.8572
2
136.011 61.6605
0 0 0.142667 -0.989771
3
155.421 46.3454
160.623 64.0155
116.601 76.9756
111.399 59.3054
2
137.885 61.1087
0 0 0.142667 -0.989771
3
157.295 45.7936
162.497 63.4637
118.475 76.4238
113.273 58.7536
2
139.759 60.5569
0 0 0.142667 -0.989771
3
159.169 45.2418
164.371 62.912
120.349 75.872
115.147 58.2019
2
141.817 60.7379
0 0 0.111969 -0.993712
3
162.137 46.6529
166.236 64.611
121.497 74.823
117.398 56.8648
2
143.722 60.3032
0 0 0.111969 -0.993712
3
164.042 46.2181
168.141 64.1763
123.402 74.3882
119.303 56.4301
2
145.627 59.8684
0 0 0.111969 -0.993712
3
165.947 45.7834
170.046 63.7415
125.306 73.9534
121.207 55.9953
2
147.333 58.7046
0 0 0.142667 -0.989771
3
166.743 43.3895
171.945 61.0597
127.923 74.0197
122.721 56.3496
2
148.965 57.4375
0 0 0.173228 -0.984882
3
167.39 40.951
173.675 58.2655
130.539 73.924
124.254 56.6095
2
150.801 56.7708
0 0 0.173228 -0.984882
3
169.227 40.2843
175.512 57.5988
132.376 73.2574
126.091 55.9429
2
152.638 56.1042
0 0 0.173228 -0.984882
3
171.063 39.6177
177.348 56.9322
134.212 72.5907
127.927 55.2762
2
154.474 55.4375
0 0 0.173228 -0.984882
3
172.9 38.951
179.185 56.2655
136.049 71.924
129.764 54.6095
2
156.539 55.4909
0 0 0.142667 -0.989771
3
175.949 40.1758
181.151 57.8459
137.129 70.806
131.927 53.1358
2
158.597 55.6719
0 0 0.111969 -0.993712
3
178.917 41.5869
183.016 59.545
138.277 69.7569
134.178 51.7988
2
160.64 55.9799
0 0 0.0811643 -0.996701
3
181.792 43.1789
184.772 61.3562
139.487 68.7809
136.507 50.6036
2
162.659 56.4136
0 0 0.0502814 -0.998735
3
184.563 44.9457
186.413 63.2726
140.755 67.8816
138.905 49.5547
2
164.648 56.9715
0 0 0.0193504 -0.999813
3
187.22 46.8806
187.933 65.2868
142.077 67.0624
141.364 48.6562
2
166.599 57.6513
0 0 0.0115991 0.999933
3
189.751 48.976
189.324 67.3911
143.447 66.3266
143.874 47.9115
2
168.504 58.4505
0 0 0.0425376 0.999095
3
192.149 51.2241
190.583 69.5775
144.859 65.6769
146.425 47.3236
2
170.356 59.366
0 0 0.0734353 0.9973
3
194.402 53.6162
191.704 71.8375
146.309 65.1158
149.007 46.8945
2
172.147 60.3943
0 0 0.104263 0.99455
3
196.503 56.1431
192.683 74.1626
147.791 64.6456
151.611 46.626
2
173.872 61.5315
0 0 0.13499 0.990847
3
198.444 58.7952
193.517 76.5439
149.299 64.2679
154.227 46.5192
2
175.523 62.7732
0 0 0.165588 0.986195
3
200.217 61.5622
194.201 78.9721
150.828 63.9842
156.844 46.5743
2
177.094 64.1146
0 0 0.196028 0.980598
3
201.816 64.4337
194.734 81.438
152.371 63.7956
159.453 46.7913
2
174.885 64.2745
0 0 0.22628 0.974062
3
199.541 66.1223
191.421 82.656
150.23 62.4267
158.35 45.893
2
172.671 64.2974
0 0 0.256315 0.966593
3
197.165 67.6669
188.038 83.6666
148.178 60.9279
157.305 44.9282
2
173.968 65.9058
0 0 0.286104 0.958198
3
198.206 70.7841
188.107 86.1886
149.729 61.0276
159.829 45.6231
2
175.162 67.5914
0 0 0.31562 0.948886
3
199.052 73.9598
188.019 88.7099
151.272 61.223
162.305 46.4728
2
176.25 69.3475
0 0 0.344833 0.938664
3
199.7 77.1816
187.776 91.221
152.799 61.5135
164.724 47.4741
2
177.227 71.1677
0 0 0.373716 0.927543
3
200.147 80.4375
187.377 93.7123
154.306 61.8979
167.076 48.6231
2
178.089 73.0447
0 0 0.402241 0.915534
3
200.393 83.7147
186.826 96.1741
155.785 62.3747
169.352 49.9154
2
178.834 74.9715
0 0 0.43038 0.902648
3
200.435 87.0008
186.123 98.5971
157.233 62.9422
171.545 51.346
2
179.458 76.9407
0 0 0.458107 0.888897
3
200.273 90.2833
185.271 100.972
158.643 63.5982
173.644 52.9095
2
179.959 78.9448
0 0 0.485396 0.874295
3
199.909 93.5494
184.275 103.29
160.009 64.3401
175.643 54.5999
2
180.335 80.976
0 0 0.512219 0.858855
3
199.343 96.7868
183.137 105.541
161.327 65.1651
177.534 56.4108
2
180.585 83.0266
0 0 0.538552 0.842592
3
198.579 99.983
181.861 107.718
162.591 66.0701
179.308 58.3351
2
180.707 85.0887
0 0 0.564369 0.825523
3
197.618 103.126
180.454 109.812
163.797 67.0515
180.961 60.3655
2
180.702 87.1544
0 0 0.589646 0.807662
3
196.464 106.203
178.92 111.814
164.94 68.1057
182.484 62.4943
2
180.569 89.2158
0 0 0.614357 0.789028
3
195.122 109.203
177.264 113.718
166.015 69.2285
183.873 64.7132
2
180.308 91.2651
0 0 0.63848 0.769638
3
193.598 112.114
175.494 115.516
167.019 70.4157
185.122 67.0138
2
179.922 93.2943
0 0 0.661992 0.749511
3
191.896 114.926
173.617 117.201
167.948 71.6628
186.227 69.3873
2
179.41 95.2957
0 0 0.684869 0.728666
3
190.023 117.627
171.638 118.767
168.797 72.9649
187.182 71.8245
2
178.776 97.2616
0 0 0.70709 0.707123
3
187.987 120.206
169.567 120.207
169.565 74.3171
187.985 74.3162
2
178.021 99.1846
0 0 0.728634 0.684903
3
185.795 122.655
167.41 121.516
170.247 75.7141
188.632 76.8528
2
177.149 101.057
0 0 0.749481 0.662026
3
183.456 124.964
165.177 122.69
170.842 77.1507
189.121 79.4245
2
176.163 102.872
0 0 0.769609 0.638516
3
180.979 127.123
162.875 123.723
171.346 78.6213
189.45 82.0216
2
175.066 104.623
0 0 0.789 0.614394
3
178.373 129.125
160.514 124.611
171.759 80.1204
189.618 84.634
2
173.863 106.302
0 0 0.807635 0.589683
3
175.647 130.962
158.103 125.352
172.078 81.6421
189.623 87.2518
2
172.558 107.904
0 0 0.825496 0.564407
3
172.814 132.627
155.65 125.942
172.303 83.1806
189.467 89.865
2
171.849 109.724
0 0 0.825496 0.564407
3
172.105 134.447
154.941 127.763
171.594 85.0011
188.758 91.6855
2
171.855 111.79
0 0 0.807635 0.589683
3
173.639 136.45
156.094 130.84
170.07 87.13
187.615 92.7398
2
171.26 113.651
0 0 0.807635 0.589683
3
173.044 138.311
155.499 132.701
169.475 88.991
187.02 94.6007
2
170.665 115.512
0 0 0.807635 0.589683
3
172.449 140.172
154.904 134.562
168.88 90.8519
186.425 96.4617
2
170.07 117.373
0 0 0.807635 0.589683
3
171.854 142.033
154.309 136.423
168.285 92.7128
185.83 98.3226
2
169.475 119.234
0 0 0.807635 0.589683
3
171.259 143.894
153.714 138.284
167.69 94.5738
185.235 100.184
2
169.608 121.295
0 0 0.789 0.614394
3
172.915 145.797
155.056 141.284
166.301 96.7928
184.16 101.306
2
169.869 123.344
0 0 0.769609 0.638516
3
174.685 147.595
156.581 144.195
165.053 99.0936
183.156 102.494
2
170.256 125.374
0 0 0.749481 0.662026
3
176.563 149.28
158.284 147.006
163.948 101.467
182.228 103.741
2
170.767 127.375
0 0 0.728634 0.684903
3
178.541 150.845
160.156 149.707
162.993 103.904
181.378 105.043
2
171.402 129.341
0 0 0.70709 0.707123
3
180.613 152.285
162.193 152.286
162.191 106.396
180.611 106.395
2
170.647 131.264
0 0 0.728634 0.684903
3
178.421 154.734
160.036 153.596
162.873 107.793
181.258 108.932
2
169.775 133.136
0 0 0.749481 0.662026
3
176.082 157.043
157.803 154.769
163.468 109.23
181.747 111.504
2
169.534 135.075
0 0 0.749481 0.662026
3
175.841 158.982
157.562 156.708
163.226 111.169
181.506 113.442
2
169.292 137.014
0 0 0.749481 0.662026
3
175.6 160.92
157.321 158.647
162.985 113.107
181.264 115.381
2
169.051 138.953
0 0 0.749481 0.662026
3
175.358 162.859
157.079 160.585
162.744 115.046
181.023 117.32
2
168.81 140.892
0 0 0.749481 0.662026
3
175.117 164.798
156.838 162.524
162.503 116.985
180.782 119.259
2
168.569 142.83
0 0 0.749481 0.662026
3
174.876 166.737
156.597 164.463
162.262 118.924
180.541 121.198
2
168.328 144.769
0 0 0.749481 0.662026
3
174.635 168.676
156.356 166.402
162.021 120.863
180.3 123.137
2
168.087 146.708
0 0 0.749481 0.662026
3
174.394 170.614
156.115 168.341
161.779 122.802
180.058 125.075
2
167.845 148.647
0 0 0.749481 0.662026
3
174.153 172.553
155.873 170.279
161.538 124.74
179.817 127.014
2
167.604 150.586
0 0 0.749481 0.662026
3
173.911 174.492
155.632 172.218
161.297 126.679
179.576 128.953
2
167.363 152.524
0 0 0.749481 0.662026
3
173.67 176.431
155.391 174.157
161.056 128.618
179.335 130.892
2
167.122 154.463
0 0 0.749481 0.662026
3
173.429 178.37
155.15 176.096
160.815 130.557
179.094 132.831
2
166.881 156.402
0 0 0.749481 0.662026
3
173.188 180.308
154.909 178.035
160.573 132.496
178.853 134.769
2
166.639 158.341
0 0 0.749481 0.662026
3
172.947 182.247
154.668 179.973
160.332 134.434
178.611 136.708
2
166.398 160.28
0 0 0.749481 0.662026
3
172.705 184.186
154.426 181.912
160.091 136.373
178.37 138.647
2
166.157 162.218
0 0 0.749481 0.662026
3
172.464 186.125
154.185 183.851
159.85 138.312
178.129 140.586
2
165.916 164.157
0 0 0.749481 0.662026
3
172.223 188.064
153.944 185.79
159.609 140.251
177.888 142.525
2
166.428 166.159
0 0 0.728634 0.684903
3
174.202 189.629
155.817 188.49
158.654 142.688
177.038 143.827
2
167.062 168.124
0 0 0.70709 0.707123
3
176.273 191.069
157.853 191.07
157.851 145.18
176.271 145.179
2
167.062 170.078
0 0 0.70709 0.707123
3
176.273 193.023
157.853 193.024
157.851 147.134
176.271 147.133
2
166.307 172.001
0 0 0.728634 0.684903
3
174.081 195.472
155.697 194.333
158.533 148.531
176.918 149.669
2
166.942 173.967
0 0 0.70709 0.707123
3
176.153 196.912
157.733 196.912
157.731 151.022
176.151 151.022
2
167.697 175.89
0 0 0.684869 0.728666
3
178.31 198.221
159.925 199.361
157.084 153.559
175.469 152.419
2
168.569 177.762
0 0 0.661992 0.749511
3
180.543 199.394
162.264 201.669
156.595 156.131
174.874 153.855
2
169.556 179.577
0 0 0.63848 0.769638
3
182.845 200.427
164.742 203.829
156.267 158.728
174.37 155.326
2
170.653 181.328
0 0 0.614357 0.789028
3
185.206 201.315
167.348 205.83
156.099 161.34
173.957 156.825
2
171.134 179.167
0 0 0.589646 0.807662
3
186.896 198.215
169.352 203.827
155.372 160.118
172.917 154.507
2
172.439 180.768
0 0 0.564369 0.825523
3
189.349 198.805
172.186 205.491
155.529 162.731
172.692 156.045
2
173.84 182.286
0 0 0.538552 0.842592
3
191.834 199.242
175.117 206.977
155.846 165.33
172.564 157.595
2
175.333 183.714
0 0 0.512219 0.858855
3
194.341 199.525
178.134 208.279
156.324 167.903
172.531 159.149
2
176.911 185.047
0 0 0.485396 0.874295
3
196.861 199.652
181.227 209.392
156.961 170.443
172.595 160.702
2
178.568 186.28
0 0 0.458107 0.888897
3
199.383 199.623
184.382 210.311
157.753 172.938
172.755 162.249
2
180.299 187.408
0 0 0.43038 0.902648
3
201.899 199.438
187.588 211.034
158.698 175.379
173.01 163.783
2
179.828 185.245
0 0 0.402241 0.915534
3
202.132 195.915
188.565 208.374
157.525 174.575
171.092 162.115
2
178.507 183.806
0 0 0.402241 0.915534
3
200.81 194.476
187.243 206.935
156.203 173.136
169.77 160.676
2
177.185 182.367
0 0 0.402241 0.915534
3
199.489 193.037
185.922 205.496
154.882 171.697
168.449 159.237
2
177.93 184.294
0 0 0.43038 0.902648
3
199.531 196.323
185.219 207.919
156.329 172.264
170.641 160.668
2
179.727 185.312
0 0 0.402241 0.915534
3
202.03 195.982
188.464 208.442
157.423 174.642
170.99 162.183
2
181.048 186.751
0 0 0.402241 0.915534
3
203.352 197.421
189.785 209.881
158.745 176.081
172.312 163.622
2
182.37 188.19
0 0 0.402241 0.915534
3
204.674 198.86
191.107 211.32
160.066 177.52
173.633 165.061
2
183.692 189.629
0 0 0.402241 0.915534
3
205.995 200.299
192.428 212.759
161.388 178.959
174.955 166.5
2
185.013 191.068
0 0 0.402241 0.915534
3
207.317 201.738
193.75 214.198
162.709 180.398
176.276 167.939
2
186.335 192.507
0 0 0.402241 0.915534
3
208.638 203.177
195.071 215.637
164.031 181.837
177.598 169.378
2
187.656 193.946
0 0 0.402241 0.915534
3
209.96 204.616
196.393 217.076
165.353 183.276
178.919 170.817
2
188.978 195.385
0 0 0.402241 0.915534
3
211.281 206.055
197.714 218.515
166.674 184.715
180.241 172.256
2
190.299 196.824
0 0 0.402241 0.915534
3
212.603 207.494
199.036 219.954
167.996 186.154
181.563 173.695
2
191.621 198.263
0 0 0.402241 0.915534
3
213.924 208.933
200.357 221.393
169.317 187.593
182.884 175.134
2
192.942 199.702
0 0 0.402241 0.915534
3
215.246 210.372
201.679 222.832
170.639 189.032
184.206 176.573
2
194.264 201.141
0 0 0.402241 0.915534
3
216.567 211.811
203 224.271
171.96 190.471
185.527 178.012
2
195.585 202.58
0 0 0.402241 0.915534
3
217.889 213.25
204.322 225.71
173.282 191.91
186.849 179.451
2
196.907 204.019
0 0 0.402241 0.915534
3
219.21 214.689
205.644 227.149
174.603 193.349
188.17 180.89
2
198.228 205.458
0 0 0.402241 0.915534
3
220.532 216.128
206.965 228.588
175.925 194.788
189.492 182.329
2
198.973 207.385
0 0 0.43038 0.902648
3
220.574 219.415
206.262 231.011
177.372 195.356
191.684 183.76
2
200.77 208.404
0 0 0.402241 0.915534
3
223.074 219.074
209.507 231.533
178.467 197.734
192.033 185.275
2
202.627 209.31
0 0 0.373716 0.927543
3
225.548 218.58
212.777 231.854
179.706 200.04
192.476 186.765
2
204.536 210.099
0 0 0.344833 0.938664
3
227.986 217.933
216.062 231.972
181.085 202.265
193.01 188.225
2
206.49 210.768
0 0 0.31562 0.948886
3
230.38 217.137
219.347 231.887
182.6 204.4
193.633 189.65
2
208.482 211.316
0 0 0.286104 0.958198
3
232.72 216.194
222.621 231.598
184.244 206.437
194.343 191.033
2
210.504 211.739
0 0 0.256315 0.966593
3
234.998 215.108
225.87 231.108
186.01 208.369
195.137 192.37
2
212.548 212.036
0 0 0.22628 0.974062
3
237.203 213.884
229.083 230.417
187.893 210.188
196.013 193.655
2
214.607 212.206
0 0 0.196028 0.980598
3
239.329 212.525
232.248 229.53
189.884 211.887
196.966 194.883
2
216.092 213.642
0 0 0.22628 0.974062
3
240.747 215.49
232.627 232.024
191.436 211.794
199.556 195.261
2
217.485 215.167
0 0 0.256315 0.966593
3
241.979 218.537
232.852 234.537
192.991 211.798
202.118 195.798
2
218.781 216.776
0 0 0.286104 0.958198
3
243.02 221.654
232.92 237.058
194.543 211.897
204.642 196.493
2
220.415 217.847
0 0 0.286104 0.958198
3
244.654 222.725
234.554 238.13
196.177 212.969
206.276 197.564
2
222.049 218.918
0 0 0.286104 0.958198
3
246.287 223.797
236.188 239.201
197.811 214.04
207.91 198.636
2
223.683 219.989
0 0 0.286104 0.958198
3
247.921 224.868
237.822 240.272
199.445 215.111
209.544 199.707
2
225.317 221.061
0 0 0.286104 0.958198
3
249.555 225.939
239.456 241.343
201.078 216.182
211.178 200.778
2
226.951 222.132
0 0 0.286104 0.958198
3
251.189 227.01
241.09 242.415
202.712 217.254
212.812 201.849
2
228.585 223.203
0 0 0.286104 0.958198
3
252.823 228.081
242.723 243.486
204.346 218.325
214.446 202.92
2
230.218 224.274
0 0 0.286104 0.958198
3
254.457 229.153
244.357 244.557
205.98 219.396
216.08 203.992
2
231.852 225.346
0 0 0.286104 0.958198
3
256.091 230.224
245.991 245.628
207.614 220.467
217.713 205.063
2
233.486 226.417
0 0 0.286104 0.958198
3
257.725 231.295
247.625 246.7
209.248 221.539
219.347 206.134
2
235.12 227.488
0 0 0.286104 0.958198
3
259.359 232.366
249.259 247.771
210.882 222.61
220.981 207.205
2
236.754 228.559
0 0 0.286104 0.958198
3
260.992 233.438
250.893 248.842
212.516 223.681
222.615 208.277
2
238.388 229.631
0 0 0.286104 0.958198
3
262.626 234.509
252.527 249.913
214.15 224.752
224.249 209.348
2
240.41 230.054
0 0 0.256315 0.966593
3
264.904 233.423
255.776 249.423
215.916 226.684
225.043 210.684
2
242.454 230.351
0 0 0.22628 0.974062
3
267.109 232.199
258.99 248.732
217.799 228.503
225.919 211.969
2
244.513 230.521
0 0 0.196028 0.980598
3
269.235 230.84
262.154 247.844
219.791 230.202
226.872 213.198
2
246.578 230.563
0 0 0.165588 0.986195
3
271.273 229.352
265.257 246.762
221.883 231.774
227.899 214.364
2
248.149 231.905
0 0 0.196028 0.980598
3
272.871 232.224
265.79 249.228
223.427 231.586
230.508 214.581
2
249.634 233.341
0 0 0.22628 0.974062
3
274.289 235.189
266.169 251.722
224.979 231.493
233.099 214.959
2
251.693 233.511
0 0 0.196028 0.980598
3
276.415 233.83
269.334 250.834
226.97 233.192
234.052 216.188
2
253.758 233.553
0 0 0.165588 0.986195
3
278.453 232.342
272.437 249.752
229.063 234.764
235.079 217.355
2
255.329 234.895
0 0 0.196028 0.980598
3
280.051 235.214
272.97 252.218
230.607 234.576
237.688 217.572
2
256.814 236.331
0 0 0.22628 0.974062
3
281.469 238.179
273.349 254.712
232.159 234.483
240.279 217.949
2
258.873 236.501
0 0 0.196028 0.980598
3
283.595 236.82
276.513 253.824
234.15 236.182
241.232 219.178
2
260.938 236.544
0 0 0.165588 0.986195
3
285.633 235.333
279.617 252.742
236.243 237.755
242.259 220.345
2
263.002 236.458
0 0 0.13499 0.990847
3
287.574 233.722
282.647 251.471
238.429 239.195
243.357 221.446
2
265.057 236.245
0 0 0.104263 0.99455
3
289.413 231.994
285.593 250.014
240.7 240.497
244.521 222.477
2
267.094 235.906
0 0 0.0734353 0.9973
3
291.141 230.156
288.443 248.377
243.048 241.655
245.746 223.434
2
269.107 235.441
0 0 0.0425376 0.999095
3
292.752 228.214
291.186 246.568
245.462 242.667
247.028 224.314
2
271.087 234.852
0 0 0.0115991 0.999933
3
294.24 226.177
293.812 244.592
247.935 243.527
248.362 225.112
2
273.027 234.142
0 0 0.0193504 -0.999813
3
295.598 224.051
296.311 242.457
250.455 244.233
249.743 225.827
2
274.919 233.313
0 0 0.0502814 -0.998735
3
296.823 221.845
298.673 240.172
253.015 244.781
251.165 226.454
2
276.908 233.871
0 0 0.0193504 -0.999813
3
299.48 223.78
300.192 242.187
254.337 243.962
253.624 225.556
2
278.859 234.551
0 0 0.0115991 0.999933
3
302.011 225.876
301.584 244.291
255.706 243.226
256.134 224.811
2
280.764 235.35
0 0 0.0425376 0.999095
3
304.409 228.124
302.843 246.477
257.119 242.577
258.685 224.223
2
282.616 236.266
0 0 0.0734353 0.9973
3
306.662 230.516
303.964 248.737
258.569 242.016
261.267 223.794
2
284.407 237.294
0 0 0.104263 0.99455
3
308.763 233.043
304.943 251.062
260.051 241.545
263.871 223.526
2
286.132 238.431
0 0 0.13499 0.990847
3
310.704 235.695
305.777 253.444
261.559 241.168
266.487 223.419
2
287.783 239.673
0 0 0.165588 0.986195
3
312.477 238.462
306.461 255.872
263.088 240.884
269.104 223.474
2
289.629 240.311
0 0 0.165588 0.986195
3
314.324 239.1
308.308 256.51
264.934 241.522
270.95 224.112
2
291.476 240.949
0 0 0.165588 0.986195
3
316.171 239.738
310.154 257.148
266.781 242.16
272.797 224.75
2
293.54 240.864
0 0 0.13499 0.990847
3
318.112 238.127
313.185 255.876
268.967 243.6
273.895 225.851
2
295.595 240.651
0 0 0.104263 0.99455
3
319.951 236.4
316.131 254.419
271.238 244.902
275.058 226.883
2
297.632 240.311
0 0 0.0734353 0.9973
3
321.679 234.561
318.981 252.783
273.586 246.061
276.284 227.84
2
299.645 239.846
0 0 0.0425376 0.999095
3
323.29 232.62
321.724 250.973
276 247.073
277.566 228.719
2
301.625 239.258
0 0 0.0115991 0.999933
3
324.777 230.582
324.35 248.997
278.473 247.933
278.9 229.518
2
303.565 238.548
0 0 0.0193504 -0.999813
3
326.136 228.457
326.849 246.863
280.993 248.639
280.281 230.232
2
305.516 239.228
0 0 0.0115991 0.999933
3
328.668 230.552
328.241 248.967
282.363 247.903
282.79 229.488
2
307.42 240.027
0 0 0.0425376 0.999095
3
331.065 232.8
329.5 251.154
283.776 247.253
285.341 228.9
2
309.272 240.942
0 0 0.0734353 0.9973
3
333.319 235.192
330.621 253.414
285.226 246.692
287.924 228.471
2
311.064 241.971
0 0 0.104263 0.99455
3
335.42 237.719
331.6 255.739
286.708 246.222
290.528 228.202
2
312.975 242.376
0 0 0.104263 0.99455
3
337.331 238.125
333.511 256.144
288.619 246.627
292.439 228.607
2
314.886 242.781
0 0 0.104263 0.99455
3
339.243 238.53
335.422 256.549
290.53 247.032
294.35 229.013
2
316.798 243.186
0 0 0.104263 0.99455
3
341.154 238.935
337.334 256.954
292.441 247.437
296.262 229.418
2
318.835 242.846
0 0 0.0734353 0.9973
3
342.882 237.097
340.184 255.318
294.789 248.596
297.487 230.375
2
320.848 242.381
0 0 0.0425376 0.999095
3
344.493 235.155
342.927 253.508
297.203 249.608
298.769 231.255
2
322.7 243.297
0 0 0.0734353 0.9973
3
346.746 237.547
344.048 255.769
298.653 249.047
301.351 230.825
2
324.633 243.583
0 0 0.0734353 0.9973
3
348.679 237.833
345.981 256.055
300.586 249.333
303.284 231.112
2
326.565 243.869
0 0 0.0734353 0.9973
3
350.612 238.12
347.914 256.341
302.519 249.619
305.217 231.398
2
328.498 244.156
0 0 0.0734353 0.9973
3
352.544 238.406
349.846 256.627
304.451 249.905
307.149 231.684
2
330.431 244.442
0 0 0.0734353 0.9973
3
354.477 238.692
351.779 256.913
306.384 250.192
309.082 231.97
2
332.363 244.728
0 0 0.0734353 0.9973
3
356.41 238.978
353.712 257.199
308.317 250.478
311.015 232.256
2
334.296 245.014
0 0 0.0734353 0.9973
3
358.342 239.264
355.644 257.486
310.249 250.764
312.947 232.543
2
336.229 245.3
0 0 0.0734353 0.9973
3
360.275 239.55
357.577 257.772
312.182 251.05
314.88 232.829
2
338.241 244.835
0 0 0.0425376 0.999095
3
361.886 237.609
360.32 255.962
314.597 252.062
316.162 233.708
2
340.221 244.247
0 0 0.0115991 0.999933
3
363.374 235.571
362.947 253.986
317.069 252.922
317.496 234.507
2
342.161 243.537
0 0 0.0193504 -0.999813
3
364.733 233.446
365.446 251.852
319.59 253.628
318.877 235.221
2
344.054 242.708
0 0 0.0502814 -0.998735
3
365.958 231.24
367.808 249.567
322.15 254.176
320.3 235.849
2
345.891 241.764
0 0 0.0811643 -0.996701
3
367.044 228.963
370.024 247.14
324.738 254.565
321.758 236.388
2
347.666 240.708
0 0 0.111969 -0.993712
3
367.987 226.623
372.086 244.581
327.346 254.793
323.247 236.835
2
349.373 239.544
0 0 0.142667 -0.989771
3
368.783 224.229
373.985 241.899
329.963 254.859
324.761 237.189
2
351.005 238.277
0 0 0.173228 -0.984882
3
369.43 221.79
375.715 239.105
332.579 254.764
326.294 237.449
2
352.555 236.911
0 0 0.203624 -0.979049
3
369.925 219.317
377.269 236.209
335.184 254.506
327.84 237.614
2
354.017 235.452
0 0 0.233824 -0.972279
3
370.265 216.817
378.641 233.223
337.769 254.088
329.393 237.682
2
355.386 233.906
0 0 0.2638 -0.964577
3
370.451 214.301
379.825 230.157
340.322 253.511
330.948 237.655
2
356.658 232.278
0 0 0.293524 -0.955952
3
370.48 211.778
380.817 227.024
342.835 252.777
332.498 237.531
2
357.826 230.574
0 0 0.322966 -0.946411
3
370.354 209.258
381.614 223.836
345.297 251.889
334.037 237.312
2
358.886 228.801
0 0 0.352099 -0.935963
3
370.071 206.751
382.212 220.604
347.7 250.85
335.56 236.998
2
359.835 226.966
0 0 0.380895 -0.924618
3
369.635 204.267
382.609 217.342
350.034 249.665
337.06 236.59
2
360.668 225.076
0 0 0.409326 -0.912388
3
369.045 201.814
382.803 214.061
352.291 248.338
338.532 236.09
2
361.383 223.137
0 0 0.437365 -0.899284
3
368.305 199.402
382.794 210.775
354.461 246.873
339.971 235.5
2
359.378 224.077
0 0 0.464984 -0.885319
3
364.818 199.959
379.984 210.414
353.938 248.196
338.772 237.741
2
357.435 225.14
0 0 0.492159 -0.870505
3
361.373 200.731
377.156 210.227
353.497 249.548
337.714 240.052
2
355.562 226.32
0 0 0.518862 -0.854858
3
357.982 201.714
374.323 210.216
353.142 250.926
336.801 242.424
2
355.78 224.266
0 0 0.545068 -0.838392
3
356.674 199.558
373.509 207.032
354.886 248.974
338.051 241.499
2
355.87 222.202
0 0 0.570752 -0.821123
3
355.234 197.486
372.499 203.905
356.507 246.918
339.242 240.499
2
355.833 220.137
0 0 0.595889 -0.803067
3
353.669 195.507
371.298 200.846
357.998 244.766
340.368 239.427
2
355.668 218.077
0 0 0.620455 -0.784242
3
351.984 193.629
369.91 197.867
359.352 242.526
341.426 238.288
2
355.376 216.033
0 0 0.644427 -0.764666
3
350.186 191.859
368.34 194.98
360.565 240.206
342.411 237.085
2
354.958 214.01
0 0 0.667782 -0.744357
3
348.283 190.203
366.595 192.195
361.633 237.816
343.321 235.824
2
354.415 212.016
0 0 0.690497 -0.723335
3
346.281 188.668
364.681 189.524
362.55 235.364
344.15 234.509
2
354.506 210.065
0 0 0.690497 -0.723335
3
346.371 186.717
364.771 187.572
362.641 233.413
344.241 232.557
2
354.597 208.113
0 0 0.690497 -0.723335
3
346.462 184.765
364.862 185.62
362.731 231.461
344.331 230.606
2
354.687 206.161
0 0 0.690497 -0.723335
3
346.553 182.814
364.953 183.669
362.822 229.509
344.422 228.654
2
354.778 204.21
0 0 0.690497 -0.723335
3
346.643 180.862
365.043 181.717
362.913 227.558
344.513 226.702
2
354.869 202.258
0 0 0.690497 -0.723335
3
346.734 178.91
365.134 179.765
363.004 225.606
344.603 224.751
2
354.959 200.306
0 0 0.690497 -0.723335
3
346.825 176.959
365.225 177.814
363.094 223.654
344.694 222.799
2
355.05 198.355
0 0 0.690497 -0.723335
3
346.915 175.007
365.316 175.862
363.185 221.703
344.785 220.847
2
355.141 196.403
0 0 0.690497 -0.723335
3
347.006 173.055
365.406 173.91
363.276 219.751
344.876 218.896
2
355.232 194.452
0 0 0.690497 -0.723335
3
347.097 171.104
365.497 171.959
363.366 217.799
344.966 216.944
2
355.322 192.5
0 0 0.690497 -0.723335
3
347.187 169.152
365.588 170.007
363.457 215.848
345.057 214.993
2
355.413 190.548
0 0 0.690497 -0.723335
3
347.278 167.2
365.678 168.056
363.548 213.896
345.148 213.041
2
355.504 188.597
0 0 0.690497 -0.723335
3
347.369 165.249
365.769 166.104
363.638 211.944
345.238 211.089
2
355.594 186.645
0 0 0.690497 -0.723335
3
347.46 163.297
365.86 164.152
363.729 209.993
345.329 209.138
2
355.685 184.693
0 0 0.690497 -0.723335
3
347.55 161.345
365.95 162.201
363.82 208.041
345.42 207.186
2
355.776 182.742
0 0 0.690497 -0.723335
3
347.641 159.394
366.041 160.249
363.911 206.089
345.51 205.234
2
355.866 180.79
0 0 0.690497 -0.723335
3
347.732 157.442
366.132 158.297
364.001 204.138
345.601 203.283
2
355.957 178.838
0 0 0.690497 -0.723335
3
347.822 155.49
366.223 156.346
364.092 202.186
345.692 201.331
2
356.048 176.887
0 0 0.690497 -0.723335
3
347.913 153.539
366.313 154.394
364.183 200.235
345.783 199.379
2
356.139 174.935
0 0 0.690497 -0.723335
3
348.004 151.587
366.404 152.442
364.273 198.283
345.873 197.428
2
356.229 172.983
0 0 0.690497 -0.723335
3
348.094 149.636
366.495 150.491
364.364 196.331
345.964 195.476
2
356.32 171.032
0 0 0.690497 -0.723335
3
348.185 147.684
366.585 148.539
364.455 194.38
346.055 193.524
2
356.411 169.08
0 0 0.690497 -0.723335
3
348.276 145.732
366.676 146.587
364.545 192.428
346.145 191.573
2
356.501 167.128
0 0 0.690497 -0.723335
3
348.367 143.781
366.767 144.636
364.636 190.476
346.236 189.621
2
356.592 165.177
0 0 0.690497 -0.723335
3
348.457 141.829
366.857 142.684
364.727 188.525
346.327 187.67
2
357.435 163.291
0 0 0.667782 -0.744357
3
350.76 139.485
369.072 141.477
364.11 187.097
345.798 185.106
2
358.394 161.461
0 0 0.644427 -0.764666
3
353.204 137.287
371.358 140.408
363.583 185.635
345.429 182.514
2
359.463 159.694
0 0 0.620455 -0.784242
3
355.779 135.245
373.705 139.483
363.147 184.142
345.221 179.904
2
360.64 157.996
0 0 0.595889 -0.803067
3
358.476 133.367
376.105 138.705
362.805 182.626
345.175 177.287
2
360.475 155.937
0 0 0.620455 -0.784242
3
356.791 131.489
374.717 135.727
364.159 180.385
346.233 176.148
2
360.183 153.892
0 0 0.644427 -0.764666
3
354.994 129.718
373.147 132.839
365.372 178.066
347.219 174.945
2
359.765 151.869
0 0 0.667782 -0.744357
3
353.09 128.063
371.402 130.055
366.44 175.675
348.128 173.684
2
358.56 153.727
0 0 0.690497 -0.723335
3
350.426 130.379
368.826 131.234
366.695 177.075
348.295 176.22
2
357.473 155.656
0 0 0.712551 -0.70162
3
347.91 132.856
366.327 132.571
367.037 178.455
348.619 178.74
2
356.507 157.648
0 0 0.733922 -0.679234
3
345.552 135.483
363.917 134.06
367.463 179.812
349.098 181.236
2
355.667 159.696
0 0 0.75459 -0.656196
3
343.361 138.252
361.602 135.695
367.973 181.14
349.731 183.697
2
354.954 161.792
0 0 0.774535 -0.632531
3
341.345 141.15
359.394 137.47
368.563 182.434
350.515 186.115
2
353.83 160.059
0 0 0.793739 -0.608259
3
338.971 140.298
356.757 135.508
368.69 179.82
350.904 184.61
2
352.602 158.399
0 0 0.812182 -0.583404
3
336.548 139.595
354.004 133.714
368.655 177.202
351.199 183.083
2
351.272 156.817
0 0 0.829847 -0.557991
3
334.086 139.043
351.145 132.093
368.459 174.592
351.4 181.541
2
349.848 155.321
0 0 0.846717 -0.532043
3
331.595 138.644
348.191 130.653
368.101 171.999
351.505 179.99
2
348.333 153.916
0 0 0.862776 -0.505586
3
329.084 138.4
345.154 129.397
367.583 169.432
351.513 178.435
2
346.735 152.608
0 0 0.878009 -0.478644
3
326.562 138.312
342.045 128.332
366.908 166.903
351.426 176.883
2
345.059 151.4
0 0 0.892401 -0.451244
3
324.041 138.38
338.876 127.462
366.077 164.421
351.242 175.339
2
343.311 150.299
0 0 0.905937 -0.423412
3
321.528 138.604
335.659 126.789
365.095 161.994
350.964 173.81
2
341.499 149.308
0 0 0.918606 -0.395174
3
319.033 138.983
332.407 126.316
363.964 159.633
350.591 172.3
2
339.628 148.431
0 0 0.930396 -0.366557
3
316.567 139.516
329.131 126.046
362.689 157.347
350.125 170.817
2
337.707 147.672
0 0 0.941293 -0.337589
3
314.139 140.2
325.846 125.978
361.276 155.143
349.569 169.365
2
335.743 147.032
0 0 0.95129 -0.308298
3
311.758 141.033
322.562 126.114
359.729 153.032
348.924 167.95
2
333.743 146.516
0 0 0.960375 -0.278712
3
309.432 142.011
319.293 126.453
358.054 151.02
348.193 166.578
2
331.715 146.124
0 0 0.96854 -0.248859
3
307.172 143.132
316.051 126.994
356.257 149.115
347.378 165.254
2
329.666 145.858
0 0 0.975777 -0.218767
3
304.985 144.391
312.849 127.734
354.347 147.326
346.483 163.983
2
327.605 145.72
0 0 0.98208 -0.188466
3
302.881 145.782
309.699 128.67
352.329 145.658
345.511 162.769
2
325.539 145.709
0 0 0.987442 -0.157984
3
300.866 147.301
306.613 129.8
350.212 144.118
344.465 161.618
2
323.477 145.826
0 0 0.991858 -0.127351
3
298.949 148.941
303.603 131.118
348.004 142.712
343.351 160.534
2
321.426 146.071
0 0 0.995324 -0.0965958
3
297.138 150.697
300.68 132.621
345.714 141.445
342.172 159.521
2
319.394 146.442
0 0 0.997836 -0.0657481
3
295.439 152.562
297.855 134.301
343.349 140.322
340.932 158.583
2
317.388 146.938
0 0 0.999393 -0.0348375
3
293.858 154.528
295.14 136.152
340.919 139.348
339.636 157.723
2
315.418 147.557
0 0 0.999992 -0.00389353
3
292.402 156.588
292.545 138.168
338.434 138.526
338.29 156.945
2
313.489 148.297
0 0 0.999634 0.0270542
3
291.076 158.734
290.079 140.341
335.902 137.859
336.898 156.252
2
311.61 149.154
0 0 0.998318 0.057976
3
289.885 160.958
287.753 142.662
333.334 137.35
335.466 155.646
2
309.669 149.381
0 0 0.998318 0.057976
3
287.944 161.185
285.812 142.888
331.394 137.576
333.526 155.873
2
307.728 149.607
0 0 0.998318 0.057976
3
286.004 161.411
283.871 143.115
329.453 137.803
331.585 156.099
2
305.788 149.833
0 0 0.998318 0.057976
3
284.063 161.637
281.931 143.341
327.512 138.029
329.645 156.325
2
303.847 150.059
0 0 0.998318 0.057976
3
282.123 161.863
279.99 143.567
325.572 138.255
327.704 156.551
2
301.907 150.285
0 0 0.998318 0.057976
3
280.182 162.089
278.05 143.793
323.631 138.481
325.763 156.777
2
299.966 150.511
0 0 0.998318 0.057976
3
278.241 162.315
276.109 144.019
321.691 138.707
323.823 157.003
2
298.025 150.738
0 0 0.998318 0.057976
3
276.301 162.542
274.168 144.245
319.75 138.933
321.882 157.23
2
296.085 150.964
0 0 0.998318 0.057976
3
274.36 162.768
272.228 144.472
317.809 139.16
319.942 157.456
2
294.144 151.19
0 0 0.998318 0.057976
3
272.419 162.994
270.287 144.698
315.869 139.386
318.001 157.682
2
292.147 150.663
0 0 0.999634 0.0270542
3
269.733 161.1
268.737 142.707
314.56 140.225
315.556 158.618
2
290.186 150.013
0 0 0.999992 -0.00389353
3
267.17 159.044
267.313 140.625
313.202 140.982
313.058 159.401
2
288.269 149.243
0 0 0.999393 -0.0348375
3
264.738 156.833
266.021 138.458
311.799 141.653
310.517 160.029
2
286.403 148.356
0 0 0.997836 -0.0657481
3
262.448 154.476
264.865 136.215
310.358 142.237
307.941 160.497
2
284.596 147.356
0 0 0.995324 -0.0965958
3
260.308 151.982
263.85 133.906
308.884 142.73
305.342 160.806
2
282.854 146.245
0 0 0.991858 -0.127351
3
258.327 149.36
262.98 131.538
307.382 143.131
302.728 160.953
2
281.184 145.029
0 0 0.987442 -0.157984
3
256.511 146.621
262.258 129.12
305.857 143.438
300.11 160.938
2
279.593 143.712
0 0 0.98208 -0.188466
3
254.868 143.774
261.687 126.663
304.317 143.65
297.498 160.762
2
281.798 143.518
0 0 0.975777 -0.218767
3
257.118 142.051
264.982 125.394
306.479 144.986
298.615 161.643
2
284.012 143.461
0 0 0.96854 -0.248859
3
259.469 140.47
268.348 124.331
308.554 146.453
299.675 162.591
2
282.691 141.873
0 0 0.960375 -0.278712
3
258.38 137.369
268.241 121.811
307.002 146.377
297.141 161.935
2
281.471 140.206
0 0 0.95129 -0.308298
3
257.485 134.207
268.29 119.288
305.456 146.206
294.652 161.124
2
280.356 138.467
0 0 0.941293 -0.337589
3
256.788 130.995
268.494 116.774
303.925 145.939
292.218 160.16
2
279.351 136.662
0 0 0.930396 -0.366557
3
256.29 127.747
268.854 114.277
302.412 145.578
289.848 159.048
2
277.923 135.329
0 0 0.930396 -0.366557
3
254.862 126.414
267.426 112.944
300.984 144.245
288.42 157.715
2
277.031 133.466
0 0 0.918606 -0.395174
3
254.566 123.141
267.939 110.474
299.497 143.791
286.123 156.458
2
276.257 131.551
0 0 0.905937 -0.423412
3
254.473 119.856
268.605 108.04
298.041 143.246
283.909 155.061
2
275.603 129.591
0 0 0.892401 -0.451244
3
254.584 116.571
269.419 105.653
296.621 142.612
281.786 153.53
2
275.071 127.595
0 0 0.878009 -0.478644
3
254.898 113.3
270.38 103.32
295.243 141.891
279.761 151.871
2
274.663 125.57
0 0 0.862776 -0.505586
3
255.414 110.054
271.483 101.051
293.913 141.086
277.843 150.089
2
274.382 123.524
0 0 0.846717 -0.532043
3
256.129 106.847
272.725 98.8549
292.635 140.201
276.039 148.193
2
274.228 121.464
0 0 0.829847 -0.557991
3
257.041 103.689
274.1 96.7397
291.414 139.238
274.355 146.188
2
274.201 119.398
0 0 0.812182 -0.583404
3
258.147 100.595
275.603 94.7136
290.255 138.202
272.799 144.083
2
274.303 117.335
0 0 0.793739 -0.608259
3
259.443 97.5743
277.229 92.7843
289.162 137.096
271.376 141.886
2
274.531 115.282
0 0 0.774535 -0.632531
3
260.922 94.6399
278.971 90.9594
288.14 135.924
270.092 139.605
2
274.887 113.247
0 0 0.75459 -0.656196
3
262.581 91.8026
280.823 89.2457
287.193 134.691
268.951 137.248
2
275.367 111.238
0 0 0.733922 -0.679234
3
264.412 89.0734
282.776 87.6498
286.323 133.403
267.958 134.826
2
275.971 109.262
0 0 0.712551 -0.70162
3
266.408 86.4626
284.825 86.1778
285.535 132.062
267.117 132.347
2
275.941 107.309
0 0 0.712551 -0.70162
3
266.377 84.5091
284.795 84.2243
285.505 130.109
267.087 130.394
2
275.911 105.355
0 0 0.712551 -0.70162
3
266.347 82.5555
284.765 82.2708
285.474 128.155
267.057 128.44
2
275.881 103.402
0 0 0.712551 -0.70162
3
266.317 80.602
284.735 80.3173
285.444 126.202
267.026 126.487
2
275.85 101.448
0 0 0.712551 -0.70162
3
266.287 78.6485
284.705 78.3638
285.414 124.248
266.996 124.533
2
275.82 99.4949
0 0 0.712551 -0.70162
3
266.257 76.695
284.674 76.4103
285.384 122.295
266.966 122.58
2
275.79 97.5414
0 0 0.712551 -0.70162
3
266.226 74.7415
284.644 74.4568
285.354 120.341
266.936 120.626
2
275.76 95.5879
0 0 0.712551 -0.70162
3
266.196 72.788
284.614 72.5032
285.323 118.388
266.906 118.672
2
275.73 93.6344
0 0 0.712551 -0.70162
3
266.166 70.8345
284.584 70.5497
285.293 116.434
266.875 116.719
2
275.699 91.6808
0 0 0.712551 -0.70162
3
266.136 68.8809
284.554 68.5962
285.263 114.481
266.845 114.765
2
274.915 89.7698
0 0 0.733922 -0.679234
3
263.959 67.6052
282.324 66.1817
285.871 111.934
267.506 113.358
2
274.014 87.911
0 0 0.75459 -0.656196
3
261.708 66.4666
279.95 63.9097
286.32 109.355
268.078 111.912
2
272.999 86.1115
0 0 0.774535 -0.632531
3
259.39 65.4695
277.439 61.789
286.608 106.754
268.56 110.434
2
273.355 84.0766
0 0 0.75459 -0.656196
3
261.049 62.6322
279.29 60.0753
285.661 105.521
267.419 108.078
2
273.835 82.0675
0 0 0.733922 -0.679234
3
262.88 59.9029
281.244 58.4794
284.791 104.232
266.426 105.656
2
274.439 80.0921
0 0 0.712551 -0.70162
3
264.876 57.2922
283.293 57.0074
284.003 102.892
265.585 103.177
2
275.164 78.1577
0 0 0.690497 -0.723335
3
267.029 54.8099
285.43 55.6651
283.299 101.506
264.899 100.65
2
276.007 76.2719
0 0 0.667782 -0.744357
3
269.333 52.4656
287.645 54.4574
282.682 100.078
264.37 98.0865
2
276.966 74.4419
0 0 0.644427 -0.764666
3
271.776 50.2682
289.93 53.3891
282.155 98.6156
264.001 95.4948
2
278.035 72.6747
0 0 0.620455 -0.784242
3
274.351 48.2263
292.277 52.4642
281.719 97.1232
263.794 92.8853
2
279.212 70.9771
0 0 0.595889 -0.803067
3
277.048 46.3476
294.677 51.6863
281.377 95.6066
263.748 90.2678
2
280.492 69.3555
0 0 0.570752 -0.821123
3
279.855 44.6393
297.121 51.0583
281.129 94.0717
263.864 87.6526
2
281.87 67.8162
0 0 0.545068 -0.838392
3
282.763 43.1079
299.598 50.5828
280.976 92.5244
264.141 85.0496
2
283.34 66.365
0 0 0.518862 -0.854858
3
285.76 41.7593
302.101 50.2614
280.92 90.9707
264.579 82.4687
2
284.897 65.0076
0 0 0.492159 -0.870505
3
288.835 40.5988
304.618 50.0954
280.959 89.4164
265.176 79.9198
2
286.535 63.7491
0 0 0.464984 -0.885319
3
291.975 39.6306
307.141 50.0854
281.095 87.8675
265.929 77.4127
2
288.248 62.5943
0 0 0.437365 -0.899284
3
295.17 38.8586
309.66 50.2316
281.326 86.33
266.836 74.9571
2
290.029 61.5478
0 0 0.409326 -0.912388
3
298.406 38.2857
312.164 50.5333
281.652 84.8098
267.894 72.5622
2
291.871 60.6134
0 0 0.380895 -0.924618
3
301.671 37.9141
314.646 50.9893
282.071 83.3126
269.097 70.2374
2
293.768 59.7947
0 0 0.352099 -0.935963
3
304.953 37.7452
317.094 51.598
282.582 81.8442
270.442 67.9914
2
295.712 59.095
0 0 0.322966 -0.946411
3
308.24 37.7797
319.5 52.357
283.183 80.4103
271.923 65.833
2
297.695 58.5168
0 0 0.293524 -0.955952
3
311.517 38.0173
321.855 53.2633
283.872 79.0163
273.535 63.7703
2
299.71 58.0625
0 0 0.2638 -0.964577
3
314.774 38.4573
324.148 54.3136
284.645 77.6676
275.271 61.8113
2
301.749 57.7336
0 0 0.233824 -0.972279
3
317.998 39.098
326.373 55.5038
285.501 76.3693
277.126 59.9634
2
303.805 57.5316
0 0 0.203624 -0.979049
3
321.175 39.9368
328.519 56.8293
286.435 75.1264
279.091 58.2338
2
305.267 56.0727
0 0 0.233824 -0.972279
3
321.516 37.437
329.891 53.8429
289.019 74.7083
280.644 58.3025
2
306.637 54.5261
0 0 0.2638 -0.964577
3
321.701 34.921
331.076 50.7773
291.573 74.1312
282.198 58.2749
2
307.908 52.8978
0 0 0.293524 -0.955952
3
321.731 32.3983
332.068 47.6443
294.085 73.3973
283.748 58.1513
2
309.076 51.1939
0 0 0.322966 -0.946411
3
321.604 29.8786
332.865 44.4559
296.548 72.5093
285.287 57.9319
2
311.059 50.6158
0 0 0.293524 -0.955952
3
324.882 30.1163
335.219 45.3623
297.236 71.1152
286.899 55.8692
2
313.074 50.1614
0 0 0.2638 -0.964577
3
328.139 30.5563
337.513 46.4126
298.01 69.7665
288.636 53.9102
2
315.114 49.8326
0 0 0.233824 -0.972279
3
331.362 31.1969
339.737 47.6027
298.865 68.4682
290.49 52.0624
2
317.17 49.6305
0 0 0.203624 -0.979049
3
334.54 32.0357
341.884 48.9282
299.799 67.2253
292.455 50.3328
2
319.234 49.556
0 0 0.173228 -0.984882
3
337.659 33.0695
343.944 50.384
300.809 66.0426
294.523 48.7281
2
321.299 49.6094
0 0 0.142667 -0.989771
3
340.709 34.2943
345.911 51.9645
301.889 64.9245
296.687 47.2543
2
323.357 49.7904
0 0 0.111969 -0.993712
3
343.677 35.7054
347.776 53.6635
303.037 63.8754
298.938 45.9173
2
325.399 50.0984
0 0 0.0811643 -0.996701
3
346.552 37.2974
349.532 55.4747
304.247 62.8994
301.267 44.7221
2
327.419 50.5321
0 0 0.0502814 -0.998735
3
349.323 39.0642
351.173 57.3911
305.515 62.0001
303.665 43.6732
2
329.408 51.09
0 0 0.0193504 -0.999813
3
351.98 40.9991
352.692 59.4053
306.837 61.1809
306.124 42.7747
2
329.408 51.09
0 0 0.0193504 -0.999813
3
351.98 40.9991
352.692 59.4053
306.837 61.1809
306.124 42.7747
2
330.993 50.7266
0 0 0.0129006 -0.999917
3
353.693 40.9277
354.168 59.3416
308.293 60.5255
307.818 42.1116
2
332.575 50.3633
0 0 0.00645052 -0.999979
3
355.399 40.858
355.637 59.2765
309.751 59.8685
309.513 41.4501
2
334.155 50
0 0 -8.74228e-08 -1
3
357.1 40.79
357.1 59.21
311.21 59.21
311.21 40.79
