0
80 150
0
81 151
0
82 152
0
83 153
0
84 154
0
85 155
0
86 156
0
87 157
0
88 158
0
89 159
0
90 160
0
91 161
0
92 161
0
93 162
0
94 163
0
95 164
0
96 165
0
97 166
0
98 167
0
99 168
0
100 169
0
100 170
0
100 171
0
101 172
0
101 173
0
102 174
0
102 175
0
103 176
0
103 177
0
104 178
0
104 179
0
105 180
0
105 181
0
105 182
0
106 183
0
106 184
0
107 185
0
107 186
0
108 187
0
108 188
0
109 189
0
109 190
0
110 191
0
110 192
0
110 193
0
111 194
0
111 195
0
112 196
0
112 197
0
113 198
0
113 199
0
114 200
0
114 201
0
115 202
0
115 203
0
115 204
0
116 205
0
116 206
0
117 207
0
117 208
0
118 209
0
118 210
0
119 211
0
119 212
0
120 213
0
120 214
0
120 215
0
121 216
0
121 217
0
122 218
0
122 219
0
123 220
0
123 221
0
124 222
0
124 223
0
125 224
0
125 225
0
125 226
0
126 227
0
126 228
0
127 229
0
127 230
0
128 231
0
128 232
0
129 233
0
129 234
0
130 235
0
130 236
0
130 237
0
131 238
0
131 239
0
132 240
0
132 241
0
133 242
0
133 243
0
134 244
0
134 245
0
135 246
0
135 247
0
135 248
0
136 249
0
136 250
0
137 251
0
137 252
0
137 253
0
138 254
0
139 255
0
139 256
0
140 257
0
140 258
0
140 259
0
141 260
0
141 261
0
142 262
0
142 263
0
143 264
0
143 265
0
144 266
0
144 267
0
145 268
0
145 269
0
145 270
0
146 271
0
146 272
0
147 273
0
147 274
0
148 275
0
148 276
0
149 277
0
149 278
0
150 279
0
150 280
0
150 281
0
151 282
0
151 283
0
152 284
0
152 285
0
153 286
0
153 287
0
154 288
0
154 289
0
155 290
0
155 291
0
156 292
0
156 293
0
156 294
0
157 295
0
157 296
0
158 297
0
158 298
0
159 299
0
159 300
0
160 301
0
160 302
0
161 303
0
161 304
0
161 305
0
162 306
0
162 307
0
163 308
0
163 309
0
164 310
0
164 311
0
165 312
0
165 313
0
166 314
0
166 315
0
166 316
0
167 317
0
167 318
0
168 319
0
168 320
0
169 321
0
169 322
0
170 323
0
170 324
0
171 325
0
171 326
0
171 327
0
172 328
0
172 329
0
173 330
0
173 331
0
174 332
0
174 333
0
175 334
0
175 335
0
176 336
0
176 337
0
176 338
0
177 339
0
177 340
0
178 341
0
178 342
0
179 343
0
179 344
0
180 345
0
180 346
0
181 347
0
181 348
0
181 349
0
182 350
0
182 351
0
183 352
0
183 353
0
184 354
0
184 355
0
185 356
0
185 357
0
186 358
0
186 359
0
186 360
0
187 361
0
187 362
0
188 363
0
188 364
0
189 365
0
189 366
0
190 367
0
190 368
0
191 369
0
191 370
1
80 150 3.96992
1
78.6791 148.56 3.96992
1
77.2716 147.205 4.03182
1
75.4146 144.648 4.13703
1
73.8365 141.909 4.24223
1
72.5547 139.02 4.34743
1
71.5776 136.013 4.43274
1
70.7048 132.974 4.43274
1
69.8319 129.935 4.43274
1
68.959 126.895 4.43274
1
68.0862 123.856 4.43274
1
67.2133 120.816 4.43274
1
66.3405 117.777 4.43274
1
65.4676 114.737 4.43274
1
64.5947 111.698 4.43274
1
63.7219 108.659 4.43274
1
62.9045 105.604 4.49453
1
62.3845 102.487 4.59973
1
62.1948 99.3316 4.70494
1
62.3375 96.174 4.81014
1
62.8109 93.0488 4.91534
1
63.6099 89.9906 5.02054
1
64.7256 87.0333 5.12575
1
66.1457 84.2094 5.23095
1
67.8545 81.5503 5.33615
1
69.833 79.0853 5.44135
1
72.0595 76.8417 5.54656
1
74.5092 74.8444 5.65176
1
77.1552 73.1153 5.75696
1
79.968 71.6736 5.86216
1
82.9168 70.5352 5.96736
1
85.9687 69.7128 6.07257
1
89.0902 69.2154 6.17777
1
92.2466 69.0485 6.28297
1
95.4031 69.2141 0.104989
1
98.5247 69.7101 0.210191
1
101.577 70.5312 0.315393
1
104.526 71.6683 0.420596
1
107.34 73.1088 0.525798
1
109.986 74.8368 0.631
1
112.437 76.8331 0.736203
1
114.664 79.0758 0.841405
1
116.644 81.5399 0.946607
1
118.354 84.1983 1.05181
1
119.775 87.0215 1.15701
1
120.892 89.9784 1.26221
1
121.692 93.0362 1.36742
1
122.167 96.1612 1.47262
1
122.311 99.3187 1.57782
1
122.123 102.474 1.68302
1
121.604 105.592 1.78823
1
120.761 108.638 1.89343
1
119.603 111.579 1.99863
1
118.142 114.382 2.10383
1
116.395 117.016 2.20904
1
115.136 118.51 2.14713
1
113.972 120.079 2.08523
1
112.907 121.718 2.02333
1
111.946 123.418 1.96143
1
111.092 125.176 1.89953
1
110.348 126.982 1.83762
1
109.717 128.831 1.77572
1
109.202 130.716 1.71382
1
108.804 132.629 1.65192
1
108.526 134.563 1.59002
1
108.488 136.516 1.59002
1
108.451 138.469 1.59002
1
108.413 140.423 1.59002
1
108.376 142.376 1.59002
1
108.338 144.329 1.59002
1
108.3 146.283 1.59002
1
108.263 148.236 1.59002
1
108.225 150.19 1.59002
1
108.188 152.143 1.59002
1
108.15 154.096 1.59002
1
108.113 156.05 1.59002
1
108.075 158.003 1.59002
1
108.038 159.957 1.59002
1
108 161.91 1.59002
1
107.963 163.863 1.59002
1
107.925 165.817 1.59002
1
107.767 167.764 1.52811
1
107.729 169.717 1.46621
1
108.053 171.644 1.52811
1
108.015 173.598 1.46621
1
108.099 175.55 1.40431
1
108.303 177.493 1.34241
1
108.626 179.419 1.2805
1
109.069 181.322 1.2186
1
109.628 183.194 1.1567
1
110.302 185.028 1.0948
1
111.088 186.817 1.0329
1
111.983 188.553 0.970995
1
112.984 190.231 0.909093
1
114.087 191.844 0.847191
1
115.288 193.385 0.785289
1
116.581 194.85 0.723387
1
118.046 196.143 0.723387
1
119.51 197.436 0.723387
1
120.975 198.729 0.723387
1
122.439 200.022 0.723387
1
123.904 201.316 0.723387
1
125.368 202.609 0.723387
1
126.833 203.902 0.723387
1
128.297 205.195 0.723387
1
129.761 206.489 0.723387
1
131.226 207.782 0.723387
1
132.768 208.982 0.785289
1
134.232 210.275 0.847191
1
135.614 211.657 0.909093
1
136.907 213.121 0.970995
1
138.108 214.662 1.0329
1
139.211 216.275 1.0948
1
139.997 218.064 1.0329
1
140.892 219.8 0.970995
1
141.893 221.478 0.909093
1
143.093 223.019 0.909093
1
144.294 224.561 0.909093
1
145.494 226.102 0.909093
1
146.695 227.644 0.909093
1
147.895 229.185 0.909093
1
149.096 230.726 0.909093
1
150.296 232.268 0.909093
1
151.497 233.809 0.909093
1
152.697 235.351 0.909093
1
153.898 236.892 0.909093
1
155.098 238.433 0.909093
1
156.299 239.975 0.909093
1
157.499 241.516 0.909093
1
158.7 243.058 0.909093
1
159.9 244.599 0.909093
1
161.101 246.14 0.909093
1
162.301 247.682 0.909093
1
163.502 249.223 0.909093
1
164.702 250.765 0.909093
1
165.903 252.306 0.909093
1
167.006 253.919 0.847191
1
168.206 255.46 0.785289
1
169.5 256.924 0.723387
1
170.882 258.306 0.661484
1
172.495 259.408 0.723387
1
174.036 260.608 0.785289
1
175.501 261.902 0.847191
1
176.882 263.283 0.909093
1
178.176 264.747 0.970995
1
179.177 266.425 0.909093
1
180.28 268.038 0.847191
1
181.573 269.502 0.847191
1
182.867 270.966 0.847191
1
184.16 272.43 0.847191
1
185.454 273.894 0.847191
1
186.748 275.359 0.847191
1
188.041 276.823 0.847191
1
189.335 278.287 0.847191
1
190.628 279.751 0.847191
1
191.922 281.215 0.847191
1
193.215 282.679 0.847191
1
194.509 284.144 0.847191
1
195.891 285.525 0.909093
1
197.184 286.989 0.970995
1
198.385 288.53 1.0329
1
199.488 290.143 1.0948
1
200.488 291.821 1.1567
1
201.384 293.558 1.2186
1
202.17 295.346 1.2805
1
202.844 297.18 1.34241
1
203.403 299.052 1.40431
1
203.845 300.955 1.46621
1
204.169 302.882 1.52811
1
204.373 304.825 1.59002
1
204.215 306.772 1.52811
1
204.177 308.726 1.46621
1
204.501 310.652 1.52811
1
204.705 312.595 1.59002
1
204.547 314.543 1.52811
1
204.509 316.496 1.46621
1
204.833 318.423 1.52811
1
205.037 320.366 1.59002
1
205.12 322.318 1.65192
1
205.083 324.271 1.71382
1
204.924 326.219 1.77572
1
204.646 328.153 1.83762
1
204.248 330.065 1.89953
1
203.618 331.915 1.89953
1
203.102 333.799 1.96143
1
202.054 336.781 1.85623
1
201.325 339.857 1.75102
1
200.923 342.992 1.64582
1
200.852 346.152 1.54062
1
201.113 349.302 1.43542
1
201.704 352.407 1.33021
1
202.617 355.433 1.22501
1
203.843 358.346 1.11981
1
205.369 361.115 1.01461
1
207.176 363.707 0.909404
1
209.246 366.096 0.804202
1
211.555 368.255 0.698999
1
214.079 370.158 0.593797
1
216.788 371.787 0.488595
1
219.565 373.297 0.544833
1
222.179 375.075 0.650035
1
224.591 377.117 0.755237
1
226.775 379.402 0.86044
1
228.707 381.903 0.965642
1
230.366 384.594 1.07084
1
231.734 387.443 1.17605
1
232.794 390.421 1.28125
1
233.536 393.494 1.38645
1
233.951 396.627 1.49165
1
234.035 399.787 1.59686
1
233.787 402.938 1.70206
1
233.209 406.045 1.80726
1
232.308 409.075 1.91246
1
231.094 411.993 2.01767
1
229.58 414.768 2.12287
1
227.783 417.368 2.22807
1
225.723 419.766 2.33327
1
223.423 421.933 2.43848
1
220.907 423.848 2.54368
1
218.205 425.487 2.64888
1
215.345 426.834 2.75408
1
212.36 427.873 2.85928
1
209.282 428.592 2.96449
1
206.146 428.985 3.06969
1
202.986 429.046 3.17489
1
199.837 428.775 3.28009
1
196.733 428.174 3.3853
1
193.71 427.251 3.4905
1
190.801 426.016 3.5957
1
188.037 424.482 3.7009
1
185.45 422.666 3.80611
1
183.067 420.589 3.91131
1
180.916 418.273 4.01651
1
179.02 415.744 4.12171
1
177.401 413.03 4.22691
1
176.075 410.161 4.33212
1
175.057 407.168 4.43732
1
174.36 404.085 4.54252
1
173.99 400.946 4.64772
1
173.952 397.785 4.75293
1
174.246 394.638 4.85813
1
174.869 391.539 4.96333
1
175.814 388.523 5.06853
1
177.07 385.623 5.17374
1
178.624 382.87 5.27894
1
180.458 380.296 5.38414
1
182.553 377.929 5.48934
1
184.884 375.795 5.59455
1
187.427 373.917 5.69975
1
190.153 372.317 5.80495
1
193.032 371.012 5.91015
1
196.032 370.016 6.01536
1
199.12 369.341 6.12056
1
199.12 369.341 6.12056
1
197.217 369.667 6.11887
1
195.315 369.992 6.11718
1
193.412 370.318 6.11549
1
191.51 370.644 6.1138
2
70.4297 139.571
0 0 0.915453 -0.402425
3
48.1304 128.892
61.7023 116.438
92.7289 150.25
79.157 162.703
2
69.1087 138.131
0 0 0.915453 -0.402425
3
46.8095 127.452
60.3814 114.998
91.408 148.81
77.8361 161.264
2
68.3648 136.204
0 0 0.902561 -0.430562
3
46.7689 124.166
61.0852 112.575
89.9607 148.242
75.6444 159.832
2
67.7123 132.772
0 0 0.878675 -0.47742
3
47.4999 118.532
62.9542 108.509
87.9247 147.011
72.4705 157.034
2
67.4239 129.29
0 0 0.852358 -0.522958
3
48.8184 113.007
65.2398 104.662
86.0293 145.573
69.608 153.918
2
67.5026 125.797
0 0 0.823684 -0.567049
3
50.7099 107.65
67.9167 101.076
84.2953 143.944
67.0885 150.518
2
67.6705 122.408
0 0 0.798756 -0.601655
3
52.485 102.897
70.1894 97.8125
82.8561 141.92
65.1517 147.004
2
66.7977 119.369
0 0 0.798756 -0.601655
3
51.6121 99.8574
69.3165 94.7731
81.9832 138.88
64.2788 143.965
2
65.9248 116.329
0 0 0.798756 -0.601655
3
50.7393 96.818
68.4437 91.7337
81.1103 135.841
63.4059 140.925
2
65.0519 113.29
0 0 0.798756 -0.601655
3
49.8664 93.7786
67.5708 88.6943
80.2375 132.801
62.5331 137.886
2
64.1791 110.251
0 0 0.798756 -0.601655
3
48.9936 90.7392
66.698 85.6548
79.3646 129.762
61.6602 134.846
2
63.3062 107.211
0 0 0.798756 -0.601655
3
48.1207 87.6997
65.8251 82.6154
78.4918 126.723
60.7874 131.807
2
62.4334 104.172
0 0 0.798756 -0.601655
3
47.2478 84.6603
64.9522 79.576
77.6189 123.683
59.9145 128.768
2
61.5605 101.132
0 0 0.798756 -0.601655
3
46.375 81.6209
64.0794 76.5366
76.7461 120.644
59.0416 125.728
2
60.6877 98.0929
0 0 0.798756 -0.601655
3
45.5021 78.5815
63.2065 73.4971
75.8732 117.604
58.1688 122.689
2
59.8148 95.0535
0 0 0.798756 -0.601655
3
44.6293 75.542
62.3337 70.4577
75.0003 114.565
57.2959 119.649
2
59.8451 91.784
0 0 0.779788 -0.626044
3
45.8935 71.372
63.8781 67.3908
73.7967 112.196
55.8121 116.177
2
60.7933 88.4214
0 0 0.745794 -0.666177
3
49.0622 66.6572
67.3655 64.5865
72.5243 110.186
54.2211 112.256
2
62.0893 85.177
0 0 0.709737 -0.704467
3
52.7086 62.3012
71.1281 62.164
71.4701 108.053
53.0506 108.19
2
63.7189 82.0865
0 0 0.671716 -0.740808
3
56.7922 58.3522
75.1243 60.1499
70.6457 105.821
52.3136 104.023
2
65.664 79.1843
0 0 0.631838 -0.7751
3
61.2679 54.8539
79.3098 58.5666
70.0602 103.515
52.0182 99.802
2
67.9031 76.5024
0 0 0.590212 -0.807248
3
66.0862 51.8448
83.6385 57.4316
69.7201 101.16
52.1678 95.5732
2
70.4115 74.0704
0 0 0.546953 -0.837164
3
71.1939 49.3584
88.0625 56.7575
69.6291 98.7825
52.7605 91.3834
2
73.1614 71.9153
0 0 0.502181 -0.864763
3
76.5344 47.4221
92.5328 56.5515
69.7884 96.4086
53.7899 87.2791
2
76.1223 70.0609
0 0 0.456019 -0.88997
3
82.0487 46.0572
97 56.8162
70.196 94.0645
55.2447 83.3056
2
79.2616 68.5276
0 0 0.408597 -0.912715
3
87.6758 45.279
101.415 57.5485
70.8475 91.7762
57.1086 79.5067
2
82.5446 67.3325
0 0 0.360044 -0.932935
3
93.3536 45.0959
105.728 58.7403
71.7357 89.569
59.3612 75.9246
2
85.9349 66.4887
0 0 0.310495 -0.950575
3
99.0192 45.5101
109.892 60.3785
72.8507 87.4673
61.9774 72.5989
2
89.3951 66.0056
0 0 0.260087 -0.965585
3
104.61 46.517
113.862 62.4449
74.1803 85.4942
64.9284 69.5663
2
92.8869 65.8885
0 0 0.20896 -0.977924
3
110.064 48.1053
117.592 64.9167
75.7097 83.6717
68.1816 66.8603
2
96.3717 66.1387
0 0 0.157255 -0.987558
3
115.321 50.2576
121.042 67.7666
77.4221 82.0198
71.7009 64.5109
2
99.8109 66.7535
0 0 0.105115 -0.99446
3
120.323 52.95
124.174 70.963
79.2984 80.557
75.4475 62.544
2
103.167 67.726
0 0 0.0526837 -0.998611
3
125.015 56.1528
126.953 74.4706
81.318 79.2992
79.3799 60.9814
2
106.402 69.0455
0 0 0.000106963 -1
3
129.345 59.8306
129.349 78.2506
83.4585 78.2604
83.4546 59.8404
2
109.48 70.6974
0 0 0.0524702 0.998622
3
133.264 63.9427
131.334 82.2613
85.6963 77.4522
87.6266 59.1336
2
112.368 72.6635
0 0 0.104902 0.994483
3
136.73 68.4436
132.887 86.4582
88.0065 76.8834
91.8498 58.8688
2
115.034 74.922
0 0 0.157044 0.987592
3
139.704 73.2836
133.99 90.795
90.3637 76.5604
96.0774 59.0489
2
117.448 77.4479
0 0 0.208751 0.977969
3
142.153 78.4091
134.632 95.2237
92.7418 76.4866
100.263 59.672
2
119.583 80.2132
0 0 0.259881 0.965641
3
144.051 83.7635
134.806 99.6954
95.1145 76.663
104.36 60.7311
2
121.416 83.1876
0 0 0.310292 0.950641
3
145.376 89.2875
134.509 104.161
97.4555 77.0876
108.322 62.2146
2
122.926 86.3379
0 0 0.359845 0.933012
3
146.113 94.9201
133.745 108.57
99.7391 77.7556
112.108 64.106
2
124.098 89.6294
0 0 0.408402 0.912802
3
146.255 100.599
132.522 112.874
101.94 78.6598
115.673 66.3844
2
124.917 93.0258
0 0 0.455829 0.890067
3
145.8 106.262
130.853 117.027
104.033 79.79
118.98 69.0247
2
125.375 96.4894
0 0 0.501996 0.86487
3
144.753 111.845
128.758 120.981
105.997 81.1339
121.991 71.9976
2
125.467 99.9819
0 0 0.546774 0.83728
3
143.125 117.287
126.26 124.694
107.808 82.6765
124.674 75.2702
2
125.191 103.465
0 0 0.590039 0.807375
3
140.935 122.529
123.385 128.123
109.448 84.4007
126.998 78.8064
2
124.551 106.899
0 0 0.631672 0.775236
3
138.206 127.511
120.166 131.232
110.897 86.2876
128.937 82.5672
2
123.555 110.248
0 0 0.671558 0.740952
3
134.969 132.18
116.638 133.985
112.14 88.3163
130.471 86.5107
2
122.212 113.473
0 0 0.709586 0.704619
3
131.26 136.483
112.841 136.353
113.163 90.4642
131.583 90.5936
2
120.538 116.54
0 0 0.745651 0.666336
3
127.12 140.372
108.816 138.309
113.955 92.7078
132.259 94.7707
2
118.551 119.414
0 0 0.779654 0.626211
3
122.594 143.805
104.608 139.832
114.507 95.0221
132.494 98.9956
2
116.273 122.063
0 0 0.8115 0.584353
3
117.733 146.744
100.263 140.904
114.813 97.3815
132.283 103.222
2
113.73 124.458
0 0 0.841101 0.540878
3
112.59 149.156
95.83 141.514
114.87 99.7601
131.63 107.403
2
110.949 126.573
0 0 0.868375 0.495908
3
107.222 151.015
91.3572 141.655
114.676 102.131
130.541 111.492
2
107.961 128.385
0 0 0.893248 0.449565
3
101.688 152.3
86.8943 141.326
114.235 104.469
129.029 115.444
2
107.422 130.379
0 0 0.878907 0.476992
3
102.64 154.636
87.1958 144.598
112.204 106.121
127.648 116.159
2
107.007 132.402
0 0 0.863725 0.503963
3
103.735 156.909
87.6991 147.846
110.279 107.895
126.315 116.959
2
106.718 134.448
0 0 0.847716 0.53045
3
104.968 159.11
88.4025 151.056
108.468 109.785
125.034 117.839
2
106.556 136.507
0 0 0.830895 0.55643
3
106.335 161.231
89.303 154.217
106.777 111.784
123.809 118.798
2
106.522 138.573
0 0 0.813277 0.581876
3
107.831 163.262
90.3974 157.316
105.213 113.883
122.646 119.83
2
106.615 140.636
0 0 0.794881 0.606765
3
109.45 165.198
91.6814 160.341
103.781 116.075
121.549 120.932
2
106.836 142.69
0 0 0.775723 0.631073
3
111.185 167.029
93.15 163.281
102.488 118.351
120.523 122.099
2
107.184 144.726
0 0 0.755823 0.654776
3
113.03 168.75
94.7977 166.124
101.339 120.703
119.571 123.328
2
107.657 146.737
0 0 0.735198 0.677853
3
114.978 170.353
96.6182 168.86
100.337 123.121
118.696 124.614
2
108.254 148.715
0 0 0.713869 0.700279
3
117.021 171.833
98.6045 171.479
99.4864 125.597
117.903 125.951
2
108.216 150.668
0 0 0.713869 0.700279
3
116.984 173.786
98.5669 173.432
99.4488 127.551
117.865 127.905
2
108.179 152.622
0 0 0.713869 0.700279
3
116.946 175.739
98.5294 175.385
99.4113 129.504
117.828 129.858
2
108.141 154.575
0 0 0.713869 0.700279
3
116.908 177.693
98.4918 177.339
99.3737 131.457
117.79 131.811
2
108.104 156.528
0 0 0.713869 0.700279
3
116.871 179.646
98.4543 179.292
99.3362 133.411
117.753 133.765
2
108.066 158.482
0 0 0.713869 0.700279
3
116.833 181.6
98.4167 181.246
99.2986 135.364
117.715 135.718
2
108.028 160.435
0 0 0.713869 0.700279
3
116.796 183.553
98.3792 183.199
99.2611 137.317
117.678 137.671
2
107.991 162.389
0 0 0.713869 0.700279
3
116.758 185.506
98.3416 185.152
99.2235 139.271
117.64 139.625
2
107.953 164.342
0 0 0.713869 0.700279
3
116.721 187.46
98.3041 187.106
99.186 141.224
117.603 141.578
2
107.916 166.295
0 0 0.713869 0.700279
3
116.683 189.413
98.2666 189.059
99.1485 143.178
117.565 143.532
2
107.878 168.249
0 0 0.713869 0.700279
3
116.646 191.367
98.229 191.013
99.1109 145.131
117.528 145.485
2
107.841 170.202
0 0 0.713869 0.700279
3
116.608 193.32
98.1915 192.966
99.0734 147.084
117.49 147.438
2
107.803 172.156
0 0 0.713869 0.700279
3
116.571 195.273
98.1539 194.919
99.0358 149.038
117.452 149.392
2
107.766 174.109
0 0 0.713869 0.700279
3
116.533 197.227
98.1164 196.873
98.9983 150.991
117.415 151.345
2
107.728 176.062
0 0 0.713869 0.700279
3
116.495 199.18
98.0788 198.826
98.9607 152.945
117.377 153.299
2
107.691 178.016
0 0 0.713869 0.700279
3
116.458 201.133
98.0413 200.779
98.9232 154.898
117.34 155.252
2
107.653 179.969
0 0 0.713869 0.700279
3
116.42 203.087
98.0037 202.733
98.8856 156.851
117.302 157.205
2
108.371 181.906
0 0 0.691856 0.722035
3
118.551 204.437
100.148 205.223
98.19 159.375
116.593 158.589
2
109.207 183.795
0 0 0.669181 0.7431
3
120.762 205.653
102.443 207.576
97.6519 161.937
115.971 160.014
2
108.657 185.786
0 0 0.691856 0.722035
3
118.838 208.317
100.434 209.103
98.4762 163.255
116.879 162.469
2
109.493 187.675
0 0 0.669181 0.7431
3
121.048 209.533
102.729 211.456
97.9381 165.817
116.257 163.894
2
110.445 189.509
0 0 0.645864 0.763452
3
123.33 210.61
105.164 213.663
97.5594 168.407
115.725 165.355
2
111.508 191.28
0 0 0.621929 0.783074
3
125.673 211.544
107.732 215.714
97.3417 171.016
115.283 166.846
2
112.678 192.982
0 0 0.597398 0.801945
3
128.07 212.331
110.421 217.603
97.2858 173.633
114.935 168.361
2
113.952 194.608
0 0 0.572295 0.820048
3
130.511 212.968
113.222 219.322
97.392 176.249
114.681 169.895
2
115.323 196.153
0 0 0.546643 0.837366
3
132.987 213.453
116.124 220.864
97.6597 178.853
114.523 171.442
2
116.788 197.61
0 0 0.520468 0.853881
3
135.488 213.784
119.116 222.224
98.088 181.436
114.46 172.995
2
118.34 198.973
0 0 0.493795 0.869578
3
138.005 213.959
122.186 223.396
98.6753 183.987
114.494 174.549
2
119.974 200.238
0 0 0.466648 0.884443
3
140.528 213.979
125.323 224.376
99.4192 186.497
114.624 176.099
2
121.682 201.399
0 0 0.439055 0.89846
3
143.047 213.842
128.515 225.16
100.317 188.956
114.849 177.637
2
123.459 202.452
0 0 0.411041 0.911617
3
145.553 213.55
131.749 225.745
101.365 191.354
115.17 179.159
2
125.298 203.393
0 0 0.382633 0.923901
3
148.036 213.103
135.012 226.129
102.56 193.684
115.583 180.657
2
127.191 204.219
0 0 0.353858 0.935299
3
150.487 212.503
138.294 226.311
103.896 195.935
116.089 182.128
2
128.656 205.512
0 0 0.353858 0.935299
3
151.951 213.797
139.758 227.604
105.361 197.228
117.553 183.421
2
130.12 206.806
0 0 0.353858 0.935299
3
153.416 215.09
141.223 228.897
106.825 198.521
119.018 184.714
2
131.585 208.099
0 0 0.353858 0.935299
3
154.88 216.383
142.687 230.19
108.29 199.814
120.482 186.007
2
133.049 209.392
0 0 0.353858 0.935299
3
156.344 217.676
144.152 231.484
109.754 201.108
121.947 187.301
2
134.514 210.685
0 0 0.353858 0.935299
3
157.809 218.97
145.616 232.777
111.219 202.401
123.411 188.594
2
135.978 211.979
0 0 0.353858 0.935299
3
159.273 220.263
147.081 234.07
112.683 203.694
124.876 189.887
2
137.443 213.272
0 0 0.353858 0.935299
3
160.738 221.556
148.545 235.363
114.147 204.987
126.34 191.18
2
138.907 214.565
0 0 0.353858 0.935299
3
162.202 222.849
150.01 236.656
115.612 206.281
127.805 192.474
2
140.372 215.858
0 0 0.353858 0.935299
3
163.667 224.143
151.474 237.95
117.076 207.574
129.269 193.767
2
141.836 217.152
0 0 0.353858 0.935299
3
165.131 225.436
152.939 239.243
118.541 208.867
130.734 195.06
2
142.778 218.99
0 0 0.382633 0.923901
3
165.516 228.7
152.492 241.726
120.04 209.28
133.063 196.254
2
143.604 220.883
0 0 0.411041 0.911617
3
165.698 231.981
151.893 244.177
121.51 209.786
135.314 197.59
2
144.311 222.824
0 0 0.439055 0.89846
3
165.676 235.267
151.144 246.586
122.946 210.381
137.479 199.063
2
144.897 224.805
0 0 0.466648 0.884443
3
165.452 238.546
150.247 248.944
124.343 211.064
139.548 200.666
2
145.36 226.818
0 0 0.493795 0.869578
3
165.025 241.805
149.206 251.242
125.695 211.832
141.514 202.395
2
145.697 228.857
0 0 0.520468 0.853881
3
164.397 245.031
148.025 253.471
126.997 212.682
143.369 204.242
2
147.249 230.22
0 0 0.493795 0.869578
3
166.914 245.206
151.095 254.643
127.584 215.233
143.403 205.796
2
148.882 231.484
0 0 0.466648 0.884443
3
169.437 245.225
154.232 255.623
128.328 217.743
143.533 207.346
2
150.591 232.646
0 0 0.439055 0.89846
3
171.956 245.089
157.423 256.407
129.226 220.202
143.758 208.884
2
151.791 234.187
0 0 0.439055 0.89846
3
173.156 246.63
158.624 257.949
130.426 221.744
144.959 210.425
2
152.992 235.728
0 0 0.439055 0.89846
3
174.357 248.172
159.824 259.49
131.627 223.285
146.159 211.967
2
154.192 237.27
0 0 0.439055 0.89846
3
175.557 249.713
161.025 261.031
132.827 224.827
147.36 213.508
2
155.393 238.811
0 0 0.439055 0.89846
3
176.758 251.254
162.225 262.573
134.028 226.368
148.56 215.05
2
156.593 240.353
0 0 0.439055 0.89846
3
177.958 252.796
163.426 264.114
135.228 227.909
149.761 216.591
2
157.794 241.894
0 0 0.439055 0.89846
3
179.159 254.337
164.626 265.656
136.429 229.451
150.961 218.132
2
158.994 243.435
0 0 0.439055 0.89846
3
180.359 255.879
165.827 267.197
137.629 230.992
152.162 219.674
2
160.195 244.977
0 0 0.439055 0.89846
3
181.56 257.42
167.027 268.738
138.83 232.534
153.362 221.215
2
161.395 246.518
0 0 0.439055 0.89846
3
182.76 258.961
168.228 270.28
140.03 234.075
154.563 222.757
2
162.596 248.06
0 0 0.439055 0.89846
3
183.961 260.503
169.428 271.821
141.231 235.616
155.763 224.298
2
163.796 249.601
0 0 0.439055 0.89846
3
185.161 262.044
170.629 273.363
142.431 237.158
156.964 225.839
2
164.997 251.142
0 0 0.439055 0.89846
3
186.362 263.586
171.829 274.904
143.632 238.699
158.164 227.381
2
166.197 252.684
0 0 0.439055 0.89846
3
187.562 265.127
173.03 276.445
144.832 240.241
159.365 228.922
2
167.398 254.225
0 0 0.439055 0.89846
3
188.763 266.668
174.23 277.987
146.033 241.782
160.565 230.464
2
168.598 255.767
0 0 0.439055 0.89846
3
189.963 268.21
175.431 279.528
147.233 243.323
161.766 232.005
2
169.799 257.308
0 0 0.439055 0.89846
3
191.164 269.751
176.631 281.07
148.434 244.865
162.966 233.546
2
170.999 258.849
0 0 0.439055 0.89846
3
192.364 271.293
177.832 282.611
149.634 246.406
164.167 235.088
2
172.2 260.391
0 0 0.439055 0.89846
3
193.565 272.834
179.032 284.152
150.835 247.948
165.367 236.629
2
173.4 261.932
0 0 0.439055 0.89846
3
194.765 274.375
180.233 285.694
152.035 249.489
166.568 238.171
2
174.601 263.474
0 0 0.439055 0.89846
3
195.966 275.917
181.433 287.235
153.236 251.03
167.768 239.712
2
176.378 264.527
0 0 0.411041 0.911617
3
198.472 275.624
184.667 287.82
154.284 253.429
168.088 241.233
2
178.217 265.468
0 0 0.382633 0.923901
3
200.955 275.178
187.931 288.204
155.478 255.758
168.502 242.732
2
180.11 266.294
0 0 0.353858 0.935299
3
203.405 274.578
191.213 288.385
156.815 258.009
169.008 244.202
2
182.051 267.001
0 0 0.324745 0.945802
3
205.814 273.828
194.499 288.363
158.288 260.173
169.603 245.639
2
183.105 268.778
0 0 0.353858 0.935299
3
206.4 277.062
194.207 290.869
159.809 260.493
172.002 246.686
2
184.046 270.616
0 0 0.382633 0.923901
3
206.785 280.326
193.761 293.352
161.308 260.907
174.332 247.88
2
184.873 272.51
0 0 0.411041 0.911617
3
206.966 283.607
193.162 295.803
162.779 261.412
176.583 249.216
2
185.58 274.45
0 0 0.439055 0.89846
3
206.945 286.894
192.413 298.212
164.215 262.007
178.747 250.689
2
186.166 276.431
0 0 0.466648 0.884443
3
206.72 290.172
191.516 300.57
165.612 262.69
180.817 252.293
2
187.875 277.592
0 0 0.439055 0.89846
3
209.24 290.036
194.707 301.354
166.51 265.149
181.042 253.831
2
189.652 278.646
0 0 0.411041 0.911617
3
211.746 289.743
197.941 301.939
167.558 267.548
181.362 255.352
2
190.945 280.11
0 0 0.411041 0.911617
3
213.039 291.208
199.235 303.403
168.851 269.012
182.656 256.817
2
192.239 281.574
0 0 0.411041 0.911617
3
214.333 292.672
200.528 304.867
170.145 270.476
183.949 258.281
2
193.532 283.038
0 0 0.411041 0.911617
3
215.626 294.136
201.822 306.332
171.438 271.941
185.243 259.745
2
194.826 284.502
0 0 0.411041 0.911617
3
216.92 295.6
203.115 307.796
172.732 273.405
186.536 261.209
2
196.119 285.967
0 0 0.411041 0.911617
3
218.213 297.064
204.409 309.26
174.026 274.869
187.83 262.673
2
197.413 287.431
0 0 0.411041 0.911617
3
219.507 298.528
205.703 310.724
175.319 276.333
189.124 264.137
2
198.707 288.895
0 0 0.411041 0.911617
3
220.8 299.993
206.996 312.188
176.613 277.797
190.417 265.602
2
200 290.359
0 0 0.411041 0.911617
3
222.094 301.457
208.29 313.653
177.906 279.261
191.711 267.066
2
201.294 291.823
0 0 0.411041 0.911617
3
223.388 302.921
209.583 315.117
179.2 280.726
193.004 268.53
2
202.587 293.287
0 0 0.411041 0.911617
3
224.681 304.385
210.877 316.581
180.493 282.19
194.298 269.994
2
203.881 294.752
0 0 0.411041 0.911617
3
225.975 305.849
212.17 318.045
181.787 283.654
195.591 271.458
2
204.588 296.692
0 0 0.439055 0.89846
3
225.953 309.136
211.421 320.454
183.223 284.249
197.756 272.931
2
205.174 298.673
0 0 0.466648 0.884443
3
225.729 312.414
210.524 322.812
184.62 284.932
199.825 274.535
2
205.637 300.687
0 0 0.493795 0.869578
3
225.302 315.673
209.483 325.11
185.972 285.7
201.791 276.263
2
205.974 302.725
0 0 0.520468 0.853881
3
224.674 318.899
208.301 327.339
187.274 286.551
203.646 278.11
2
206.184 304.78
0 0 0.546643 0.837366
3
223.848 322.08
206.985 329.491
188.52 287.48
205.383 280.068
2
206.267 306.844
0 0 0.572295 0.820048
3
222.826 325.203
205.537 331.557
189.707 288.484
206.996 282.13
2
206.221 308.909
0 0 0.597398 0.801945
3
221.614 328.258
203.964 333.53
190.829 289.56
208.479 284.288
2
206.049 310.968
0 0 0.621929 0.783074
3
220.214 331.231
202.273 335.402
191.883 290.704
209.824 286.533
2
205.749 313.011
0 0 0.645864 0.763452
3
218.634 334.113
200.469 337.165
192.864 291.91
211.029 288.857
2
205.323 315.033
0 0 0.669181 0.7431
3
216.878 336.891
198.559 338.814
193.768 293.175
212.087 291.252
2
204.773 317.024
0 0 0.691856 0.722035
3
214.954 339.555
196.551 340.341
194.592 294.493
212.996 293.707
2
204.101 318.977
0 0 0.713869 0.700279
3
212.868 342.095
194.452 341.741
195.334 295.86
213.75 296.214
2
204.819 320.914
0 0 0.691856 0.722035
3
214.999 343.445
196.596 344.231
194.638 298.383
213.041 297.597
2
205.655 322.803
0 0 0.669181 0.7431
3
217.21 344.661
198.891 346.584
194.1 300.945
212.419 299.022
2
205.105 324.795
0 0 0.691856 0.722035
3
215.286 347.326
196.882 348.112
194.924 302.263
213.328 301.477
2
204.433 326.748
0 0 0.713869 0.700279
3
213.2 349.866
194.784 349.512
195.666 303.63
214.082 303.984
2
205.151 328.685
0 0 0.691856 0.722035
3
215.331 351.216
196.928 352.002
194.97 306.154
213.373 305.368
2
205.987 330.574
0 0 0.669181 0.7431
3
217.542 352.432
199.222 354.355
194.432 308.716
212.751 306.793
2
205.437 332.565
0 0 0.691856 0.722035
3
215.618 355.096
197.214 355.882
195.256 310.034
213.659 309.248
2
204.765 334.518
0 0 0.713869 0.700279
3
213.532 357.636
195.116 357.282
195.997 311.401
214.414 311.755
2
203.973 336.426
0 0 0.735198 0.677853
3
211.294 360.042
192.934 358.55
196.653 312.811
215.012 314.303
2
203.065 338.282
0 0 0.755823 0.654776
3
208.911 362.305
190.679 359.68
197.22 314.258
215.452 316.884
2
202.044 340.078
0 0 0.775723 0.631073
3
206.392 364.417
188.357 360.668
197.696 315.738
215.73 319.487
2
200.914 341.807
0 0 0.794881 0.606765
3
203.748 366.368
185.98 361.511
198.079 317.245
215.848 322.102
2
199.678 343.462
0 0 0.813277 0.581876
3
200.988 368.152
183.554 362.205
198.369 318.773
215.803 324.719
2
199.048 345.312
0 0 0.813277 0.581876
3
200.357 370.001
182.923 364.055
197.738 320.622
215.172 326.569
2
197.713 346.888
0 0 0.830895 0.55643
3
197.492 371.611
180.46 364.597
197.933 322.164
214.966 329.178
2
198.069 350.363
0 0 0.80049 0.599346
3
200.445 374.973
182.771 369.787
195.692 325.753
213.367 330.94
2
198.788 353.782
0 0 0.767871 0.640604
3
203.735 378.007
185.614 374.705
193.84 329.558
211.961 332.86
2
199.862 357.107
0 0 0.733128 0.680091
3
207.326 380.678
188.958 379.297
192.397 333.536
210.765 334.917
2
201.279 360.3
0 0 0.696357 0.717696
3
211.177 382.957
192.765 383.513
191.381 337.644
209.792 337.088
2
203.024 363.327
0 0 0.65766 0.753315
3
215.246 384.819
196.995 387.305
190.801 341.835
209.052 339.349
2
205.076 366.154
0 0 0.617143 0.786851
3
219.488 386.244
201.599 390.633
190.665 346.065
208.554 341.676
2
207.415 368.75
0 0 0.574919 0.81821
3
223.857 387.215
206.527 393.458
190.973 350.285
208.303 344.042
2
210.013 371.086
0 0 0.531105 0.847306
3
228.303 387.723
211.724 395.751
191.723 354.449
208.301 346.421
2
212.842 373.136
0 0 0.485822 0.874058
3
232.778 387.76
217.134 397.485
192.906 358.512
208.55 348.787
2
215.871 374.878
0 0 0.439195 0.898392
3
237.232 387.328
222.696 398.641
194.509 362.428
209.045 351.114
2
219.065 376.292
0 0 0.391352 0.920241
3
241.616 386.43
228.348 399.207
196.515 366.154
209.782 353.376
2
222.391 377.363
0 0 0.342428 0.939544
3
245.881 385.076
234.029 399.177
198.901 369.649
210.753 355.548
2
225.811 378.078
0 0 0.292556 0.956248
3
249.981 383.283
239.675 398.55
201.64 372.874
211.946 357.607
2
229.287 378.431
0 0 0.241875 0.970308
3
253.87 381.068
245.224 397.333
204.703 375.793
213.349 359.528
2
231.671 380.633
0 0 0.269059 0.963124
3
256.067 384.648
246.52 400.401
207.275 376.617
216.821 360.864
2
233.447 383.641
0 0 0.319325 0.947645
3
257.287 390.196
246.138 404.86
209.607 377.086
220.755 362.423
2
234.897 386.82
0 0 0.368708 0.929545
3
257.917 395.842
245.29 409.254
211.878 377.798
224.504 364.386
2
236.006 390.133
0 0 0.417071 0.908874
3
257.95 401.523
243.986 413.534
214.061 378.744
228.025 366.732
2
236.76 393.544
0 0 0.46428 0.885689
3
257.388 407.175
242.239 417.654
216.132 379.914
231.281 369.435
2
237.152 397.016
0 0 0.510204 0.860053
3
256.234 412.738
240.069 421.568
218.07 381.295
234.235 372.464
2
237.177 400.51
0 0 0.554718 0.832039
3
254.503 418.148
237.5 425.232
219.852 382.871
236.855 375.787
2
236.836 403.987
0 0 0.597696 0.801723
3
252.214 423.347
234.56 428.606
221.458 384.627
239.111 379.367
2
236.131 407.409
0 0 0.639022 0.769189
3
249.391 428.277
231.283 431.653
222.871 386.541
240.979 383.164
2
235.07 410.738
0 0 0.678579 0.734527
3
246.066 432.883
227.703 434.339
224.075 388.593
242.438 387.136
2
233.666 413.937
0 0 0.71626 0.697833
3
242.275 437.114
223.862 436.634
225.057 390.76
243.471 391.24
2
231.934 416.971
0 0 0.751959 0.659209
3
238.062 440.924
219.8 438.513
225.807 393.018
244.068 395.429
2
229.893 419.806
0 0 0.785578 0.618762
3
233.471 444.27
215.564 439.955
226.314 395.342
244.222 399.657
2
227.565 422.412
0 0 0.817025 0.576603
3
228.555 447.116
211.2 440.945
226.575 397.707
243.931 403.879
2
224.977 424.758
0 0 0.84621 0.532849
3
223.367 449.43
206.756 441.47
226.587 400.086
243.198 408.046
2
222.156 426.82
0 0 0.873056 0.487621
3
217.964 451.187
202.281 441.526
226.348 402.454
242.032 412.114
2
219.135 428.574
0 0 0.897486 0.441044
3
212.408 452.366
197.825 441.112
225.862 404.783
240.445 416.037
2
215.946 430.001
0 0 0.919433 0.393247
3
206.757 452.955
193.437 440.232
225.134 407.048
238.454 419.771
2
212.625 431.086
0 0 0.938837 0.344362
3
201.077 452.948
189.166 438.897
224.173 409.224
236.083 423.275
2
209.208 431.816
0 0 0.955644 0.294524
3
195.428 452.344
185.059 437.12
222.988 411.287
233.357 426.512
2
205.734 432.183
0 0 0.969807 0.243872
3
189.874 451.15
181.161 434.921
221.593 413.215
230.306 429.444
2
202.24 432.183
0 0 0.981288 0.192545
3
184.476 449.38
177.516 432.326
220.003 414.985
226.964 432.039
2
198.765 431.816
0 0 0.990054 0.140686
3
179.294 447.053
174.163 429.362
218.236 416.578
223.368 434.269
2
195.349 431.086
0 0 0.996082 0.0884372
3
174.385 444.195
171.14 426.063
216.312 417.978
219.557 436.11
2
192.027 430.002
0 0 0.999354 0.0359441
3
169.803 440.836
168.48 422.464
214.252 419.167
215.575 437.539
2
188.839 428.575
0 0 0.999861 -0.0166486
3
165.6 437.016
166.213 418.606
212.077 420.134
211.464 438.543
2
185.817 426.82
0 0 0.997603 -0.0691954
3
161.82 432.774
164.363 414.531
209.814 420.866
207.271 439.11
2
182.996 424.759
0 0 0.992585 -0.121551
3
158.507 428.16
162.952 410.284
207.486 421.357
203.041 439.233
2
180.408 422.412
0 0 0.984822 -0.17357
3
155.697 423.223
161.994 405.913
205.119 421.601
198.822 438.911
2
178.08 419.807
0 0 0.974334 -0.225108
3
153.421 418.018
161.501 401.465
202.74 421.595
194.66 438.148
2
176.039 416.971
0 0 0.961151 -0.276024
3
151.703 412.603
161.477 396.99
200.374 421.339
190.601 436.953
2
174.307 413.937
0 0 0.945309 -0.326177
3
150.564 407.038
161.924 392.537
198.049 420.837
186.69 435.337
2
172.903 410.738
0 0 0.926852 -0.375427
3
150.016 401.384
162.835 388.156
195.789 420.093
182.97 433.32
2
171.842 407.409
0 0 0.905831 -0.423639
3
150.065 395.703
164.202 383.895
193.62 419.115
179.483 430.923
2
171.137 403.987
0 0 0.882305 -0.470679
3
150.709 390.059
166.008 379.801
191.565 417.915
176.266 428.174
2
170.796 400.51
0 0 0.856337 -0.516417
3
151.943 384.514
168.235 375.919
189.648 416.506
173.356 425.102
2
170.821 397.017
0 0 0.828001 -0.560726
3
153.752 379.129
170.856 372.292
187.889 414.904
170.785 421.741
2
171.213 393.545
0 0 0.797375 -0.603484
3
156.117 373.964
173.844 368.961
186.309 413.126
168.581 418.129
2
171.967 390.134
0 0 0.764543 -0.644573
3
159.011 369.076
177.166 365.962
184.923 411.191
166.769 414.305
2
173.076 386.82
0 0 0.729596 -0.683879
3
162.402 364.519
180.784 363.328
183.749 409.122
165.368 410.313
2
174.526 383.642
0 0 0.69263 -0.721293
3
166.253 360.342
184.658 361.089
182.798 406.941
164.393 406.195
2
176.302 380.633
0 0 0.653749 -0.756712
3
170.522 356.594
188.746 359.269
182.082 404.672
163.857 401.997
2
178.384 377.828
0 0 0.613059 -0.790037
3
175.16 353.314
193.003 357.888
181.608 402.341
163.765 397.767
2
180.749 375.256
0 0 0.570673 -0.821177
3
180.117 350.54
197.381 356.962
181.381 399.973
164.117 393.55
2
183.371 372.947
0 0 0.526709 -0.850046
3
185.338 348.301
201.832 356.501
181.404 397.593
164.91 389.394
2
186.221 370.927
0 0 0.481288 -0.876563
3
190.765 346.623
206.307 356.51
181.677 395.23
166.135 385.343
2
189.268 369.216
0 0 0.434535 -0.900655
3
196.339 345.525
210.757 356.989
182.197 392.908
167.779 381.444
2
192.477 367.835
0 0 0.386581 -0.922256
3
201.997 345.017
215.131 357.932
182.957 390.654
169.823 377.739
2
195.814 366.799
0 0 0.337557 -0.941305
3
207.677 345.107
219.382 359.329
183.95 388.492
172.245 374.269
2
199.24 366.119
0 0 0.287599 -0.957751
3
213.316 345.792
223.463 361.165
185.165 386.446
175.017 371.073
2
202.72 365.802
0 0 0.236845 -0.971547
3
218.852 347.066
227.329 363.42
186.588 384.539
178.11 368.185
2
206.213 365.853
0 0 0.185437 -0.982656
3
224.224 348.914
230.937 366.068
188.203 382.792
181.49 365.639
2
209.682 366.27
0 0 0.133515 -0.991047
3
229.372 351.316
234.246 369.08
189.992 381.224
185.118 363.461
2
213.088 367.049
0 0 0.0812244 -0.996696
3
234.239 354.246
237.221 372.423
191.937 379.853
188.954 361.676
2
213.088 367.049
0 0 0.0812244 -0.996696
3
234.239 354.246
237.221 372.423
191.937 379.853
188.954 361.676
2
211.181 367.351
0 0 0.0820661 -0.996627
3
232.311 354.512
235.324 372.684
190.052 380.191
187.039 362.019
2
209.275 367.653
0 0 0.0829077 -0.996557
3
230.383 354.778
233.426 372.945
188.167 380.528
185.123 362.362
2
207.368 367.956
0 0 0.0837492 -0.996487
3
228.454 355.045
231.529 373.207
186.283 380.866
183.208 362.704
2
205.462 368.258
0 0 0.0845907 -0.996416
3
226.526 355.311
229.631 373.468
184.398 381.204
181.293 363.047
