0
80 80
0
81 81
0
82 82
0
83 83
0
84 84
0
85 85
0
86 86
0
87 87
0
88 88
0
89 89
0
90 90
0
91 91
0
92 92
0
93 93
0
94 94
0
95 95
0
96 96
0
97 97
0
98 98
0
99 99
0
100 100
0
101 101
0
102 102
0
103 103
0
103 104
0
103 105
0
103 106
0
103 107
0
103 108
0
103 109
0
103 110
0
103 111
0
103 112
0
103 113
0
103 114
0
103 115
0
103 116
0
103 117
0
103 118
0
103 119
0
103 120
0
103 121
0
103 122
0
103 123
0
103 124
0
103 125
0
103 126
0
103 127
0
103 128
0
103 129
0
103 130
0
103 131
0
103 132
0
103 133
0
104 134
0
105 135
0
106 136
0
107 137
0
108 138
0
108 139
0
109 140
0
110 141
0
111 142
0
112 143
0
113 144
0
114 145
0
115 146
0
116 147
0
117 148
0
118 149
0
119 150
0
120 151
0
121 152
0
122 153
0
123 154
0
124 155
0
125 156
0
125 157
0
126 158
0
127 159
0
128 160
0
129 161
0
130 162
0
131 163
0
132 164
0
133 165
0
134 166
0
134 167
0
135 168
0
136 169
0
137 170
0
137 171
0
138 172
0
138 173
0
138 174
0
138 175
0
139 176
0
138 177
0
138 178
0
138 179
0
138 180
0
137 181
0
137 182
0
136 183
0
136 184
0
135 185
0
134 186
0
133 187
0
132 188
0
131 189
0
130 190
0
129 191
0
128 192
0
127 193
0
126 194
0
125 195
0
124 196
0
123 197
0
122 198
0
121 199
0
120 200
0
119 201
0
118 202
0
117 203
0
116 204
0
116 205
0
115 206
0
115 207
0
114 208
0
114 209
0
113 210
0
113 211
0
113 212
0
112 213
1
80 80 0.986529
1
81.0777 81.6297 0.986529
1
82.1553 83.2593 0.986529
1
83.233 84.889 0.986529
1
84.3107 86.5186 0.986529
1
85.3883 88.1483 0.986529
1
86.466 89.7779 0.986529
1
87.5437 91.4076 0.986529
1
88.6213 93.0372 0.986529
1
89.699 94.6669 0.986529
1
90.7767 96.2965 0.986529
1
91.8543 97.9262 0.986529
1
92.932 99.5558 0.986529
1
94.0097 101.186 0.986529
1
95.0873 102.815 0.986529
1
96.165 104.445 0.986529
1
97.2427 106.074 0.986529
1
98.3203 107.704 0.986529
1
99.398 109.334 0.986529
1
100.476 110.963 0.986529
1
101.553 112.593 0.986529
1
102.631 114.223 0.986529
1
103.709 115.852 0.986529
1
104.786 117.482 0.986529
1
105.864 119.112 0.986529
1
106.942 120.741 0.986529
1
108.019 122.371 0.986529
1
109.097 124.001 0.986529
1
110.175 125.63 0.986529
1
111.252 127.26 0.986529
1
112.33 128.89 0.986529
1
113.408 130.519 0.986529
1
114.485 132.149 0.986529
1
115.563 133.779 0.986529
1
116.641 135.408 0.986529
1
117.718 137.038 0.986529
1
118.796 138.668 0.986529
1
119.874 140.297 0.986529
1
120.951 141.927 0.986529
1
122.029 143.557 0.986529
1
123.107 145.186 0.986529
1
124.184 146.816 0.986529
1
125.262 148.445 0.986529
1
126.34 150.075 0.986529
1
127.314 151.768 0.924627
1
128.392 153.398 0.862725
1
129.569 154.958 0.800823
1
131.013 156.274 0.862725
1
132.373 157.676 0.924627
1
133.45 159.306 0.862725
1
134.627 160.866 0.800823
1
135.898 162.35 0.738921
1
137.258 163.753 0.677018
1
138.702 165.068 0.615116
1
140.225 166.292 0.553214
1
141.82 167.42 0.491312
1
143.483 168.446 0.42941
1
145.205 169.368 0.367508
1
146.982 170.182 0.305606
1
148.805 170.883 0.243704
1
150.668 171.471 0.181802
1
152.564 171.943 0.1199
1
154.486 172.296 0.0579978
1
156.425 172.53 6.27928
1
158.376 172.643 6.21738
1
160.33 172.635 6.15548
1
162.279 172.507 6.09358
1
164.217 172.258 6.03167
1
162.298 172.626 5.96977
1
160.406 173.112 5.90787
1
158.547 173.715 5.84597
1
156.832 174.65 5.90787
1
154.973 175.252 5.84597
1
153.156 175.969 5.78406
1
151.386 176.796 5.72216
1
149.67 177.731 5.66026
1
148.016 178.77 5.59836
1
146.429 179.91 5.53646
1
144.916 181.146 5.47455
1
143.482 182.473 5.41265
1
142.133 183.886 5.35075
1
141.068 185.524 5.41265
1
139.904 187.093 5.47455
1
138.645 188.587 5.53646
1
137.296 190.001 5.59836
1
135.709 191.14 5.53646
1
134.275 192.468 5.53646
1
132.841 193.795 5.53646
1
131.407 195.122 5.53646
1
129.974 196.449 5.53646
1
128.54 197.776 5.53646
1
127.106 199.103 5.53646
1
125.672 200.43 5.53646
1
124.238 201.757 5.53646
1
122.804 203.084 5.53646
1
121.37 204.411 5.53646
1
119.857 205.647 5.47455
1
118.508 207.06 5.47455
1
117.159 208.473 5.47455
1
115.81 209.887 5.47455
1
114.551 211.381 5.53646
2
87.8077 91.8069
0 0 0.473504 0.880792
3
108.146 105.866
92.7817 116.026
67.4693 77.7482
82.8337 67.588
2
88.8854 93.4366
0 0 0.473504 0.880792
3
109.224 107.495
93.8594 117.655
68.547 79.3779
83.9114 69.2176
2
89.9631 95.0662
0 0 0.473504 0.880792
3
110.301 109.125
94.9371 119.285
69.6247 81.0076
84.9891 70.8473
2
91.0407 96.6959
0 0 0.473504 0.880792
3
111.379 110.755
96.0147 120.915
70.7023 82.6372
86.0667 72.4769
2
92.1184 98.3255
0 0 0.473504 0.880792
3
112.457 112.384
97.0924 122.544
71.78 84.2669
87.1444 74.1066
2
93.1961 99.9552
0 0 0.473504 0.880792
3
113.534 114.014
98.1701 124.174
72.8577 85.8965
88.2221 75.7363
2
94.2737 101.585
0 0 0.473504 0.880792
3
114.612 115.644
99.2477 125.804
73.9353 87.5262
89.2998 77.3659
2
95.3514 103.214
0 0 0.473504 0.880792
3
115.69 117.273
100.325 127.433
75.013 89.1558
90.3774 78.9956
2
96.4291 104.844
0 0 0.473504 0.880792
3
116.767 118.903
101.403 129.063
76.0907 90.7855
91.4551 80.6252
2
97.5067 106.474
0 0 0.473504 0.880792
3
117.845 120.532
102.481 130.693
77.1683 92.4151
92.5328 82.2549
2
98.5844 108.103
0 0 0.473504 0.880792
3
118.923 122.162
103.558 132.322
78.246 94.0448
93.6104 83.8845
2
99.6621 109.733
0 0 0.473504 0.880792
3
120 123.792
104.636 133.952
79.3237 95.6744
94.6881 85.5142
2
100.74 111.363
0 0 0.473504 0.880792
3
121.078 125.421
105.714 135.582
80.4013 97.3041
95.7658 87.1438
2
101.817 112.992
0 0 0.473504 0.880792
3
122.156 127.051
106.791 137.211
81.479 98.9338
96.8434 88.7735
2
102.895 114.622
0 0 0.473504 0.880792
3
123.233 128.681
107.869 138.841
82.5567 100.563
97.9211 90.4031
2
103.973 116.252
0 0 0.473504 0.880792
3
124.311 130.31
108.947 140.471
83.6343 102.193
98.9988 92.0328
2
105.05 117.881
0 0 0.473504 0.880792
3
125.389 131.94
110.024 142.1
84.712 103.823
100.076 93.6624
2
106.128 119.511
0 0 0.473504 0.880792
3
126.466 133.57
111.102 143.73
85.7897 105.452
101.154 95.2921
2
107.206 121.141
0 0 0.473504 0.880792
3
127.544 135.199
112.18 145.36
86.8673 107.082
102.232 96.9218
2
108.283 122.77
0 0 0.473504 0.880792
3
128.622 136.829
113.257 146.989
87.945 108.712
103.309 98.5514
2
109.361 124.4
0 0 0.473504 0.880792
3
129.699 138.459
114.335 148.619
89.0227 110.341
104.387 100.181
2
110.439 126.03
0 0 0.473504 0.880792
3
130.777 140.088
115.413 150.249
90.1003 111.971
105.465 101.811
2
111.516 127.659
0 0 0.473504 0.880792
3
131.855 141.718
116.49 151.878
91.178 113.601
106.542 103.44
2
112.594 129.289
0 0 0.473504 0.880792
3
132.932 143.348
117.568 153.508
92.2557 115.23
107.62 105.07
2
113.672 130.919
0 0 0.473504 0.880792
3
134.01 144.977
118.646 155.138
93.3333 116.86
108.698 106.7
2
114.749 132.548
0 0 0.473504 0.880792
3
135.088 146.607
119.723 156.767
94.411 118.49
109.775 108.329
2
115.827 134.178
0 0 0.473504 0.880792
3
136.165 148.237
120.801 158.397
95.4887 120.119
110.853 109.959
2
116.905 135.808
0 0 0.473504 0.880792
3
137.243 149.866
121.879 160.027
96.5663 121.749
111.931 111.589
2
117.982 137.437
0 0 0.473504 0.880792
3
138.321 151.496
122.956 161.656
97.644 123.379
113.008 113.218
2
119.06 139.067
0 0 0.473504 0.880792
3
139.398 153.126
124.034 163.286
98.7217 125.008
114.086 114.848
2
120.138 140.697
0 0 0.473504 0.880792
3
140.476 154.755
125.112 164.915
99.7993 126.638
115.164 116.478
2
121.215 142.326
0 0 0.473504 0.880792
3
141.554 156.385
126.189 166.545
100.877 128.268
116.241 118.107
2
122.293 143.956
0 0 0.473504 0.880792
3
142.632 158.015
127.267 168.175
101.955 129.897
117.319 119.737
2
123.371 145.585
0 0 0.473504 0.880792
3
143.709 159.644
128.345 169.804
103.032 131.527
118.397 121.367
2
124.448 147.215
0 0 0.473504 0.880792
3
144.787 161.274
129.422 171.434
104.11 133.156
119.474 122.996
2
125.526 148.845
0 0 0.473504 0.880792
3
145.865 162.903
130.5 173.064
105.188 134.786
120.552 124.626
2
126.604 150.474
0 0 0.473504 0.880792
3
146.942 164.533
131.578 174.693
106.265 136.416
121.63 126.256
2
127.681 152.104
0 0 0.473504 0.880792
3
148.02 166.163
132.655 176.323
107.343 138.045
122.707 127.885
2
128.759 153.734
0 0 0.473504 0.880792
3
149.098 167.792
133.733 177.953
108.421 139.675
123.785 129.515
2
129.837 155.363
0 0 0.473504 0.880792
3
150.175 169.422
134.811 179.582
109.498 141.305
124.863 131.144
2
130.914 156.993
0 0 0.473504 0.880792
3
151.253 171.052
135.888 181.212
110.576 142.934
125.94 132.774
2
131.992 158.623
0 0 0.473504 0.880792
3
152.331 172.681
136.966 182.842
111.654 144.564
127.018 134.404
2
133.07 160.252
0 0 0.473504 0.880792
3
153.408 174.311
138.044 184.471
112.731 146.194
128.096 136.033
2
134.147 161.882
0 0 0.473504 0.880792
3
154.486 175.941
139.121 186.101
113.809 147.823
129.173 137.663
2
135.838 163.07
0 0 0.44602 0.895023
3
157.007 175.843
142.3 186.934
114.669 150.296
129.375 139.205
2
137.598 164.15
0 0 0.418109 0.908397
3
159.517 175.59
145.525 187.57
115.679 152.711
129.671 140.731
2
139.422 165.12
0 0 0.389797 0.920901
3
162.007 175.182
148.782 188.004
116.838 155.058
130.062 142.236
2
140.219 167.026
0 0 0.418109 0.908397
3
162.138 178.466
148.145 190.445
118.3 155.587
132.292 143.607
2
140.896 168.978
0 0 0.44602 0.895023
3
162.065 181.751
147.359 192.842
119.727 156.204
134.433 145.113
2
142.656 170.058
0 0 0.418109 0.908397
3
164.575 181.498
150.583 193.478
120.738 158.619
134.73 146.639
2
144.48 171.028
0 0 0.389797 0.920901
3
167.065 181.09
153.841 193.912
121.896 160.966
135.12 148.144
2
146.361 171.883
0 0 0.361112 0.932522
3
169.525 180.528
157.119 194.144
123.197 163.238
135.603 149.622
2
148.291 172.62
0 0 0.332081 0.943251
3
171.945 179.816
160.405 194.173
124.636 165.425
136.176 151.067
2
150.262 173.237
0 0 0.302732 0.953076
3
174.316 178.955
163.687 193.999
126.208 167.518
136.838 152.474
2
152.268 173.73
0 0 0.273093 0.961988
3
176.63 177.949
166.952 193.622
127.907 169.51
137.585 153.838
2
154.301 174.098
0 0 0.243193 0.969978
3
178.877 176.802
170.187 193.044
129.725 171.393
138.415 155.152
2
156.353 174.34
0 0 0.213059 0.977039
3
181.049 175.519
173.38 192.266
131.656 173.161
139.325 156.413
2
158.415 174.454
0 0 0.182722 0.983165
3
183.137 174.103
176.519 191.293
133.693 174.805
140.311 157.615
2
160.481 174.44
0 0 0.152209 0.988348
3
185.134 172.561
179.592 190.127
135.828 176.32
141.37 158.754
2
162.542 174.299
0 0 0.121551 0.992585
3
187.031 170.898
182.586 188.774
138.052 177.7
142.497 159.825
2
164.59 174.031
0 0 0.0907758 0.995871
3
188.822 169.121
185.492 187.237
140.358 178.94
143.688 160.824
2
166.618 173.636
0 0 0.059914 0.998204
3
190.499 167.237
188.296 185.524
142.736 180.035
144.939 161.747
2
168.617 173.116
0 0 0.0289948 0.99958
3
192.057 165.252
190.989 183.641
145.177 180.981
146.244 162.592
2
170.58 172.474
0 0 0.00195208 -0.999998
3
193.489 163.175
193.561 181.595
147.671 181.774
147.6 163.354
2
172.5 171.712
0 0 0.0328972 -0.999459
3
194.79 161.013
196.001 179.393
150.211 182.411
148.999 164.031
2
174.369 170.833
0 0 0.0638107 -0.997962
3
195.955 158.775
198.301 177.045
152.784 182.89
150.438 164.62
2
176.18 169.839
0 0 0.0946632 -0.995509
3
196.978 156.469
200.45 174.559
155.383 183.208
151.911 165.119
2
177.927 168.735
0 0 0.125425 -0.992103
3
197.858 154.105
202.442 171.945
157.996 183.366
153.411 165.525
2
175.764 168.262
0 0 0.156067 -0.987747
3
194.751 152.427
200.431 169.949
156.776 184.098
151.097 166.575
2
173.576 167.924
0 0 0.186559 -0.982444
3
191.547 150.944
198.3 168.082
155.604 184.903
148.852 167.766
2
171.371 167.721
0 0 0.216872 -0.9762
3
188.258 149.662
196.057 166.35
154.484 185.78
146.685 169.093
2
170.002 169.461
0 0 0.186559 -0.982444
3
187.973 152.481
194.726 169.619
152.03 186.441
145.278 169.303
2
167.797 169.259
0 0 0.216872 -0.9762
3
184.684 151.2
192.483 167.887
150.91 187.318
143.111 170.631
2
165.584 169.193
0 0 0.246978 -0.969021
3
181.321 150.124
190.138 166.297
149.846 188.262
141.03 172.089
2
163.371 169.265
0 0 0.276847 -0.960914
3
177.899 149.258
187.699 164.855
148.843 189.271
139.043 173.674
2
161.167 169.473
0 0 0.306451 -0.951886
3
174.429 148.606
185.175 163.566
147.905 190.339
137.158 175.379
2
158.98 169.817
0 0 0.335761 -0.941947
3
170.925 148.17
182.577 162.437
147.034 191.464
135.382 177.197
2
156.818 170.296
0 0 0.36475 -0.931105
3
167.402 147.951
179.913 161.47
146.234 192.64
133.722 179.121
2
154.69 170.907
0 0 0.393389 -0.919372
3
163.871 147.951
177.195 160.67
145.509 193.864
132.185 181.145
2
152.604 171.649
0 0 0.421652 -0.906758
3
160.347 148.169
174.433 160.039
144.86 195.13
130.775 183.26
2
150.568 172.519
0 0 0.449511 -0.893275
3
156.844 148.604
171.637 159.58
144.292 196.433
129.499 185.457
2
150.19 174.7
0 0 0.421652 -0.906758
3
157.934 151.22
172.019 163.09
142.446 198.181
128.361 186.311
2
149.678 176.855
0 0 0.393389 -0.919372
3
158.859 153.898
172.183 166.617
140.497 199.811
127.173 187.092
2
149.034 178.973
0 0 0.36475 -0.931105
3
159.617 156.628
172.129 170.147
138.45 201.317
125.938 187.799
2
148.259 181.047
0 0 0.335761 -0.941947
3
160.205 159.4
171.857 173.667
136.314 202.694
124.662 188.427
2
146.098 181.526
0 0 0.36475 -0.931105
3
156.682 159.181
169.193 172.7
135.514 203.87
123.002 190.352
2
144.664 182.853
0 0 0.36475 -0.931105
3
155.248 160.508
167.759 174.027
134.08 205.197
121.568 191.679
2
143.23 184.18
0 0 0.36475 -0.931105
3
153.814 161.835
166.325 175.354
132.646 206.525
120.134 193.006
2
141.796 185.507
0 0 0.36475 -0.931105
3
152.38 163.162
164.892 176.681
131.212 207.852
118.701 194.333
2
140.362 186.834
0 0 0.36475 -0.931105
3
150.946 164.49
163.458 178.008
129.778 209.179
117.267 195.66
2
138.928 188.161
0 0 0.36475 -0.931105
3
149.512 165.817
162.024 179.335
128.344 210.506
115.833 196.987
2
137.494 189.488
0 0 0.36475 -0.931105
3
148.078 167.144
160.59 180.662
126.911 211.833
114.399 198.314
2
136.061 190.815
0 0 0.36475 -0.931105
3
146.644 168.471
159.156 181.989
125.477 213.16
112.965 199.641
2
134.627 192.142
0 0 0.36475 -0.931105
3
145.21 169.798
157.722 183.317
124.043 214.487
111.531 200.968
2
133.193 193.469
0 0 0.36475 -0.931105
3
143.777 171.125
156.288 184.644
122.609 215.814
110.097 202.295
2
131.759 194.797
0 0 0.36475 -0.931105
3
142.343 172.452
154.854 185.971
121.175 217.141
108.663 203.622
2
129.631 195.408
0 0 0.393389 -0.919372
3
138.812 172.452
152.136 185.17
120.45 218.365
107.126 205.646
2
128.282 196.821
0 0 0.393389 -0.919372
3
137.463 173.865
150.787 186.584
119.101 219.778
105.777 207.059
2
126.933 198.235
0 0 0.393389 -0.919372
3
136.114 175.278
149.438 187.997
117.752 221.191
104.428 208.472
2
125.584 199.648
0 0 0.393389 -0.919372
3
134.765 176.691
148.089 189.41
116.403 222.604
103.079 209.885
2
124.939 201.766
0 0 0.36475 -0.931105
3
135.523 179.421
148.035 192.94
114.356 224.111
101.844 210.592
