0
80 80
0
81 81
0
82 82
0
83 83
0
84 83
0
85 83
0
86 83
0
87 84
0
88 85
0
89 86
0
90 87
0
91 88
0
92 88
0
93 88
0
94 89
0
95 90
0
96 91
0
97 92
0
98 93
0
99 94
0
100 95
0
101 96
0
102 97
0
103 97
0
104 97
0
105 98
0
106 98
0
107 99
0
108 100
0
109 101
0
110 102
0
111 103
0
111 104
0
111 105
0
112 106
0
112 107
0
112 108
0
112 109
0
112 110
0
112 111
0
112 112
0
112 113
0
112 114
0
112 115
0
112 116
0
112 117
0
112 118
0
112 119
0
112 120
0
112 121
0
112 122
0
112 123
0
112 124
0
113 125
0
114 126
0
114 127
0
114 128
0
114 129
0
114 130
0
114 131
0
114 132
0
114 133
0
114 134
0
114 135
0
114 136
0
114 137
0
114 138
0
114 139
0
114 140
0
114 141
0
114 142
0
114 143
0
114 144
0
114 145
0
114 146
0
114 147
0
114 148
0
114 149
0
114 150
0
114 151
0
114 152
0
114 153
0
114 154
0
114 155
0
114 156
0
114 157
0
114 158
0
114 159
0
114 160
0
114 161
0
114 162
0
114 163
0
114 164
0
114 165
0
114 166
0
114 167
0
115 168
0
115 169
0
115 170
0
115 171
0
115 172
0
115 173
0
115 174
0
115 175
0
115 176
0
115 177
0
115 178
0
115 179
0
115 180
0
115 181
0
115 182
0
115 183
0
115 184
0
115 185
0
115 186
0
115 187
0
115 188
0
116 189
0
116 190
0
116 191
0
116 192
0
116 193
0
116 194
0
116 195
0
116 196
0
116 197
0
116 198
0
116 199
0
116 200
0
116 201
0
116 202
0
116 203
0
116 204
0
116 205
0
116 206
0
116 207
0
116 208
0
116 209
0
116 210
0
116 211
0
116 212
0
116 213
0
116 214
0
116 215
0
116 216
0
116 217
0
116 218
0
116 219
0
116 220
0
116 221
0
116 222
0
116 223
0
116 224
0
116 225
0
116 226
0
117 227
0
117 228
0
118 229
0
118 230
0
118 231
0
119 232
0
119 233
0
120 234
0
120 235
0
121 236
0
121 237
0
122 238
0
122 239
0
123 240
0
123 241
0
123 242
0
124 243
0
124 244
0
125 245
0
125 246
0
126 247
0
126 248
0
127 249
0
127 250
0
128 251
0
128 252
0
128 253
0
129 254
0
129 255
0
130 256
0
130 257
0
131 258
0
131 259
0
132 260
0
132 261
0
133 262
0
133 263
0
133 264
0
134 265
0
134 266
0
135 267
0
135 268
0
136 269
0
136 270
0
137 271
0
137 272
0
138 273
0
138 274
0
138 275
0
139 276
0
139 277
0
140 278
0
140 279
0
141 280
0
141 281
0
142 282
0
142 283
0
143 284
0
143 285
0
144 286
0
144 287
0
144 288
0
145 289
0
145 290
0
146 291
0
146 292
0
147 293
0
147 294
0
148 295
0
148 296
0
149 297
0
149 298
0
149 299
0
150 300
0
150 301
0
151 302
0
151 303
0
152 304
0
152 305
0
153 306
0
153 307
0
154 308
0
154 309
0
154 310
0
155 311
0
155 312
0
156 313
0
156 314
0
157 315
0
157 316
0
158 317
0
158 318
0
159 319
0
159 320
0
159 321
0
160 322
0
160 323
0
161 324
0
161 325
0
162 326
0
162 327
0
163 328
0
163 329
0
164 330
0
164 331
0
164 332
0
165 333
0
165 334
0
166 335
0
166 336
0
167 337
0
167 338
0
168 339
0
168 340
0
169 341
0
169 342
0
169 343
0
170 344
0
170 345
0
171 346
0
171 347
0
172 348
0
172 349
0
173 350
0
173 351
0
174 352
0
174 353
0
174 354
0
175 355
0
175 356
0
176 357
0
176 358
0
177 359
0
177 360
0
178 361
0
178 362
0
178 363
0
179 364
1
80 80 3.38198
1
81.9227 80.3469 3.44388
1
83.8203 80.812 3.50578
1
85.6854 81.3937 3.56769
1
87.511 82.0896 3.62959
1
89.2901 82.8971 3.69149
1
91.0158 83.8131 3.75339
1
92.6815 84.8342 3.8153
1
94.2809 85.9563 3.8772
1
95.8078 87.1752 3.9391
1
97.2564 88.4862 4.001
1
98.4379 90.0422 3.9391
1
99.7135 91.5221 3.8772
1
101.078 92.9202 3.8153
1
102.527 94.2312 3.75339
1
104.054 95.4501 3.69149
1
105.779 96.3662 3.75339
1
107.445 97.3872 3.8153
1
109.044 98.5093 3.8772
1
110.571 99.7282 3.9391
1
112.02 101.039 4.001
1
113.385 102.437 4.0629
1
114.66 103.917 4.12481
1
115.842 105.473 4.18671
1
116.925 107.099 4.24861
1
117.905 108.789 4.31051
1
118.557 110.631 4.24861
1
119.321 112.429 4.18671
1
120.404 114.055 4.24861
1
121.384 115.745 4.31051
1
122.258 117.493 4.37241
1
123.023 119.291 4.43432
1
123.674 121.133 4.49622
1
124.21 123.011 4.55812
1
124.629 124.92 4.62002
1
124.81 126.865 4.62002
1
124.99 128.811 4.62002
1
125.17 130.756 4.62002
1
125.35 132.701 4.62002
1
125.53 134.647 4.62002
1
125.711 136.592 4.62002
1
125.891 138.538 4.62002
1
126.071 140.483 4.62002
1
126.251 142.428 4.62002
1
126.431 144.374 4.62002
1
126.612 146.319 4.62002
1
126.792 148.265 4.62002
1
126.972 150.21 4.62002
1
127.152 152.156 4.62002
1
127.332 154.101 4.62002
1
127.513 156.046 4.62002
1
127.693 157.992 4.62002
1
127.873 159.937 4.62002
1
127.933 161.89 4.55812
1
128.113 163.836 4.49622
1
128.532 165.744 4.49622
1
128.951 167.652 4.49622
1
129.37 169.56 4.49622
1
129.789 171.469 4.49622
1
130.208 173.377 4.49622
1
130.627 175.285 4.49622
1
131.046 177.193 4.49622
1
131.465 179.102 4.49622
1
131.884 181.01 4.49622
1
132.303 182.918 4.49622
1
132.723 184.827 4.49622
1
133.142 186.735 4.49622
1
133.561 188.643 4.49622
1
133.98 190.551 4.49622
1
134.399 192.46 4.49622
1
134.818 194.368 4.49622
1
135.237 196.276 4.49622
1
135.656 198.185 4.49622
1
136.075 200.093 4.49622
1
136.494 202.001 4.49622
1
136.913 203.909 4.49622
1
137.332 205.818 4.49622
1
137.751 207.726 4.49622
1
138.17 209.634 4.49622
1
138.59 211.542 4.49622
1
139.009 213.451 4.49622
1
139.428 215.359 4.49622
1
139.847 217.267 4.49622
1
140.266 219.176 4.49622
1
140.685 221.084 4.49622
1
141.104 222.992 4.49622
1
141.523 224.9 4.49622
1
141.942 226.809 4.49622
1
142.361 228.717 4.49622
1
142.78 230.625 4.49622
1
143.199 232.534 4.49622
1
143.618 234.442 4.49622
1
144.037 236.35 4.49622
1
144.456 238.258 4.49622
1
144.876 240.167 4.49622
1
145.295 242.075 4.49622
1
145.714 243.983 4.49622
1
146.133 245.892 4.49622
1
146.552 247.8 4.49622
1
146.971 249.708 4.49622
1
147.39 251.616 4.49622
1
147.809 253.525 4.49622
1
148.228 255.433 4.49622
1
148.647 257.341 4.49622
1
149.066 259.249 4.49622
1
149.485 261.158 4.49622
1
149.904 263.066 4.49622
1
150.323 264.974 4.49622
1
150.742 266.883 4.49622
1
151.043 268.813 4.43432
1
151.462 270.721 4.37241
1
151.998 272.6 4.31051
1
152.65 274.442 4.24861
1
153.414 276.24 4.18671
1
154.288 277.987 4.12481
1
155.268 279.677 4.0629
1
156.544 281.157 4.12481
1
157.725 282.713 4.18671
1
158.808 284.339 4.24861
1
159.789 286.029 4.31051
1
160.663 287.777 4.37241
1
161.427 289.575 4.43432
1
162.078 291.417 4.49622
1
162.379 293.347 4.43432
1
162.798 295.255 4.37241
1
163.334 297.134 4.31051
1
163.986 298.976 4.24861
1
164.75 300.774 4.18671
1
165.833 302.4 4.24861
1
166.813 304.09 4.31051
1
167.687 305.838 4.37241
1
168.451 307.636 4.43432
1
169.103 309.478 4.49622
1
169.639 311.356 4.55812
1
169.819 313.302 4.49622
1
170.12 315.232 4.43432
1
170.539 317.141 4.37241
1
171.075 319.019 4.31051
1
171.727 320.861 4.24861
1
172.491 322.659 4.18671
1
173.365 324.407 4.12481
1
174.546 325.963 4.18671
1
175.629 327.589 4.24861
1
176.61 329.279 4.31051
1
177.484 331.026 4.37241
1
178.248 332.824 4.43432
1
178.899 334.666 4.49622
1
179.436 336.545 4.55812
1
179.855 338.453 4.62002
1
180.035 340.399 4.62002
1
180.215 342.344 4.62002
1
180.395 344.289 4.62002
1
180.576 346.235 4.62002
1
180.876 348.165 4.68192
1
181.056 350.111 4.74383
1
181.116 352.064 4.80573
1
181.054 354.016 4.86763
1
180.872 355.962 4.92953
1
180.451 357.869 4.92953
1
180.03 359.777 4.92953
1
179.728 361.708 4.99143
1
179.307 363.615 5.05334
2
66.252 76.63
0 0 0.992785 -0.119905
3
41.7741 80.1124
46.1595 62.2221
90.73 73.1475
86.3445 91.0379
2
68.4095 76.1328
0 0 0.988599 -0.15057
3
43.763 78.0943
49.2468 60.5095
93.056 74.1713
87.5723 91.7561
2
70.5937 75.7701
0 0 0.983466 -0.181091
3
45.8731 76.2031
52.4342 58.9913
95.3143 75.337
88.7532 92.5489
2
72.7961 75.5431
0 0 0.977391 -0.211439
3
48.096 74.4461
55.7093 57.6731
97.4962 76.6402
89.8828 93.4132
2
75.0083 75.4529
0 0 0.97038 -0.241584
3
50.4234 72.8299
59.0598 56.56
99.5932 78.0759
90.9569 94.3458
2
77.2219 75.4997
0 0 0.962439 -0.271498
3
52.8463 71.3608
62.4726 55.6564
101.597 79.6385
91.9711 95.343
2
79.4283 75.6833
0 0 0.953576 -0.301152
3
55.3555 70.0445
65.9349 54.9656
103.501 81.3221
92.9217 96.401
2
81.6192 76.0031
0 0 0.9438 -0.330517
3
57.9413 68.8858
69.4332 54.4903
105.297 83.1203
93.8051 97.5159
2
83.786 76.4578
0 0 0.93312 -0.359566
3
60.5938 67.8894
72.9543 54.2323
106.978 85.0261
94.6178 98.6832
2
85.9206 77.0456
0 0 0.921546 -0.38827
3
63.3029 67.0589
76.4845 54.1927
108.538 87.0323
95.3567 99.8986
2
88.0148 77.7644
0 0 0.909089 -0.416602
3
66.0581 66.3977
80.0105 54.3715
109.971 89.1312
96.019 101.157
2
88.5508 79.9126
0 0 0.921546 -0.38827
3
65.933 69.9259
79.1147 57.0597
111.169 89.8993
97.9869 102.766
2
89.2186 82.0236
0 0 0.93312 -0.359566
3
66.0264 73.4552
78.3869 59.7981
112.411 90.5919
100.05 104.249
2
90.0158 84.0891
0 0 0.9438 -0.330517
3
66.3379 76.9719
77.8299 62.5763
113.694 91.2064
102.202 105.602
2
90.9392 86.1014
0 0 0.953576 -0.301152
3
66.8664 80.4626
77.4458 65.3837
115.012 91.7403
104.433 106.819
2
91.9854 88.0527
0 0 0.962439 -0.271498
3
67.6099 83.9139
77.2362 68.2094
116.361 92.1916
106.735 107.896
2
94.1918 88.2364
0 0 0.953576 -0.301152
3
70.119 82.5975
80.6984 67.5186
118.265 93.8752
107.685 108.954
2
96.3827 88.5561
0 0 0.9438 -0.330517
3
72.7048 81.4389
84.1967 67.0433
120.061 95.6734
108.569 110.069
2
98.5496 89.0108
0 0 0.93312 -0.359566
3
75.3573 80.4424
87.7178 66.7854
121.742 97.5792
109.381 111.236
2
100.684 89.5987
0 0 0.921546 -0.38827
3
78.0664 79.612
91.248 66.7457
123.302 99.5854
110.12 112.452
2
102.778 90.3175
0 0 0.909089 -0.416602
3
80.8216 78.9507
94.774 66.9246
124.735 101.684
110.783 113.71
2
104.824 91.1644
0 0 0.895761 -0.444535
3
83.6125 78.4611
98.2821 67.3212
126.035 103.868
111.366 115.008
2
106.813 92.1363
0 0 0.881576 -0.472043
3
86.4284 78.1452
101.759 67.934
127.198 106.127
111.868 116.339
2
108.739 93.2294
0 0 0.866546 -0.499098
3
89.2583 78.004
105.191 68.7608
128.219 108.455
112.286 117.698
2
110.593 94.4395
0 0 0.850685 -0.525675
3
92.0916 78.0382
108.566 69.7983
129.094 110.841
112.62 119.081
2
112.368 95.762
0 0 0.83401 -0.551749
3
94.9174 78.2476
111.87 71.0426
129.82 113.276
112.867 120.481
2
112.225 97.9714
0 0 0.850685 -0.525675
3
93.7235 81.5701
110.198 73.3302
130.726 114.373
114.252 122.613
2
112.218 100.185
0 0 0.866546 -0.499098
3
92.7375 84.9601
108.67 75.7169
131.698 115.411
115.765 124.654
2
114.072 101.396
0 0 0.850685 -0.525675
3
95.5708 84.9942
112.045 76.7544
132.573 117.797
116.099 126.037
2
115.848 102.718
0 0 0.83401 -0.551749
3
98.3966 85.2036
115.349 77.9987
133.299 120.233
116.346 127.437
2
117.538 104.148
0 0 0.816537 -0.577294
3
101.204 85.5874
118.57 79.445
133.872 122.708
116.507 128.851
2
119.137 105.68
0 0 0.79828 -0.602286
3
103.982 86.1441
121.695 81.0878
134.292 125.215
116.579 130.271
2
120.638 107.307
0 0 0.77926 -0.626701
3
106.721 86.8716
124.712 82.9207
134.555 127.743
116.564 131.694
2
122.035 109.025
0 0 0.759493 -0.650516
3
109.409 87.7672
127.61 84.9368
134.662 130.282
116.46 133.112
2
123.324 110.825
0 0 0.738998 -0.673708
3
112.037 88.8273
130.378 87.1283
134.611 132.823
116.269 134.522
2
123.504 112.77
0 0 0.738998 -0.673708
3
112.217 90.7727
130.558 89.0738
134.791 134.768
116.45 136.467
2
123.684 114.716
0 0 0.738998 -0.673708
3
112.397 92.7182
130.739 91.0192
134.971 136.714
116.63 138.413
2
123.864 116.661
0 0 0.738998 -0.673708
3
112.577 94.6636
130.919 92.9646
135.152 138.659
116.81 140.358
2
124.045 118.607
0 0 0.738998 -0.673708
3
112.758 96.609
131.099 94.91
135.332 140.604
116.99 142.303
2
124.225 120.552
0 0 0.738998 -0.673708
3
112.938 98.5544
131.279 96.8554
135.512 142.55
117.17 144.249
2
124.405 122.498
0 0 0.738998 -0.673708
3
113.118 100.5
131.459 98.8009
135.692 144.495
117.351 146.194
2
124.585 124.443
0 0 0.738998 -0.673708
3
113.298 102.445
131.64 100.746
135.872 146.441
117.531 148.14
2
124.765 126.388
0 0 0.738998 -0.673708
3
113.478 104.391
131.82 102.692
136.053 148.386
117.711 150.085
2
124.946 128.334
0 0 0.738998 -0.673708
3
113.659 106.336
132 104.637
136.233 150.332
117.891 152.03
2
125.126 130.279
0 0 0.738998 -0.673708
3
113.839 108.282
132.18 106.583
136.413 152.277
118.071 153.976
2
125.306 132.225
0 0 0.738998 -0.673708
3
114.019 110.227
132.36 108.528
136.593 154.222
118.252 155.921
2
125.486 134.17
0 0 0.738998 -0.673708
3
114.199 112.172
132.541 110.473
136.773 156.168
118.432 157.867
2
125.666 136.115
0 0 0.738998 -0.673708
3
114.379 114.118
132.721 112.419
136.954 158.113
118.612 159.812
2
125.847 138.061
0 0 0.738998 -0.673708
3
114.56 116.063
132.901 114.364
137.134 160.059
118.792 161.758
2
126.027 140.006
0 0 0.738998 -0.673708
3
114.74 118.009
133.081 116.31
137.314 162.004
118.973 163.703
2
126.207 141.952
0 0 0.738998 -0.673708
3
114.92 119.954
133.261 118.255
137.494 163.949
119.153 165.648
2
126.387 143.897
0 0 0.738998 -0.673708
3
115.1 121.899
133.442 120.2
137.674 165.895
119.333 167.594
2
126.568 145.843
0 0 0.738998 -0.673708
3
115.28 123.845
133.622 122.146
137.855 167.84
119.513 169.539
2
125.758 147.903
0 0 0.759493 -0.650516
3
113.131 126.646
131.333 123.815
138.384 169.161
120.183 171.991
2
125.077 150.01
0 0 0.77926 -0.626701
3
111.16 129.574
129.151 125.624
138.994 170.445
121.003 174.396
2
125.496 151.918
0 0 0.77926 -0.626701
3
111.579 131.483
129.57 127.532
139.413 172.354
121.422 176.305
2
125.915 153.827
0 0 0.77926 -0.626701
3
111.998 133.391
129.989 129.44
139.832 174.262
121.841 178.213
2
126.334 155.735
0 0 0.77926 -0.626701
3
112.417 135.299
130.408 131.348
140.251 176.17
122.26 180.121
2
126.753 157.643
0 0 0.77926 -0.626701
3
112.836 137.208
130.827 133.257
140.67 178.079
122.679 182.03
2
127.172 159.551
0 0 0.77926 -0.626701
3
113.255 139.116
131.246 135.165
141.089 179.987
123.098 183.938
2
127.591 161.46
0 0 0.77926 -0.626701
3
113.674 141.024
131.665 137.073
141.508 181.895
123.517 185.846
2
128.01 163.368
0 0 0.77926 -0.626701
3
114.093 142.932
132.084 138.981
141.927 183.803
123.936 187.754
2
128.429 165.276
0 0 0.77926 -0.626701
3
114.512 144.841
132.503 140.89
142.346 185.712
124.355 189.663
2
128.848 167.184
0 0 0.77926 -0.626701
3
114.931 146.749
132.922 142.798
142.765 187.62
124.774 191.571
2
129.267 169.093
0 0 0.77926 -0.626701
3
115.35 148.657
133.342 144.706
143.185 189.528
125.193 193.479
2
129.686 171.001
0 0 0.77926 -0.626701
3
115.769 150.566
133.761 146.615
143.604 191.437
125.612 195.387
2
130.105 172.909
0 0 0.77926 -0.626701
3
116.188 152.474
134.18 148.523
144.023 193.345
126.031 197.296
2
130.525 174.818
0 0 0.77926 -0.626701
3
116.607 154.382
134.599 150.431
144.442 195.253
126.45 199.204
2
130.944 176.726
0 0 0.77926 -0.626701
3
117.026 156.29
135.018 152.339
144.861 197.161
126.87 201.112
2
131.363 178.634
0 0 0.77926 -0.626701
3
117.446 158.199
135.437 154.248
145.28 199.07
127.289 203.021
2
131.782 180.542
0 0 0.77926 -0.626701
3
117.865 160.107
135.856 156.156
145.699 200.978
127.708 204.929
2
132.201 182.451
0 0 0.77926 -0.626701
3
118.284 162.015
136.275 158.064
146.118 202.886
128.127 206.837
2
132.62 184.359
0 0 0.77926 -0.626701
3
118.703 163.923
136.694 159.973
146.537 204.794
128.546 208.745
2
133.039 186.267
0 0 0.77926 -0.626701
3
119.122 165.832
137.113 161.881
146.956 206.703
128.965 210.654
2
133.458 188.176
0 0 0.77926 -0.626701
3
119.541 167.74
137.532 163.789
147.375 208.611
129.384 212.562
2
133.877 190.084
0 0 0.77926 -0.626701
3
119.96 169.648
137.951 165.697
147.794 210.519
129.803 214.47
2
134.296 191.992
0 0 0.77926 -0.626701
3
120.379 171.557
138.37 167.606
148.213 212.428
130.222 216.379
2
134.715 193.9
0 0 0.77926 -0.626701
3
120.798 173.465
138.789 169.514
148.632 214.336
130.641 218.287
2
135.134 195.809
0 0 0.77926 -0.626701
3
121.217 175.373
139.208 171.422
149.051 216.244
131.06 220.195
2
135.553 197.717
0 0 0.77926 -0.626701
3
121.636 177.281
139.628 173.33
149.471 218.152
131.479 222.103
2
135.972 199.625
0 0 0.77926 -0.626701
3
122.055 179.19
140.047 175.239
149.89 220.061
131.898 224.012
2
136.392 201.534
0 0 0.77926 -0.626701
3
122.474 181.098
140.466 177.147
150.309 221.969
132.317 225.92
2
136.811 203.442
0 0 0.77926 -0.626701
3
122.893 183.006
140.885 179.055
150.728 223.877
132.736 227.828
2
137.23 205.35
0 0 0.77926 -0.626701
3
123.312 184.915
141.304 180.964
151.147 225.786
133.156 229.737
2
137.649 207.258
0 0 0.77926 -0.626701
3
123.732 186.823
141.723 182.872
151.566 227.694
133.575 231.645
2
138.068 209.167
0 0 0.77926 -0.626701
3
124.151 188.731
142.142 184.78
151.985 229.602
133.994 233.553
2
138.487 211.075
0 0 0.77926 -0.626701
3
124.57 190.639
142.561 186.688
152.404 231.51
134.413 235.461
2
138.906 212.983
0 0 0.77926 -0.626701
3
124.989 192.548
142.98 188.597
152.823 233.419
134.832 237.37
2
139.325 214.891
0 0 0.77926 -0.626701
3
125.408 194.456
143.399 190.505
153.242 235.327
135.251 239.278
2
139.744 216.8
0 0 0.77926 -0.626701
3
125.827 196.364
143.818 192.413
153.661 237.235
135.67 241.186
2
140.163 218.708
0 0 0.77926 -0.626701
3
126.246 198.273
144.237 194.322
154.08 239.144
136.089 243.094
2
140.582 220.616
0 0 0.77926 -0.626701
3
126.665 200.181
144.656 196.23
154.499 241.052
136.508 245.003
2
141.001 222.525
0 0 0.77926 -0.626701
3
127.084 202.089
145.075 198.138
154.918 242.96
136.927 246.911
2
141.42 224.433
0 0 0.77926 -0.626701
3
127.503 203.997
145.494 200.046
155.337 244.868
137.346 248.819
2
141.839 226.341
0 0 0.77926 -0.626701
3
127.922 205.906
145.914 201.955
155.757 246.777
137.765 250.728
2
142.258 228.249
0 0 0.77926 -0.626701
3
128.341 207.814
146.333 203.863
156.176 248.685
138.184 252.636
2
142.678 230.158
0 0 0.77926 -0.626701
3
128.76 209.722
146.752 205.771
156.595 250.593
138.603 254.544
2
143.097 232.066
0 0 0.77926 -0.626701
3
129.179 211.63
147.171 207.68
157.014 252.501
139.022 256.452
2
143.516 233.974
0 0 0.77926 -0.626701
3
129.599 213.539
147.59 209.588
157.433 254.41
139.442 258.361
2
143.935 235.883
0 0 0.77926 -0.626701
3
130.018 215.447
148.009 211.496
157.852 256.318
139.861 260.269
2
144.354 237.791
0 0 0.77926 -0.626701
3
130.437 217.355
148.428 213.404
158.271 258.226
140.28 262.177
2
144.773 239.699
0 0 0.77926 -0.626701
3
130.856 219.264
148.847 215.313
158.69 260.135
140.699 264.086
2
145.192 241.607
0 0 0.77926 -0.626701
3
131.275 221.172
149.266 217.221
159.109 262.043
141.118 265.994
2
145.611 243.516
0 0 0.77926 -0.626701
3
131.694 223.08
149.685 219.129
159.528 263.951
141.537 267.902
2
146.03 245.424
0 0 0.77926 -0.626701
3
132.113 224.988
150.104 221.037
159.947 265.859
141.956 269.81
2
146.449 247.332
0 0 0.77926 -0.626701
3
132.532 226.897
150.523 222.946
160.366 267.768
142.375 271.719
2
146.868 249.24
0 0 0.77926 -0.626701
3
132.951 228.805
150.942 224.854
160.785 269.676
142.794 273.627
2
147.287 251.149
0 0 0.77926 -0.626701
3
133.37 230.713
151.361 226.762
161.204 271.584
143.213 275.535
2
147.706 253.057
0 0 0.77926 -0.626701
3
133.789 232.621
151.78 228.671
161.623 273.492
143.632 277.443
2
147.157 255.202
0 0 0.79828 -0.602286
3
132.002 235.666
149.715 230.61
162.312 274.737
144.599 279.794
2
146.742 257.376
0 0 0.816537 -0.577294
3
130.407 238.816
147.773 232.674
163.076 275.937
145.71 282.079
2
146.461 259.573
0 0 0.83401 -0.551749
3
129.01 242.058
145.963 234.853
163.912 277.087
146.96 284.292
2
146.318 261.782
0 0 0.850685 -0.525675
3
127.816 245.381
144.291 237.141
164.819 278.184
148.344 286.423
2
146.311 263.996
0 0 0.866546 -0.499098
3
126.83 248.771
142.763 239.528
165.791 279.222
149.858 288.465
2
146.441 266.206
0 0 0.881576 -0.472043
3
126.056 252.215
141.387 242.004
166.826 280.198
151.495 290.409
2
146.708 268.404
0 0 0.895761 -0.444535
3
125.496 255.701
140.166 244.561
167.919 281.108
153.249 292.248
2
148.697 269.376
0 0 0.881576 -0.472043
3
128.312 255.385
143.643 245.174
169.082 283.367
153.751 293.579
2
150.622 270.469
0 0 0.866546 -0.499098
3
131.142 255.244
147.075 246.001
170.103 285.695
154.17 294.938
2
152.476 271.68
0 0 0.850685 -0.525675
3
133.975 255.278
150.449 247.038
170.978 288.081
154.503 296.321
2
154.252 273.002
0 0 0.83401 -0.551749
3
136.801 255.488
153.753 248.283
171.703 290.516
154.751 297.721
2
155.943 274.432
0 0 0.816537 -0.577294
3
139.608 255.871
156.974 249.729
172.277 292.992
154.911 299.135
2
157.541 275.964
0 0 0.79828 -0.602286
3
142.387 256.428
160.099 251.372
172.696 295.499
154.984 300.555
2
159.042 277.591
0 0 0.77926 -0.626701
3
145.125 257.156
163.116 253.205
172.959 298.027
154.968 301.978
2
158.493 279.736
0 0 0.79828 -0.602286
3
143.338 260.201
161.051 255.144
173.648 299.271
155.935 304.328
2
158.078 281.911
0 0 0.816537 -0.577294
3
141.743 263.35
159.109 257.208
174.412 300.471
157.046 306.614
2
157.797 284.107
0 0 0.83401 -0.551749
3
140.346 266.592
157.299 259.388
175.248 301.621
158.296 308.826
2
157.654 286.316
0 0 0.850685 -0.525675
3
139.152 269.915
155.627 261.675
176.155 302.718
159.68 310.958
2
157.647 288.53
0 0 0.866546 -0.499098
3
138.166 273.305
154.099 264.062
177.127 303.756
161.194 312.999
2
159.501 289.741
0 0 0.850685 -0.525675
3
141 273.339
157.474 265.099
178.002 306.142
161.528 314.382
2
161.277 291.063
0 0 0.83401 -0.551749
3
143.825 273.549
160.778 266.344
178.728 308.577
161.775 315.782
2
162.967 292.493
0 0 0.816537 -0.577294
3
146.633 273.932
163.999 267.79
179.301 311.053
161.935 317.196
2
164.566 294.024
0 0 0.79828 -0.602286
3
149.411 274.489
167.124 269.433
179.72 313.56
162.008 318.616
2
166.067 295.652
0 0 0.77926 -0.626701
3
152.15 275.217
170.141 271.266
179.984 316.088
161.993 320.039
2
167.464 297.369
0 0 0.759493 -0.650516
3
154.838 276.112
173.039 273.282
180.09 318.627
161.889 321.457
2
166.783 299.476
0 0 0.77926 -0.626701
3
152.866 279.041
170.857 275.09
180.7 319.912
162.709 323.863
2
166.234 301.621
0 0 0.79828 -0.602286
3
151.079 282.086
168.792 277.029
181.389 321.156
163.676 326.213
2
165.819 303.796
0 0 0.816537 -0.577294
3
149.484 285.235
166.85 279.093
182.153 322.356
164.787 328.499
2
165.538 305.992
0 0 0.83401 -0.551749
3
148.087 288.478
165.04 281.273
182.989 323.507
166.037 330.711
2
165.395 308.201
0 0 0.850685 -0.525675
3
146.893 291.8
163.368 283.56
183.896 324.603
167.421 332.843
2
165.388 310.415
0 0 0.866546 -0.499098
3
145.907 295.19
161.84 285.947
184.868 325.641
168.935 334.884
2
165.518 312.626
0 0 0.881576 -0.472043
3
145.133 298.635
160.464 288.423
185.903 326.617
170.572 336.828
2
167.443 313.719
0 0 0.866546 -0.499098
3
147.963 298.493
163.896 289.25
186.924 328.944
170.991 338.187
2
169.297 314.929
0 0 0.850685 -0.525675
3
150.796 298.528
167.27 290.288
187.799 331.33
171.324 339.57
2
171.073 316.251
0 0 0.83401 -0.551749
3
153.622 298.737
170.574 291.532
188.524 333.766
171.572 340.971
2
172.764 317.681
0 0 0.816537 -0.577294
3
156.429 299.121
173.795 292.978
189.098 336.242
171.732 342.384
2
174.362 319.213
0 0 0.79828 -0.602286
3
159.208 299.678
176.92 294.621
189.517 338.748
171.805 343.805
2
175.863 320.841
0 0 0.77926 -0.626701
3
161.946 300.405
179.937 296.454
189.78 341.276
171.789 345.227
2
177.261 322.558
0 0 0.759493 -0.650516
3
164.634 301.301
182.836 298.47
189.887 343.815
171.686 346.646
2
178.549 324.358
0 0 0.738998 -0.673708
3
167.262 302.361
185.604 300.662
189.836 346.356
171.495 348.055
2
178.729 326.304
0 0 0.738998 -0.673708
3
167.442 304.306
185.784 302.607
190.017 348.302
171.675 350.001
2
178.91 328.249
0 0 0.738998 -0.673708
3
167.623 306.252
185.964 304.553
190.197 350.247
171.855 351.946
2
179.09 330.195
0 0 0.738998 -0.673708
3
167.803 308.197
186.144 306.498
190.377 352.192
172.035 353.891
2
179.27 332.14
0 0 0.738998 -0.673708
3
167.983 310.142
186.324 308.443
190.557 354.138
172.216 355.837
2
180.445 334.017
0 0 0.717795 -0.696254
3
170.54 311.363
188.952 310.802
190.349 356.671
171.938 357.232
2
181.501 335.963
0 0 0.695905 -0.718134
3
173.017 312.74
191.428 313.319
189.985 359.186
171.574 358.607
2
182.435 337.97
0 0 0.673349 -0.739325
3
175.404 314.267
193.743 315.983
189.466 361.674
171.126 359.957
2
183.243 340.032
0 0 0.650147 -0.759809
3
177.691 315.939
195.89 318.787
188.794 364.125
170.596 361.277
2
183.922 342.139
0 0 0.626322 -0.779564
3
179.871 317.749
197.859 321.717
187.972 366.529
169.985 362.561
2
183.501 344.047
0 0 0.626322 -0.779564
3
179.45 319.656
197.438 323.625
187.551 368.437
169.564 364.469
2
183.08 345.955
0 0 0.626322 -0.779564
3
179.029 321.564
197.017 325.533
187.13 370.345
169.143 366.377
2
183.627 348.1
0 0 0.601898 -0.798573
3
181.093 323.506
198.801 328.579
186.161 372.694
168.453 367.621
2
184.04 350.275
0 0 0.576897 -0.816817
3
183.033 325.571
200.393 331.731
185.048 374.979
167.688 368.82
