0
80 80
0
81 81
0
82 82
0
83 83
0
84 84
0
85 85
0
86 86
0
87 87
0
88 88
0
89 89
0
90 90
0
91 91
0
92 92
0
93 93
0
94 94
0
95 95
0
96 96
0
97 97
0
98 98
0
99 99
0
100 100
0
101 101
0
102 102
0
103 103
0
103 104
0
103 105
0
103 106
0
103 107
0
103 108
0
103 109
0
103 110
0
103 111
0
104 112
0
105 113
0
106 114
0
107 115
0
108 116
0
109 117
0
110 118
0
111 119
0
112 120
0
113 121
0
114 122
0
115 123
0
116 124
0
117 125
0
118 126
0
119 127
0
120 128
0
121 129
0
122 130
0
123 131
0
124 132
0
125 133
0
126 134
0
127 135
0
128 136
0
129 137
0
130 138
0
131 139
0
132 140
0
133 141
0
134 142
0
134 143
0
135 144
0
136 145
0
137 146
0
137 147
0
138 148
0
138 149
0
138 150
0
138 151
0
139 152
0
138 153
0
138 154
0
138 155
0
138 156
0
137 157
0
137 158
0
136 159
0
136 160
0
135 161
0
134 162
0
133 163
0
132 164
0
131 165
0
130 166
0
129 167
0
128 168
0
127 169
0
126 170
0
126 171
0
125 172
0
124 173
0
123 174
0
122 175
0
121 176
0
120 177
0
119 178
0
118 179
0
117 180
0
116 181
0
115 182
0
115 183
0
114 184
0
114 185
0
113 186
0
113 187
0
113 188
0
112 189
1
80 80 0.710173
1
81.3998 81.363 0.648271
1
82.8812 82.6368 0.586369
1
84.4386 83.8165 0.524467
1
86.066 84.8975 0.462565
1
87.7572 85.8759 0.400662
1
89.5056 86.7477 0.33876
1
91.3046 87.5097 0.276858
1
93.2134 87.9265 0.33876
1
95.0927 88.4605 0.400662
1
96.9354 89.1098 0.462565
1
98.6266 90.0881 0.400662
1
100.375 90.96 0.33876
1
102.174 91.722 0.276858
1
104.017 92.3713 0.214956
1
105.896 92.9053 0.153054
1
107.842 93.0831 0.214956
1
109.773 93.381 0.276858
1
111.681 93.7977 0.33876
1
113.561 94.3318 0.400662
1
115.404 94.981 0.462565
1
117.203 95.743 0.524467
1
118.951 96.6149 0.586369
1
120.642 97.5932 0.648271
1
122.269 98.6743 0.710173
1
123.827 99.854 0.772075
1
125.308 101.128 0.833977
1
126.708 102.491 0.895879
1
128.021 103.938 0.957781
1
129.242 105.463 1.01968
1
130.366 107.061 1.08159
1
131.389 108.726 1.14349
1
132.307 110.45 1.20539
1
133.117 112.228 1.26729
1
133.815 114.053 1.32919
1
134.164 115.975 1.26729
1
134.631 117.872 1.20539
1
135.441 119.65 1.26729
1
136.139 121.475 1.32919
1
137.056 124.5 1.22399
1
138.285 127.412 1.11879
1
139.813 130.179 1.01359
1
141.605 132.784 0.947191
1
143.452 135.351 0.947191
1
145.298 137.918 0.947191
1
147.202 140.442 0.878143
1
149.346 142.765 0.77294
1
151.721 144.85 0.667738
1
154.303 146.674 0.562536
1
157.062 148.216 0.457333
1
159.967 149.461 0.352131
1
162.987 150.394 0.246928
1
166.088 151.004 0.141726
1
169.237 151.286 0.0365237
1
167.292 151.094 6.25781
1
165.34 151.022 6.1959
1
163.387 151.072 6.134
1
161.441 151.242 6.0721
1
159.508 151.532 6.0102
1
157.598 151.942 5.9483
1
155.717 152.469 5.88639
1
153.871 153.111 5.82449
1
152.069 153.866 5.76259
1
150.318 154.731 5.70069
1
148.623 155.703 5.63879
1
146.991 156.777 5.57688
1
145.429 157.951 5.51498
1
143.943 159.219 5.45308
1
142.716 160.74 5.51498
1
141.398 162.182 5.57688
1
139.993 163.539 5.63879
1
138.431 164.713 5.63879
1
136.869 165.886 5.63879
1
135.307 167.06 5.63879
1
133.745 168.234 5.63879
1
132.113 169.309 5.57688
1
130.551 170.482 5.51498
1
129.065 171.75 5.45308
1
127.66 173.108 5.39118
1
126.53 174.701 5.45308
1
125.303 176.222 5.51498
1
123.817 177.49 5.45308
1
122.59 179.011 5.51498
1
122.59 179.011 5.51498
1
121.309 180.316 5.51023
1
120.027 181.621 5.50548
1
118.746 182.927 5.50072
1
117.464 184.232 5.49597
1
116.183 185.537 5.49122
1
114.901 186.842 5.48646
1
113.62 188.148 5.48171
1
112.338 189.453 5.47696
2
90.733 89.2286
0 0 0.347671 0.937616
3
114.136 97.2044
102.126 111.171
67.3304 81.2527
79.3396 67.2858
2
92.6832 89.9099
0 0 0.318489 0.947926
3
116.534 96.4227
105.412 111.106
68.832 83.3971
79.9541 68.7139
2
94.6717 90.4693
0 0 0.289002 0.957328
3
118.88 95.4941
108.688 110.837
70.4633 85.4444
80.6558 70.1014
2
96.6911 90.9046
0 0 0.259238 0.965813
3
121.164 94.4222
111.94 110.366
72.2181 87.3869
81.442 71.4428
2
98.7335 91.2141
0 0 0.229226 0.973373
3
123.377 93.2111
115.157 109.695
74.0898 89.2172
82.3096 72.7329
2
100.791 91.3967
0 0 0.198994 0.980001
3
125.511 91.8653
118.327 108.827
76.0711 90.9281
83.2555 73.9669
2
102.856 91.4517
0 0 0.168571 0.985689
3
127.558 90.3902
121.436 107.763
78.1545 92.5132
84.2758 75.1401
2
104.921 91.3788
0 0 0.137987 0.990434
3
129.509 88.7912
124.474 106.51
80.3319 93.9664
85.3668 76.2479
2
106.564 92.6304
0 0 0.168571 0.985689
3
131.266 91.5689
125.144 108.942
81.8623 93.692
87.9836 76.3188
2
108.127 93.9814
0 0 0.198994 0.980001
3
132.847 94.45
125.662 111.411
83.4067 93.5128
90.591 76.5516
2
109.603 95.4264
0 0 0.229226 0.973373
3
134.247 97.4233
126.027 113.908
84.9593 93.4294
93.1791 76.9452
2
111.661 95.609
0 0 0.198994 0.980001
3
136.381 96.0776
129.196 113.039
86.9406 95.1404
94.1249 78.1792
2
113.726 95.6639
0 0 0.168571 0.985689
3
138.427 94.6024
132.306 111.976
89.0239 96.7255
95.1452 79.3523
2
115.79 95.591
0 0 0.137987 0.990434
3
140.379 93.0034
135.344 110.722
91.2014 98.1786
96.2362 80.4601
2
117.846 95.3906
0 0 0.107271 0.99423
3
142.227 91.2868
138.298 109.283
93.4645 99.4943
97.3936 81.4983
2
119.886 95.0633
0 0 0.0764524 0.997073
3
143.967 89.4591
141.158 107.664
95.8047 100.668
98.613 82.4628
2
121.671 96.1024
0 0 0.107271 0.99423
3
146.052 91.9987
142.123 109.995
97.2895 100.206
101.219 82.2101
2
123.389 97.25
0 0 0.137987 0.990434
3
147.977 94.6624
142.942 112.381
98.8 99.8376
103.835 82.1191
2
125.032 98.5017
0 0 0.168571 0.985689
3
149.734 97.4402
143.612 114.813
100.33 99.5632
106.452 82.1901
2
126.595 99.8526
0 0 0.198994 0.980001
3
151.315 100.321
144.13 117.282
101.875 99.384
109.059 82.4228
2
128.071 101.298
0 0 0.229226 0.973373
3
152.715 103.295
144.495 119.779
103.427 99.3007
111.647 82.8164
2
129.455 102.831
0 0 0.259238 0.965813
3
153.928 106.349
144.704 122.293
104.982 99.3135
114.206 83.3693
2
130.741 104.447
0 0 0.289002 0.957328
3
154.95 109.472
144.757 124.815
106.533 99.4226
116.726 84.0795
2
131.925 106.14
0 0 0.318489 0.947926
3
155.777 112.653
144.655 127.336
108.074 99.6273
119.196 84.9442
2
133.003 107.903
0 0 0.347671 0.937616
3
156.405 115.879
144.396 129.846
109.6 99.927
121.609 85.9601
2
133.968 109.729
0 0 0.37652 0.926408
3
156.833 119.137
143.983 132.334
111.104 100.321
123.954 87.1233
2
134.82 111.611
0 0 0.405009 0.914313
3
157.058 122.416
143.416 134.793
112.581 100.806
126.223 88.4293
2
135.553 113.542
0 0 0.433109 0.901341
3
157.08 125.702
142.699 137.212
114.025 101.383
128.407 89.8732
2
136.165 115.515
0 0 0.460795 0.887507
3
156.899 128.984
141.833 139.581
115.431 102.047
130.497 91.4494
2
136.654 117.522
0 0 0.488039 0.872822
3
156.515 132.248
140.822 141.893
116.793 102.797
132.485 93.1519
2
137.018 119.556
0 0 0.514816 0.857301
3
155.93 135.481
139.67 144.138
118.105 103.63
134.365 94.9741
2
137.255 121.608
0 0 0.541099 0.840959
3
155.146 138.673
138.382 146.307
119.364 104.543
136.128 96.9092
2
137.365 123.671
0 0 0.566864 0.823811
3
154.166 141.81
136.962 148.392
120.564 105.532
137.768 98.9495
2
137.347 125.736
0 0 0.592087 0.805874
3
152.994 144.88
135.416 150.385
121.701 106.593
139.279 101.087
2
137.201 127.797
0 0 0.616742 0.787166
3
151.634 147.872
133.749 152.279
122.769 107.722
140.654 103.315
2
138.394 129.483
0 0 0.592087 0.805874
3
154.041 148.627
136.463 154.132
122.748 110.34
140.326 104.835
2
139.689 131.093
0 0 0.566864 0.823811
3
156.49 149.232
139.286 155.814
122.889 112.954
140.092 106.372
2
139.672 133.158
0 0 0.592087 0.805874
3
155.318 152.302
137.74 157.807
124.025 114.015
141.603 108.51
2
139.526 135.219
0 0 0.616742 0.787166
3
153.958 155.294
136.073 159.701
125.094 115.144
142.979 110.737
2
141.867 137.812
0 0 0.574502 0.818503
3
158.328 156.261
141.004 162.522
125.406 119.364
142.73 113.103
2
144.467 140.146
0 0 0.530673 0.847577
3
162.774 156.764
146.204 164.809
126.161 123.528
142.731 115.482
2
147.299 142.193
0 0 0.485376 0.874306
3
167.249 156.797
151.615 166.538
127.348 127.589
142.982 117.848
2
149.871 144.274
0 0 0.456089 0.889934
3
170.747 157.522
155.794 168.279
128.996 131.026
143.949 120.27
2
151.718 146.841
0 0 0.456089 0.889934
3
172.593 160.089
157.64 170.846
130.842 133.594
145.795 122.837
2
153.564 149.408
0 0 0.456089 0.889934
3
174.44 162.656
159.487 173.413
132.689 136.161
147.642 125.404
2
156.241 151.335
0 0 0.425099 0.905147
3
177.981 163.111
163.806 174.873
134.502 139.559
148.677 127.796
2
159.479 152.648
0 0 0.376921 0.926245
3
182.335 162.076
169.473 175.263
136.623 143.22
149.484 130.034
2
162.836 153.615
0 0 0.327701 0.944782
3
186.556 160.59
175.15 175.054
139.116 146.639
150.522 132.175
2
166.277 154.223
0 0 0.277574 0.960704
3
190.598 158.669
180.774 174.251
141.955 149.776
151.779 134.195
2
169.762 154.467
0 0 0.226679 0.97397
3
194.416 156.335
186.282 172.862
145.108 152.599
153.242 136.072
2
173.253 154.343
0 0 0.175157 0.98454
3
197.967 153.612
191.614 170.902
148.54 155.074
154.893 137.785
2
176.713 153.854
0 0 0.123151 0.992388
3
201.213 150.531
196.711 168.393
152.213 157.176
156.715 139.315
2
180.101 153.004
0 0 0.0708038 0.99749
3
204.117 147.127
201.516 165.362
156.086 158.88
158.687 140.645
2
183.382 151.802
0 0 0.0182609 0.999833
3
206.648 143.436
205.976 161.844
160.116 160.168
160.789 141.761
2
181.443 150.734
0 0 0.0126889 -0.999919
3
204.147 140.945
204.614 159.359
158.739 160.524
158.272 142.11
2
179.441 149.788
0 0 0.0436264 -0.999048
3
201.496 138.613
203.102 156.963
157.386 160.963
155.781 142.613
2
177.385 148.968
0 0 0.0745222 -0.997219
3
198.706 136.45
201.444 154.665
156.063 161.486
153.326 143.27
2
175.281 148.276
0 0 0.105347 -0.994436
3
195.787 134.463
199.647 152.474
154.775 162.089
150.916 144.078
2
173.139 147.716
0 0 0.13607 -0.990699
3
192.752 132.661
197.718 150.399
153.527 162.771
148.561 145.033
2
170.967 147.29
0 0 0.166663 -0.986014
3
189.61 131.05
195.664 148.447
152.323 163.529
146.269 146.132
2
168.772 146.998
0 0 0.197096 -0.980384
3
186.375 129.636
193.494 146.625
151.169 164.36
144.05 147.371
2
166.563 146.843
0 0 0.227341 -0.973815
3
183.059 128.426
191.214 144.942
150.068 165.261
141.912 148.745
2
164.349 146.825
0 0 0.257368 -0.966313
3
179.674 127.422
188.836 143.402
149.025 166.228
139.863 150.248
2
162.138 146.944
0 0 0.287148 -0.957886
3
176.233 126.63
186.366 142.013
148.044 167.257
137.911 151.875
2
159.939 147.199
0 0 0.316654 -0.948541
3
172.75 126.053
183.815 140.779
147.128 168.346
136.063 153.62
2
157.76 147.59
0 0 0.345856 -0.938288
3
169.238 125.692
181.193 139.705
146.282 169.489
134.327 155.476
2
155.609 148.115
0 0 0.374726 -0.927135
3
165.711 125.549
178.51 138.796
145.507 170.682
132.708 157.435
2
153.495 148.773
0 0 0.403238 -0.915095
3
162.181 125.624
175.775 138.054
144.808 171.921
131.214 159.491
2
152.896 150.904
0 0 0.374726 -0.927135
3
162.998 128.338
175.797 141.584
142.794 173.471
129.995 160.224
2
152.167 152.995
0 0 0.345856 -0.938288
3
163.645 131.096
175.6 145.109
140.688 174.893
128.733 160.88
2
151.309 155.036
0 0 0.316654 -0.948541
3
164.12 133.889
175.185 148.616
138.498 176.182
127.433 161.456
2
149.747 156.21
0 0 0.316654 -0.948541
3
162.558 135.063
173.623 149.789
136.936 177.356
125.871 162.63
2
148.185 157.383
0 0 0.316654 -0.948541
3
160.996 136.237
172.061 150.963
135.374 178.53
124.309 163.804
2
146.623 158.557
0 0 0.316654 -0.948541
3
159.434 137.41
170.5 152.137
133.812 179.703
122.747 164.977
2
145.061 159.731
0 0 0.316654 -0.948541
3
157.872 138.584
168.938 153.31
132.25 180.877
121.185 166.151
2
142.882 160.122
0 0 0.345856 -0.938288
3
154.36 138.223
166.315 152.236
131.404 182.02
119.449 168.007
2
140.731 160.647
0 0 0.374726 -0.927135
3
150.833 138.08
163.632 151.327
130.63 183.213
117.831 169.966
2
138.617 161.304
0 0 0.403238 -0.915095
3
147.303 138.155
160.897 150.585
129.931 184.452
116.337 172.022
2
136.547 162.091
0 0 0.431364 -0.902178
3
143.785 138.449
158.122 150.014
129.31 185.732
114.973 174.167
2
136.082 164.255
0 0 0.403238 -0.915095
3
144.768 141.107
158.362 153.536
127.395 187.403
113.801 174.974
2
135.483 166.387
0 0 0.374726 -0.927135
3
145.584 143.82
158.384 157.067
125.381 188.953
112.582 175.706
2
133.369 167.044
0 0 0.403238 -0.915095
3
142.055 143.895
155.649 156.325
124.682 190.192
111.088 177.762
2
132.77 169.175
0 0 0.374726 -0.927135
3
142.871 146.609
155.671 159.856
122.668 191.742
109.869 178.495
2
132.77 169.175
0 0 0.374726 -0.927135
3
142.871 146.609
155.671 159.856
122.668 191.742
109.869 178.495
2
131.442 170.432
0 0 0.376929 -0.926242
3
141.436 147.818
154.298 161.004
121.447 193.047
108.585 179.861
2
130.113 171.689
0 0 0.379129 -0.925344
3
140 149.028
152.924 162.152
120.226 194.351
107.302 181.226
2
128.784 172.947
0 0 0.381327 -0.92444
3
138.563 150.238
151.55 163.302
119.005 195.655
106.019 182.592
2
127.455 174.205
0 0 0.383523 -0.923531
3
137.126 151.45
150.174 164.451
117.784 196.959
104.736 183.958
2
126.126 175.462
0 0 0.385717 -0.922617
3
135.688 152.662
148.799 165.601
116.563 198.263
103.453 185.324
2
124.796 176.721
0 0 0.387908 -0.921698
3
134.25 153.875
147.422 166.752
115.342 199.566
102.171 186.689
2
123.467 177.979
0 0 0.390098 -0.920773
3
132.812 155.089
146.045 167.902
114.121 200.869
100.889 188.055
2
122.137 179.237
0 0 0.392285 -0.919844
3
131.373 156.303
144.667 169.054
112.9 202.172
99.607 189.421
