0
80 80
0
81 81
0
82 82
0
83 83
0
84 84
0
85 85
0
86 86
0
87 87
0
88 88
0
89 89
0
90 90
0
91 91
0
92 92
0
93 93
0
94 94
0
95 95
0
96 96
0
97 97
0
98 98
0
99 99
0
100 100
0
101 101
0
102 102
0
103 103
0
103 104
0
103 105
0
103 106
0
103 107
0
103 108
0
103 109
0
103 110
0
103 111
0
104 112
0
105 113
0
106 114
0
107 115
0
108 116
0
109 117
0
110 118
0
111 119
0
112 120
0
113 121
0
114 122
0
115 123
0
116 124
0
117 125
0
118 126
0
119 127
0
120 128
0
121 129
0
122 130
0
123 131
0
124 132
0
125 133
0
126 134
0
127 135
0
128 136
0
129 137
0
130 138
0
131 139
0
132 140
0
133 141
0
134 142
0
134 143
0
135 144
0
136 145
0
137 146
0
137 147
0
138 148
0
138 149
0
138 150
0
138 151
0
139 152
0
138 153
0
138 154
0
138 155
0
138 156
0
137 157
0
137 158
0
136 159
0
136 160
0
135 161
0
134 162
0
133 163
0
132 164
0
131 165
0
130 166
0
129 167
0
128 168
0
127 169
0
126 170
0
126 171
0
125 172
0
124 173
0
123 174
0
122 175
0
121 176
0
120 177
0
119 178
0
118 179
0
117 180
0
116 181
0
115 182
0
115 183
0
114 184
0
114 185
0
113 186
0
113 187
0
113 188
0
112 189
1
80 80 0.710173
1
81.4814 81.2738 0.710173
1
82.9629 82.5475 0.710173
1
84.4443 83.8213 0.710173
1
85.9257 85.0951 0.710173
1
87.4072 86.3689 0.710173
1
88.8886 87.6426 0.710173
1
90.37 88.9164 0.710173
1
91.8514 90.1902 0.710173
1
93.3329 91.464 0.710173
1
94.8143 92.7377 0.710173
1
96.2957 94.0115 0.710173
1
97.7772 95.2853 0.710173
1
99.2586 96.5591 0.710173
1
100.74 97.8328 0.710173
1
102.221 99.1066 0.710173
1
103.703 100.38 0.710173
1
105.184 101.654 0.710173
1
106.666 102.928 0.710173
1
108.147 104.202 0.710173
1
109.629 105.475 0.710173
1
111.11 106.749 0.710173
1
112.667 107.929 0.772075
1
114.149 109.203 0.833977
1
115.549 110.566 0.895879
1
116.861 112.013 0.957781
1
118.082 113.538 1.01968
1
119.105 115.203 1.01968
1
120.128 116.867 1.01968
1
121.151 118.532 1.01968
1
122.174 120.196 1.01968
1
123.197 121.86 1.01968
1
124.221 123.525 1.01968
1
125.244 125.189 1.01968
1
126.267 126.854 1.01968
1
127.29 128.518 1.01968
1
128.313 130.183 1.01968
1
129.336 131.847 1.01968
1
130.254 133.572 0.957781
1
131.277 135.236 0.895879
1
132.401 136.834 0.833977
1
133.622 138.36 0.772075
1
134.935 139.807 0.710173
1
136.334 141.17 0.648271
1
137.816 142.444 0.586369
1
139.373 143.623 0.524467
1
141.001 144.704 0.462565
1
142.692 145.683 0.400662
1
144.44 146.555 0.33876
1
146.239 147.317 0.276858
1
148.082 147.966 0.214956
1
149.961 148.5 0.153054
1
151.87 148.917 0.0911521
1
153.801 149.214 0.02925
1
155.747 149.392 6.25053
1
157.7 149.449 6.18863
1
159.652 149.386 6.12673
1
157.707 149.57 6.06483
1
155.777 149.875 6.00292
1
153.87 150.298 5.94102
1
151.992 150.838 5.87912
1
150.152 151.494 5.81722
1
148.356 152.262 5.75532
1
146.61 153.14 5.69341
1
144.922 154.124 5.63151
1
143.299 155.21 5.56961
1
141.745 156.395 5.50771
1
140.268 157.674 5.44581
1
138.873 159.042 5.3839
1
137.565 160.493 5.322
1
136.35 162.023 5.2601
1
135.231 163.625 5.1982
1
134.427 165.405 5.2601
1
133.515 167.133 5.322
1
132.498 168.801 5.3839
1
131.379 170.403 5.44581
1
130.164 171.933 5.50771
1
128.856 173.384 5.56961
1
127.379 174.663 5.56961
1
125.901 175.942 5.56961
1
124.424 177.22 5.56961
1
122.947 178.499 5.56961
1
121.47 179.778 5.56961
1
119.917 180.963 5.50771
1
118.44 182.242 5.44581
1
117.132 183.693 5.44581
1
115.824 185.145 5.44581
1
114.516 186.596 5.44581
2
90.733 89.2286
0 0 0.347671 0.937616
3
114.136 97.2044
102.126 111.171
67.3304 81.2527
79.3396 67.2858
2
92.2144 90.5023
0 0 0.347671 0.937616
3
115.617 98.4782
103.608 112.445
68.8118 82.5265
80.821 68.5595
2
93.6959 91.7761
0 0 0.347671 0.937616
3
117.099 99.752
105.089 113.719
70.2933 83.8003
82.3024 69.8333
2
95.1773 93.0499
0 0 0.347671 0.937616
3
118.58 101.026
106.571 114.993
71.7747 85.074
83.7839 71.1071
2
96.6587 94.3237
0 0 0.347671 0.937616
3
120.061 102.3
108.052 116.266
73.2561 86.3478
85.2653 72.3808
2
98.1402 95.5974
0 0 0.347671 0.937616
3
121.543 103.573
109.534 117.54
74.7375 87.6216
86.7467 73.6546
2
99.6216 96.8712
0 0 0.347671 0.937616
3
123.024 104.847
111.015 118.814
76.219 88.8953
88.2282 74.9284
2
101.103 98.145
0 0 0.347671 0.937616
3
124.506 106.121
112.496 120.088
77.7004 90.1691
89.7096 76.2022
2
102.584 99.4187
0 0 0.347671 0.937616
3
125.987 107.395
113.978 121.362
79.1818 91.4429
91.191 77.4759
2
104.066 100.693
0 0 0.347671 0.937616
3
127.469 108.668
115.459 122.635
80.6633 92.7167
92.6725 78.7497
2
105.547 101.966
0 0 0.347671 0.937616
3
128.95 109.942
116.941 123.909
82.1447 93.9904
94.1539 80.0235
2
107.029 103.24
0 0 0.347671 0.937616
3
130.431 111.216
118.422 125.183
83.6261 95.2642
95.6353 81.2973
2
108.51 104.514
0 0 0.347671 0.937616
3
131.913 112.49
119.904 126.457
85.1076 96.538
97.1167 82.571
2
109.992 105.788
0 0 0.347671 0.937616
3
133.394 113.763
121.385 127.73
86.589 97.8118
98.5982 83.8448
2
111.473 107.061
0 0 0.347671 0.937616
3
134.876 115.037
122.866 129.004
88.0704 99.0855
100.08 85.1186
2
112.954 108.335
0 0 0.347671 0.937616
3
136.357 116.311
124.348 130.278
89.5518 100.359
101.561 86.3924
2
114.436 109.609
0 0 0.347671 0.937616
3
137.839 117.585
125.829 131.552
91.0333 101.633
103.042 87.6661
2
115.917 110.883
0 0 0.347671 0.937616
3
139.32 118.859
127.311 132.826
92.5147 102.907
104.524 88.9399
2
117.399 112.156
0 0 0.347671 0.937616
3
140.801 120.132
128.792 134.099
93.9961 104.181
106.005 90.2137
2
118.88 113.43
0 0 0.347671 0.937616
3
142.283 121.406
130.274 135.373
95.4776 105.454
107.487 91.4874
2
120.362 114.704
0 0 0.347671 0.937616
3
143.764 122.68
131.755 136.647
96.959 106.728
108.968 92.7612
2
121.843 115.978
0 0 0.347671 0.937616
3
145.246 123.954
133.236 137.921
98.4404 108.002
110.45 94.035
2
122.809 117.804
0 0 0.37652 0.926408
3
145.673 127.212
132.823 140.409
99.9446 108.395
112.795 95.1982
2
123.66 119.686
0 0 0.405009 0.914313
3
145.899 130.491
132.257 142.868
101.422 108.881
115.064 96.5042
2
124.393 121.617
0 0 0.433109 0.901341
3
145.921 133.777
131.539 145.287
102.866 109.458
117.247 97.9481
2
125.005 123.59
0 0 0.460795 0.887507
3
145.739 137.059
130.673 147.656
104.271 110.122
119.337 99.5243
2
125.494 125.597
0 0 0.488039 0.872822
3
145.355 140.322
129.663 149.968
105.633 110.872
121.326 101.227
2
126.517 127.262
0 0 0.488039 0.872822
3
146.379 141.987
130.686 151.632
106.656 112.537
122.349 102.891
2
127.54 128.926
0 0 0.488039 0.872822
3
147.402 143.651
131.709 153.297
107.679 114.201
123.372 104.556
2
128.563 130.591
0 0 0.488039 0.872822
3
148.425 145.316
132.732 154.961
108.702 115.866
124.395 106.22
2
129.587 132.255
0 0 0.488039 0.872822
3
149.448 146.98
133.755 156.626
109.725 117.53
125.418 107.885
2
130.61 133.92
0 0 0.488039 0.872822
3
150.471 148.645
134.778 158.29
110.748 119.195
126.441 109.549
2
131.633 135.584
0 0 0.488039 0.872822
3
151.494 150.309
135.801 159.955
111.771 120.859
127.464 111.214
2
132.656 137.249
0 0 0.488039 0.872822
3
152.517 151.974
136.824 161.619
112.794 122.524
128.487 112.878
2
133.679 138.913
0 0 0.488039 0.872822
3
153.54 153.638
137.847 163.284
113.818 124.188
129.51 114.543
2
134.702 140.578
0 0 0.488039 0.872822
3
154.563 155.303
138.87 164.948
114.841 125.853
130.533 116.207
2
135.725 142.242
0 0 0.488039 0.872822
3
155.586 156.967
139.893 166.613
115.864 127.517
131.556 117.872
2
136.748 143.907
0 0 0.488039 0.872822
3
156.609 158.632
140.916 168.277
116.887 129.181
132.579 119.536
2
138.398 145.15
0 0 0.460795 0.887507
3
159.132 158.618
144.066 169.215
117.664 131.681
132.73 121.084
2
140.122 146.288
0 0 0.433109 0.901341
3
161.649 158.448
147.268 169.957
118.594 134.128
132.975 122.619
2
141.912 147.318
0 0 0.405009 0.914313
3
164.151 158.122
150.509 170.5
119.674 136.513
133.316 124.136
2
143.763 148.235
0 0 0.37652 0.926408
3
166.628 157.643
153.778 170.84
120.899 138.826
133.749 125.629
2
145.668 149.035
0 0 0.347671 0.937616
3
169.07 157.011
157.061 170.978
122.265 141.059
134.274 127.093
2
147.618 149.717
0 0 0.318489 0.947926
3
171.469 156.23
160.347 170.913
123.767 143.204
134.889 128.521
2
149.606 150.276
0 0 0.289002 0.957328
3
173.815 155.301
163.622 170.644
125.398 145.251
135.59 129.908
2
151.626 150.711
0 0 0.259238 0.965813
3
176.099 154.229
166.875 170.173
127.153 147.194
136.377 131.25
2
153.668 151.021
0 0 0.229226 0.973373
3
178.312 153.018
170.092 169.502
129.024 149.024
137.244 132.54
2
155.726 151.204
0 0 0.198994 0.980001
3
180.446 151.672
173.261 168.633
131.006 150.735
138.19 133.774
2
157.791 151.258
0 0 0.168571 0.985689
3
182.492 150.197
176.371 167.57
133.089 152.32
139.21 134.947
2
159.855 151.186
0 0 0.137987 0.990434
3
184.444 148.598
179.409 166.317
135.267 153.773
140.301 136.055
2
161.911 150.985
0 0 0.107271 0.99423
3
186.293 146.881
182.364 164.877
137.53 155.089
141.459 137.093
2
163.951 150.658
0 0 0.0764524 0.997073
3
188.032 145.054
185.223 163.258
139.87 156.262
142.678 138.057
2
165.966 150.205
0 0 0.0455603 0.998962
3
189.654 143.122
187.978 161.465
142.278 157.288
143.955 138.945
2
167.95 149.628
0 0 0.0146245 0.999893
3
191.154 141.093
190.616 159.506
144.745 158.163
145.284 139.751
2
169.894 148.93
0 0 0.0163254 -0.999867
3
192.526 138.976
193.128 157.386
147.262 158.884
146.661 140.474
2
171.791 148.113
0 0 0.0472595 -0.998883
3
193.764 136.778
195.503 155.116
149.818 159.448
148.079 141.11
2
173.634 147.18
0 0 0.0781484 -0.996942
3
194.864 134.507
197.734 152.702
152.405 159.853
149.535 141.658
2
171.526 146.504
0 0 0.108962 -0.994046
3
191.931 132.542
195.921 150.525
151.121 160.466
147.131 142.483
2
169.38 145.959
0 0 0.139672 -0.990198
3
188.882 130.762
193.977 148.463
149.878 161.157
144.783 143.455
2
167.204 145.548
0 0 0.170248 -0.985401
3
185.729 129.174
191.91 146.526
148.68 161.923
142.499 144.571
2
165.008 145.273
0 0 0.200661 -0.979661
3
182.484 127.784
189.726 144.72
147.531 162.762
140.289 145.826
2
162.798 145.134
0 0 0.230881 -0.972982
3
179.159 126.597
187.435 143.053
146.437 163.671
138.161 147.215
2
160.584 145.132
0 0 0.260881 -0.965371
3
175.767 125.618
185.045 141.531
145.401 164.646
136.123 148.733
2
158.374 145.267
0 0 0.29063 -0.956835
3
172.32 124.852
182.565 140.16
144.427 165.683
134.183 150.374
2
156.177 145.538
0 0 0.320101 -0.947383
3
168.833 124.299
180.005 138.945
143.52 166.778
132.348 152.132
2
154 145.945
0 0 0.349266 -0.937024
3
165.319 123.964
177.376 137.89
142.681 167.927
130.625 154.001
2
151.853 146.486
0 0 0.378096 -0.925767
3
161.79 123.846
174.685 137
141.916 169.126
129.021 155.972
2
149.744 147.159
0 0 0.406563 -0.913623
3
158.261 123.948
171.945 136.278
141.226 170.369
127.542 158.039
2
147.68 147.96
0 0 0.434642 -0.900603
3
154.745 124.267
169.166 135.727
140.614 171.654
126.194 160.193
2
145.67 148.888
0 0 0.462304 -0.886722
3
151.256 124.803
166.358 135.349
140.083 172.973
124.981 162.427
2
143.721 149.938
0 0 0.489523 -0.87199
3
147.806 125.554
163.532 135.146
139.635 174.323
123.91 164.731
2
141.84 151.107
0 0 0.516273 -0.856424
3
144.409 126.517
160.698 135.118
139.271 175.698
122.982 167.097
2
141.798 153.321
0 0 0.489523 -0.87199
3
145.884 128.937
161.609 138.528
137.713 177.706
121.987 168.114
2
141.62 155.528
0 0 0.462304 -0.886722
3
147.206 131.443
162.308 141.989
136.033 179.613
120.931 169.067
2
141.305 157.719
0 0 0.434642 -0.900603
3
148.37 134.026
162.791 145.487
134.239 181.413
119.818 169.952
2
140.855 159.887
0 0 0.406563 -0.913623
3
149.372 136.676
163.056 149.007
132.337 183.098
118.653 170.768
2
140.271 162.023
0 0 0.378096 -0.925767
3
150.209 139.384
163.104 152.537
130.334 184.663
117.439 171.509
2
139.557 164.119
0 0 0.349266 -0.937024
3
150.876 142.137
162.933 156.063
128.238 186.1
116.182 172.174
2
138.08 165.398
0 0 0.349266 -0.937024
3
149.399 143.416
161.455 157.342
126.761 187.379
114.705 173.453
2
136.603 166.677
0 0 0.349266 -0.937024
3
147.922 144.695
159.978 158.621
125.284 188.658
113.228 174.732
2
135.126 167.955
0 0 0.349266 -0.937024
3
146.445 145.974
158.501 159.9
123.807 189.937
111.751 176.011
2
133.649 169.234
0 0 0.349266 -0.937024
3
144.968 147.253
157.024 161.179
122.33 191.216
110.274 177.29
2
132.172 170.513
0 0 0.349266 -0.937024
3
143.49 148.532
155.547 162.458
120.853 192.494
108.796 178.568
2
130.025 171.054
0 0 0.378096 -0.925767
3
139.962 148.414
152.857 161.568
120.088 193.693
107.192 180.54
2
127.915 171.726
0 0 0.406563 -0.913623
3
136.433 148.515
150.117 160.846
119.398 194.937
105.714 182.606
2
126.607 173.178
0 0 0.406563 -0.913623
3
135.125 149.967
148.809 162.297
118.09 196.388
104.406 184.058
2
125.3 174.629
0 0 0.406563 -0.913623
3
133.817 151.418
147.501 163.749
116.782 197.84
103.098 185.509
2
123.992 176.08
0 0 0.406563 -0.913623
3
132.509 152.869
146.193 165.2
115.474 199.291
101.79 186.961
