0
120 364
0
119 364
0
118 364
0
117 364
0
116 364
0
115 364
0
114 364
0
113 364
0
112 364
0
111 364
0
110 364
0
109 364
0
108 364
0
107 364
0
106 364
0
105 364
0
104 364
0
103 364
0
102 364
0
101 364
0
100 363
0
99 362
0
98 361
0
97 360
0
96 359
0
95 358
0
94 357
0
93 356
0
92 355
0
91 354
0
91 353
0
91 352
0
91 351
0
91 350
0
91 349
0
90 348
0
90 347
0
90 346
0
90 345
0
90 344
0
90 343
0
90 342
0
90 341
0
90 340
0
90 339
0
90 338
0
90 337
0
90 336
0
90 335
0
90 334
0
90 333
0
90 332
0
90 331
0
90 330
0
90 329
0
90 328
0
90 327
0
90 326
0
90 325
0
90 324
0
89 323
0
89 322
0
89 321
0
89 320
0
89 319
0
89 318
0
89 317
0
89 316
0
89 315
0
89 314
0
89 313
0
89 312
0
89 311
0
89 310
0
89 309
0
89 308
0
89 307
0
89 306
0
89 305
0
89 304
0
89 303
0
89 302
0
89 301
0
89 300
0
89 299
0
89 298
0
89 297
0
89 296
0
89 295
0
89 294
0
89 293
0
89 292
0
89 291
0
89 290
0
89 289
0
89 288
0
89 287
0
89 286
0
89 285
0
89 284
0
89 283
0
89 282
0
89 281
0
89 280
0
89 279
0
89 278
0
89 277
0
89 276
0
89 275
0
89 274
0
89 273
0
89 272
0
89 271
0
89 270
0
89 269
0
89 268
0
89 267
0
89 266
0
89 265
0
89 264
0
89 263
0
89 262
0
89 261
0
89 260
0
89 259
0
89 258
0
89 257
0
89 256
0
89 255
0
89 254
0
89 253
0
89 252
0
89 251
0
89 250
0
89 249
0
89 248
0
89 247
0
89 246
0
89 245
0
89 244
0
89 243
0
89 242
0
89 241
0
89 240
0
89 239
0
89 238
0
89 237
0
89 236
0
89 235
0
89 234
0
89 233
0
89 232
0
89 231
0
89 230
0
89 229
0
89 228
0
89 227
0
89 226
0
89 225
0
89 224
0
89 223
0
89 222
0
89 221
0
89 220
0
89 219
0
89 218
0
89 217
0
89 216
0
89 215
0
89 214
0
89 213
0
89 212
0
89 211
0
89 210
0
89 209
0
89 208
0
89 207
0
89 206
0
89 205
0
89 204
0
89 203
0
89 202
0
89 201
0
89 200
0
89 199
0
89 198
0
89 197
0
88 196
0
87 195
0
86 194
0
85 193
0
84 192
0
83 191
0
82 190
0
81 189
0
80 188
0
79 187
0
78 186
0
77 185
0
77 184
0
76 183
0
76 182
0
76 181
0
76 180
0
76 179
0
75 178
0
75 177
0
75 176
0
75 175
0
75 174
0
75 173
0
75 172
0
75 171
0
75 170
0
75 169
0
75 168
0
75 167
0
75 166
0
75 165
0
76 164
0
76 163
0
76 162
0
76 161
0
76 160
0
77 159
0
77 158
0
78 157
0
79 156
0
80 155
0
81 154
0
82 153
0
83 152
0
84 151
0
85 150
0
86 149
0
87 148
0
88 147
0
89 146
0
90 145
0
90 144
0
90 143
0
90 142
0
90 141
0
90 140
0
90 139
0
90 138
0
90 137
0
90 136
0
90 135
0
90 134
0
90 133
0
90 132
0
90 131
0
90 130
0
90 129
0
90 128
0
90 127
0
90 126
0
90 125
0
90 124
0
90 123
0
90 122
0
90 121
0
90 120
0
90 119
0
90 118
0
90 117
0
90 116
0
90 115
0
90 114
0
90 113
0
90 112
0
90 111
0
90 110
0
90 109
0
90 108
0
90 107
0
90 106
0
90 105
0
90 104
0
90 103
0
90 102
0
90 101
0
90 100
0
90 99
0
91 98
0
91 97
0
91 96
0
91 95
0
91 94
0
92 93
0
92 92
0
93 91
0
94 90
0
95 89
0
96 88
0
97 88
0
98 87
0
99 87
0
100 86
0
101 86
0
102 86
0
103 86
0
104 86
0
105 86
0
106 86
0
107 86
0
108 86
0
109 86
0
110 86
0
111 86
0
112 86
0
113 86
0
114 86
0
115 86
0
116 86
0
117 86
0
118 86
0
119 86
0
120 86
0
121 86
0
122 86
0
123 86
0
124 86
0
125 86
0
126 86
0
127 86
0
128 86
0
129 86
0
130 86
0
131 86
0
132 86
0
133 86
0
134 86
0
135 86
0
136 86
0
137 86
0
138 86
0
139 86
0
140 86
0
141 86
0
142 86
0
143 86
0
144 86
0
145 86
0
146 86
0
147 86
0
148 86
0
149 86
0
150 86
0
151 86
0
152 86
0
153 86
0
154 86
0
155 86
0
156 86
0
157 86
0
158 86
0
159 86
0
160 86
0
161 86
0
162 86
0
163 86
0
164 86
0
165 86
0
166 86
0
167 86
0
168 86
0
169 86
0
170 86
0
171 86
0
172 86
0
173 86
0
174 86
0
175 86
0
176 86
0
177 86
0
178 86
0
179 86
0
180 86
0
181 86
0
182 86
0
183 86
0
184 87
0
185 88
0
186 89
0
187 90
0
188 91
0
189 92
0
190 93
0
191 94
0
192 95
0
193 96
0
194 97
0
195 98
0
196 99
0
197 100
0
198 101
0
199 102
0
200 103
0
201 104
0
202 105
0
203 106
0
204 107
0
205 108
0
206 109
0
207 110
0
208 111
0
209 112
0
210 113
0
211 114
0
212 115
0
213 116
0
214 117
0
215 118
0
216 119
0
217 120
0
218 121
0
219 122
0
220 123
0
221 124
0
222 125
0
223 126
0
224 127
0
225 128
0
226 129
0
227 130
0
228 131
0
229 132
0
230 133
0
231 134
0
232 135
0
233 136
0
234 137
0
235 138
0
236 139
0
237 140
0
238 141
0
239 142
0
240 143
0
240 144
0
240 145
0
240 146
0
240 147
0
240 148
0
240 149
0
240 150
0
240 151
0
240 152
0
240 153
0
240 154
0
240 155
0
240 156
0
240 157
0
240 158
0
240 159
0
240 160
0
240 161
0
240 162
0
240 163
0
240 164
0
240 165
0
240 166
0
240 167
0
240 168
0
240 169
0
240 170
0
240 171
0
240 172
0
240 173
0
241 174
0
242 175
0
243 176
0
244 177
0
245 178
0
246 179
0
247 180
0
248 181
0
249 182
0
250 183
0
251 184
0
252 185
0
253 186
0
254 187
0
255 188
0
256 189
0
257 190
0
258 191
0
259 192
0
260 193
0
261 194
0
262 195
0
263 196
0
264 197
0
265 198
0
266 199
0
266 200
0
266 201
0
266 202
0
266 203
0
266 204
0
266 205
0
266 206
0
266 207
0
266 208
0
266 209
0
266 210
0
266 211
0
266 212
0
266 213
0
266 214
0
266 215
0
266 216
0
266 217
0
266 218
0
266 219
0
266 220
0
266 221
0
266 222
0
266 223
0
266 224
0
266 225
0
266 226
0
266 227
0
266 228
0
266 229
0
266 230
0
266 231
0
266 232
0
266 233
0
266 234
0
266 235
0
266 236
0
266 237
0
266 238
0
266 239
0
266 240
0
266 241
0
266 242
0
266 243
0
266 244
0
266 245
0
266 246
0
266 247
0
266 248
0
266 249
0
266 250
0
266 251
0
266 252
0
266 253
0
266 254
0
266 255
0
266 256
0
266 257
0
266 258
0
266 259
0
266 260
0
266 261
0
266 262
0
266 263
0
266 264
0
266 265
0
266 266
0
266 267
0
266 268
0
266 269
0
266 270
0
266 271
0
266 272
0
266 273
0
266 274
0
266 275
0
266 276
0
266 277
0
266 278
0
266 279
0
266 280
0
266 281
0
266 282
0
266 283
0
266 284
0
266 285
0
266 286
0
266 287
0
266 288
0
266 289
0
266 290
0
266 291
0
266 292
0
266 293
0
266 294
0
266 295
0
266 296
0
266 297
0
266 298
0
266 299
0
266 300
0
266 301
0
266 302
0
266 303
0
266 304
0
266 305
0
266 306
0
266 307
0
266 308
0
266 309
0
266 310
0
266 311
0
266 312
0
266 313
0
266 314
0
266 315
0
266 316
0
266 317
0
266 318
0
266 319
0
266 320
0
266 321
0
266 322
0
266 323
0
266 324
0
266 325
0
266 326
0
266 327
0
266 328
0
266 329
0
266 330
0
266 331
0
266 332
0
266 333
0
266 334
0
266 335
0
266 336
0
266 337
0
266 338
0
266 339
0
266 340
0
266 341
0
266 342
0
266 343
0
266 344
0
267 345
0
267 346
0
267 347
0
267 348
0
267 349
0
268 350
0
268 351
0
269 352
0
270 353
0
271 354
0
272 355
0
273 355
0
274 356
0
275 356
0
276 356
0
277 357
0
278 357
0
279 357
0
280 357
0
281 357
0
282 357
0
283 357
0
284 357
0
285 357
0
286 357
0
287 357
0
288 357
0
289 357
0
290 357
0
291 357
0
292 357
0
293 357
0
294 357
0
295 357
0
296 357
0
297 357
0
298 357
0
299 357
0
300 357
0
301 357
0
302 357
0
303 357
0
304 357
0
305 357
0
306 357
0
307 357
0
308 357
0
309 357
0
310 357
0
311 357
0
312 357
0
313 357
0
314 357
0
315 357
0
316 357
0
317 357
0
318 357
0
319 357
0
320 357
0
321 357
0
322 357
0
323 357
0
324 357
0
325 357
0
326 357
0
327 357
0
328 357
0
329 357
0
330 357
0
331 357
0
332 357
0
333 357
0
334 357
0
335 357
0
336 357
0
337 357
0
338 357
0
339 357
0
340 357
0
341 357
0
342 357
0
343 357
0
344 357
0
345 357
0
346 357
0
347 358
0
348 359
0
349 360
0
350 360
0
351 361
0
352 362
0
353 362
0
354 362
0
355 362
0
356 362
0
357 362
0
358 362
0
359 362
0
360 362
0
361 362
0
362 363
0
363 363
0
364 363
0
365 363
0
366 363
0
367 363
0
368 363
0
369 363
0
370 363
0
371 363
0
372 363
0
373 363
0
374 363
0
375 363
0
376 363
0
377 363
0
378 363
0
379 363
0
380 363
0
381 363
0
382 363
0
383 363
0
384 363
0
385 363
0
386 363
0
387 363
0
388 363
0
389 363
0
390 363
0
391 363
0
392 363
0
393 363
0
394 362
0
395 362
0
396 362
0
397 362
0
398 362
0
399 362
0
400 362
0
401 362
0
402 362
0
403 362
0
404 362
0
405 361
0
406 360
0
407 360
0
408 359
0
409 358
0
410 357
0
411 356
0
412 355
0
413 354
0
414 353
0
415 352
0
416 351
0
417 350
0
418 349
0
419 348
0
420 347
0
421 346
0
422 345
0
423 344
0
424 343
0
425 342
0
426 341
0
427 340
0
428 339
0
429 338
0
430 337
0
431 336
0
432 335
0
433 334
0
434 333
0
435 332
0
436 331
0
437 331
0
438 331
0
439 330
0
440 330
0
441 330
0
442 330
0
443 330
0
444 330
0
445 330
0
446 330
0
447 330
0
448 330
0
449 330
0
450 329
0
451 329
0
452 328
0
453 327
0
454 326
0
455 325
0
456 324
0
457 323
0
458 322
0
459 321
0
460 320
0
461 319
0
462 318
0
463 317
0
464 316
0
465 315
0
466 314
0
467 313
0
468 312
0
469 311
0
470 310
0
471 309
0
472 308
0
473 307
0
474 306
0
475 305
0
476 304
0
477 303
0
478 302
0
479 301
0
480 300
0
481 299
0
482 298
0
483 297
0
484 296
0
485 295
0
486 294
0
487 293
0
488 292
0
489 291
0
490 290
0
491 289
0
492 288
0
493 287
0
494 286
0
495 285
0
496 284
0
497 283
0
498 282
0
499 281
0
500 280
0
501 279
0
502 278
0
503 277
0
504 276
0
505 275
0
506 274
0
507 273
0
508 272
0
509 271
0
510 270
0
511 269
0
512 268
0
513 267
0
514 266
0
515 265
0
516 264
0
517 263
0
518 262
0
519 261
0
520 260
0
521 259
0
522 258
0
523 257
0
524 256
0
525 255
0
526 254
0
527 253
0
528 252
0
529 251
0
530 250
0
531 249
0
532 248
0
533 247
0
534 246
0
535 245
0
535 244
0
535 243
0
535 242
0
535 241
0
536 240
0
536 239
0
536 238
0
536 237
0
536 236
0
537 235
0
537 234
0
538 233
0
539 232
0
540 231
0
541 230
0
542 230
0
543 229
0
544 229
0
545 228
0
546 228
0
547 228
0
548 228
0
549 228
0
550 228
0
551 228
0
552 228
0
553 228
0
554 228
0
555 228
0
556 228
0
557 228
0
558 228
0
559 228
0
560 228
0
561 228
0
562 228
0
563 228
0
564 228
0
565 228
0
566 227
0
567 227
0
568 227
0
569 226
1
120 364 3.1415
1
118.046 364 3.1415
1
116.092 364 3.1415
1
114.139 364.001 3.1415
1
112.185 364.001 3.1415
1
110.231 364.001 3.1415
1
108.277 364.001 3.1415
1
106.324 364.001 3.1415
1
104.374 364.122 3.2034
1
102.42 364.122 3.2653
1
99.3082 363.568 3.37051
1
96.2718 362.69 3.47571
1
93.3444 361.498 3.58091
1
90.5583 360.005 3.68611
1
87.9445 358.228 3.79132
1
85.5317 356.186 3.89652
1
83.3467 353.902 4.00172
1
81.4135 351.401 4.10692
1
79.7537 348.711 4.21213
1
78.3855 345.862 4.31733
1
77.3241 342.885 4.42253
1
76.5812 339.812 4.52773
1
76.0937 336.688 4.56379
1
75.6255 333.561 4.56379
1
75.1574 330.433 4.56379
1
74.6892 327.306 4.56379
1
74.221 324.178 4.56379
1
73.7529 321.051 4.56379
1
73.2847 317.923 4.56379
1
72.8165 314.796 4.56379
1
72.3483 311.669 4.56379
1
71.8802 308.541 4.56379
1
71.412 305.414 4.56379
1
70.9438 302.286 4.56379
1
70.4756 299.159 4.56379
1
70.0075 296.031 4.56379
1
69.5393 292.904 4.56379
1
69.0711 289.777 4.56379
1
68.603 286.649 4.56379
1
68.1348 283.522 4.56379
1
67.6666 280.394 4.56379
1
67.1984 277.267 4.56379
1
66.7303 274.139 4.56379
1
66.2621 271.012 4.56379
1
65.7939 267.885 4.56379
1
65.3257 264.757 4.56379
1
64.8576 261.63 4.56379
1
64.3894 258.502 4.56379
1
63.9212 255.375 4.56379
1
63.4531 252.247 4.56379
1
62.9849 249.12 4.56379
1
62.5167 245.993 4.56379
1
62.0485 242.865 4.56379
1
61.5804 239.738 4.56379
1
61.1122 236.61 4.56379
1
60.644 233.483 4.56379
1
60.1758 230.355 4.56379
1
59.7077 227.228 4.56379
1
59.2395 224.101 4.56379
1
58.7713 220.973 4.56379
1
58.3032 217.846 4.56379
1
57.835 214.718 4.56379
1
57.3668 211.591 4.56379
1
56.8986 208.463 4.56379
1
56.4305 205.336 4.56379
1
55.9623 202.209 4.56379
1
55.4941 199.081 4.56379
1
55.0259 195.954 4.56379
1
54.5578 192.826 4.56379
1
54.0896 189.699 4.56379
1
53.6214 186.571 4.56379
1
53.1533 183.444 4.56379
1
52.6851 180.317 4.56379
1
52.2169 177.189 4.56379
1
51.7487 174.062 4.56379
1
51.2806 170.934 4.56379
1
50.8124 167.807 4.56379
1
50.3442 164.679 4.56379
1
49.876 161.552 4.56379
1
49.4079 158.425 4.56379
1
48.9397 155.297 4.56379
1
48.4715 152.17 4.56379
1
48.0034 149.042 4.56379
1
47.5352 145.915 4.56379
1
47.067 142.787 4.56379
1
46.5988 139.66 4.56379
1
46.1307 136.533 4.56379
1
45.6625 133.405 4.56379
1
45.1943 130.278 4.56379
1
44.7261 127.15 4.56379
1
44.258 124.023 4.56379
1
43.7898 120.895 4.56379
1
43.4747 117.75 4.66505
1
43.4913 114.59 4.77026
1
43.8398 111.448 4.87546
1
44.0371 109.504 4.93736
1
44.3543 107.576 4.99926
1
44.7901 105.672 5.06117
1
45.343 103.798 5.12307
1
46.0107 101.962 5.18497
1
46.7907 100.171 5.24687
1
47.68 98.4309 5.30877
1
48.6752 96.7496 5.37068
1
49.7725 95.1331 5.43258
1
50.9678 93.5877 5.49448
1
52.2563 92.1191 5.55638
1
50.8794 93.5051 5.61828
1
49.4194 94.8034 5.68019
1
47.8818 96.0088 5.74209
1
46.2726 97.1168 5.80399
1
47.9473 96.1105 5.86589
1
49.681 95.2097 5.92779
1
51.467 94.4178 5.9897
1
53.2987 93.738 6.0516
1
55.1689 93.1728 6.1135
1
57.1113 92.9626 6.0516
1
59.037 92.6327 5.9897
1
60.8687 91.9529 6.0516
1
62.7389 91.3877 6.1135
1
64.6405 90.9392 6.1754
1
66.5829 90.7291 6.1754
1
68.5253 90.5189 6.1754
1
70.4677 90.3087 6.1754
1
72.4101 90.0985 6.1754
1
74.3525 89.8884 6.1754
1
76.295 89.6782 6.1754
1
78.2374 89.468 6.1754
1
80.1798 89.2578 6.1754
1
82.1222 89.0477 6.1754
1
84.0646 88.8375 6.1754
1
86.007 88.6273 6.1754
1
87.9494 88.4171 6.1754
1
89.8919 88.207 6.1754
1
91.8343 87.9968 6.1754
1
93.7767 87.7866 6.1754
1
95.7191 87.5764 6.1754
1
97.6615 87.3663 6.1754
1
99.6039 87.1561 6.1754
1
101.546 86.9459 6.1754
1
103.489 86.7357 6.1754
1
105.414 86.4058 6.2373
1
107.357 86.1956 0.0160214
1
109.309 86.106 0.0779235
1
111.256 86.2581 0.0779235
1
113.204 86.4102 0.0779235
1
115.152 86.5623 0.0779235
1
117.1 86.7144 0.0779235
1
119.048 86.8665 0.0779235
1
120.995 87.0186 0.0779235
1
122.943 87.1707 0.0779235
1
124.891 87.3228 0.0779235
1
126.839 87.4749 0.0779235
1
128.787 87.627 0.0779235
1
130.74 87.6583 0.139826
1
132.688 87.8103 0.201728
1
134.623 88.0826 0.26363
1
136.537 88.4741 0.325532
1
138.423 88.9832 0.387434
1
140.274 89.6081 0.449336
1
142.083 90.3462 0.511238
1
143.843 91.1949 0.57314
1
145.547 92.1507 0.635042
1
147.189 93.2102 0.696944
1
148.761 94.3692 0.758846
1
150.093 95.7987 0.696944
1
151.511 97.143 0.635042
1
153.009 98.3971 0.57314
1
154.582 99.5561 0.511238
1
156.223 100.616 0.449336
1
158.032 101.354 0.511238
1
159.792 102.202 0.57314
1
161.434 103.262 0.57314
1
163.075 104.321 0.57314
1
164.717 105.381 0.57314
1
166.358 106.44 0.57314
1
168 107.5 0.57314
1
169.573 108.659 0.511238
1
171.214 109.718 0.449336
1
172.918 110.674 0.387434
1
174.678 111.523 0.325532
1
176.487 112.261 0.26363
1
178.338 112.886 0.201728
1
180.224 113.395 0.139826
1
182.139 113.786 0.0779235
1
184.073 114.058 0.0160214
1
186.025 113.969 0.0779235
1
187.978 114 0.139826
1
189.926 114.152 0.201728
1
191.861 114.425 0.26363
1
193.775 114.816 0.325532
1
195.661 115.325 0.387434
1
197.421 116.174 0.325532
1
199.23 116.912 0.26363
1
201.081 117.537 0.201728
1
202.967 118.046 0.139826
1
204.915 118.198 0.201728
1
206.85 118.47 0.26363
1
208.764 118.862 0.325532
1
210.65 119.371 0.387434
1
212.501 119.996 0.449336
1
214.31 120.734 0.511238
1
216.07 121.582 0.57314
1
217.774 122.538 0.635042
1
219.272 123.792 0.57314
1
220.845 124.951 0.511238
1
222.605 125.8 0.57314
1
224.309 126.756 0.635042
1
225.95 127.815 0.696944
1
227.523 128.974 0.758846
1
229.021 130.229 0.820748
1
230.439 131.573 0.88265
1
231.771 133.002 0.944552
1
233.012 134.511 1.00645
1
234.157 136.094 1.06836
1
235.202 137.745 1.13026
1
236.143 139.458 1.19216
1
236.976 141.225 1.25406
1
237.698 143.04 1.31596
1
238.307 144.897 1.37787
1
238.799 146.787 1.43977
1
238.934 148.736 1.37787
1
239.189 150.673 1.31596
1
239.564 152.591 1.25406
1
240.286 154.406 1.31596
1
240.895 156.263 1.37787
1
241.387 158.153 1.43977
1
241.762 160.071 1.50167
1
242.017 162.008 1.56357
1
242.152 163.957 1.62547
1
241.925 165.898 1.56357
1
242.06 167.847 1.62547
1
241.953 169.797 1.62547
1
241.846 171.748 1.62547
1
241.739 173.699 1.62547
1
241.633 175.65 1.62547
1
241.526 177.601 1.62547
1
241.419 179.552 1.62547
1
241.312 181.502 1.62547
1
241.205 183.453 1.62547
1
241.099 185.404 1.62547
1
240.992 187.355 1.62547
1
240.885 189.306 1.62547
1
240.778 191.257 1.62547
1
240.672 193.208 1.62547
1
240.565 195.158 1.62547
1
240.458 197.109 1.62547
1
240.351 199.06 1.62547
1
240.244 201.011 1.62547
1
240.138 202.962 1.62547
1
240.031 204.913 1.62547
1
239.924 206.863 1.62547
1
239.817 208.814 1.62547
1
239.711 210.765 1.62547
1
239.604 212.716 1.62547
1
239.497 214.667 1.62547
1
239.39 216.618 1.62547
1
239.283 218.568 1.62547
1
239.177 220.519 1.62547
1
239.07 222.47 1.62547
1
238.963 224.421 1.62547
1
238.856 226.372 1.62547
1
238.749 228.323 1.62547
1
238.643 230.273 1.62547
1
238.536 232.224 1.62547
1
238.429 234.175 1.62547
1
238.322 236.126 1.62547
1
238.216 238.077 1.62547
1
238.109 240.028 1.62547
1
238.002 241.978 1.62547
1
237.895 243.929 1.62547
1
237.788 245.88 1.62547
1
237.682 247.831 1.62547
1
237.575 249.782 1.62547
1
237.468 251.733 1.62547
1
237.361 253.683 1.62547
1
237.255 255.634 1.62547
1
237.148 257.585 1.62547
1
236.921 259.526 1.56357
1
236.814 261.476 1.50167
1
236.828 263.43 1.43977
1
236.963 265.379 1.37787
1
237.455 267.27 1.43977
1
237.83 269.187 1.50167
1
238.085 271.124 1.56357
1
238.099 273.078 1.56357
1
238.113 275.032 1.56357
1
238.128 276.986 1.56357
1
238.142 278.939 1.56357
1
238.156 280.893 1.56357
1
238.17 282.847 1.56357
1
238.184 284.8 1.56357
1
238.198 286.754 1.56357
1
238.212 288.708 1.56357
1
238.226 290.661 1.56357
1
238.24 292.615 1.56357
1
238.255 294.569 1.56357
1
238.269 296.523 1.56357
1
238.283 298.476 1.56357
1
238.297 300.43 1.56357
1
238.311 302.384 1.56357
1
238.325 304.337 1.56357
1
238.339 306.291 1.56357
1
238.204 304.342 1.62547
1
237.977 306.283 1.56357
1
237.87 308.233 1.50167
1
237.884 310.187 1.43977
1
238.019 312.136 1.37787
1
238.275 314.073 1.31596
1
238.649 315.991 1.25406
1
239.142 317.881 1.19216
1
239.75 319.738 1.13026
1
240.472 321.553 1.06836
1
241.306 323.32 1.00645
1
242.246 325.033 0.944552
1
243.291 326.684 0.88265
1
244.436 328.267 0.820748
1
245.768 329.696 0.820748
1
247.1 331.126 0.820748
1
248.432 332.555 0.820748
1
249.764 333.984 0.820748
1
251.096 335.414 0.820748
1
252.427 336.843 0.820748
1
253.759 338.273 0.820748
1
255.091 339.702 0.820748
1
256.423 341.132 0.820748
1
257.755 342.561 0.820748
1
259.086 343.991 0.820748
1
260.418 345.42 0.820748
1
261.75 346.85 0.820748
1
263.082 348.279 0.820748
1
264.323 349.788 0.758846
1
265.655 351.218 0.696944
1
267.072 352.562 0.635042
1
268.57 353.816 0.57314
1
270.143 354.975 0.511238
1
271.785 356.035 0.449336
1
273.489 356.991 0.387434
1
275.249 357.839 0.325532
1
277.058 358.577 0.26363
1
278.909 359.202 0.201728
1
280.795 359.711 0.139826
1
282.709 360.103 0.0779235
1
284.663 360.134 0.139826
1
286.61 360.286 0.201728
1
288.545 360.559 0.26363
1
290.459 360.95 0.325532
1
292.345 361.459 0.387434
1
294.197 362.084 0.449336
1
296.005 362.822 0.511238
1
297.765 363.671 0.57314
1
299.469 364.627 0.635042
1
301.111 365.686 0.696944
1
302.529 367.03 0.635042
1
304.027 368.284 0.57314
1
305.6 369.443 0.511238
1
307.241 370.503 0.449336
1
308.945 371.459 0.387434
1
310.705 372.307 0.325532
1
312.514 373.046 0.26363
1
314.365 373.67 0.201728
1
316.251 374.18 0.139826
1
318.165 374.571 0.0779235
1
320.1 374.843 0.0160214
1
322.053 374.875 0.0160214
1
324.007 374.906 0.0160214
1
325.96 374.937 0.0160214
1
327.914 374.969 0.0160214
1
329.867 375 0.0160214
1
331.821 375.031 0.0160214
1
333.774 375.063 0.0160214
1
335.728 375.094 0.0160214
1
337.681 375.125 0.0160214
1
339.635 375.156 0.0160214
1
341.588 375.188 0.0160214
1
343.542 375.219 0.0160214
1
345.495 375.25 0.0160214
1
347.449 375.282 0.0160214
1
349.402 375.313 0.0160214
1
351.356 375.344 0.0160214
1
353.309 375.376 0.0160214
1
355.263 375.407 0.0160214
1
357.216 375.438 0.0160214
1
359.17 375.47 0.0160214
1
361.123 375.501 0.0160214
1
363.077 375.532 0.0160214
1
365.03 375.564 0.0160214
1
366.984 375.595 0.0160214
1
368.937 375.626 0.0160214
1
370.891 375.657 0.0160214
1
372.844 375.689 0.0160214
1
374.798 375.72 0.0160214
1
376.751 375.751 0.0160214
1
378.705 375.783 0.0160214
1
380.658 375.814 0.0160214
1
382.612 375.845 0.0160214
1
384.565 375.877 0.0160214
1
386.519 375.908 0.0160214
1
388.466 376.06 6.2373
1
390.42 376.091 6.1754
1
392.372 376.002 6.1135
1
394.314 375.792 6.0516
1
396.24 375.462 5.9897
1
398.141 375.013 5.92779
1
400.012 374.448 5.86589
1
401.843 373.768 5.80399
1
403.629 372.976 5.74209
1
405.363 372.076 5.68019
1
407.038 371.069 5.61828
1
408.647 369.961 5.55638
1
410.185 368.756 5.49448
1
411.473 367.287 5.55638
1
412.85 365.901 5.61828
1
414.31 364.603 5.68019
1
415.985 363.597 5.61828
1
417.594 362.489 5.55638
1
419.054 361.19 5.55638
1
420.514 359.892 5.55638
1
421.974 358.594 5.55638
1
423.434 357.296 5.55638
1
424.894 355.997 5.55638
1
426.354 354.699 5.55638
1
427.814 353.401 5.55638
1
429.274 352.103 5.55638
1
430.734 350.804 5.55638
1
432.194 349.506 5.55638
1
433.654 348.208 5.55638
1
435.114 346.91 5.55638
1
436.575 345.611 5.55638
1
437.951 344.225 5.61828
1
439.411 342.927 5.68019
1
441.086 341.921 5.61828
1
442.695 340.813 5.55638
1
444.233 339.607 5.49448
1
445.693 338.309 5.43258
1
447.07 336.923 5.37068
1
448.265 335.377 5.37068
1
449.46 333.832 5.37068
1
450.656 332.286 5.37068
1
451.851 330.741 5.37068
1
453.046 329.195 5.37068
1
454.241 327.65 5.37068
1
455.436 326.104 5.37068
1
456.725 324.636 5.30877
1
457.72 322.955 5.37068
1
459.009 321.486 5.30877
1
460.204 319.94 5.24687
1
461.301 318.324 5.18497
1
462.297 316.643 5.12307
1
463.186 314.903 5.06117
1
463.966 313.112 4.99926
1
464.634 311.276 4.93736
1
465.186 309.402 4.87546
1
465.384 307.458 4.93736
1
465.701 305.53 4.99926
1
466.137 303.626 5.06117
1
466.689 301.752 5.12307
1
467.357 299.916 5.18497
1
468.137 298.124 5.24687
1
469.234 296.508 5.18497
1
470.23 294.827 5.12307
1
470.897 292.99 5.18497
1
471.893 291.309 5.12307
1
472.782 289.57 5.06117
1
473.562 287.778 4.99926
1
474.23 285.942 4.93736
1
474.782 284.068 4.87546
1
474.98 282.125 4.93736
1
475.297 280.197 4.99926
1
475.733 278.292 5.06117
1
476.286 276.418 5.12307
1
476.953 274.582 5.18497
1
477.733 272.791 5.24687
1
478.623 271.051 5.30877
1
479.618 269.37 5.37068
1
480.715 267.753 5.43258
1
481.91 266.208 5.49448
1
483.199 264.739 5.55638
1
484.736 263.534 5.49448
1
486.197 262.236 5.43258
1
488.403 259.973 5.53778
1
490.786 257.894 5.57139
1
493.181 255.829 5.57139
1
495.575 253.763 5.57139
1
497.97 251.698 5.57139
1
500.364 249.632 5.57139
1
502.759 247.566 5.57139
1
505.153 245.501 5.57139
1
507.548 243.435 5.57139
1
509.941 241.369 5.56163
1
512.201 239.159 5.45643
1
514.217 236.724 5.35123
1
515.965 234.091 5.24603
1
517.428 231.289 5.14082
1
518.588 228.349 5.03562
1
519.433 225.303 4.93042
1
519.953 222.185 4.82522
1
520.144 219.03 4.72001
1
520.002 215.872 4.61481
1
519.529 212.747 4.50961
1
518.73 209.689 4.40441
1
517.615 206.731 4.2992
1
518.287 208.566 4.2373
1
519.072 210.355 4.1754
1
519.965 212.093 4.1135
1
520.965 213.771 4.0516
1
522.066 215.385 3.98969
1
523.265 216.928 3.92779
1
524.558 218.393 3.86589
1
525.938 219.775 3.80399
1
527.401 221.07 3.74209
1
528.942 222.272 3.68018
1
530.554 223.376 3.61828
1
532.231 224.378 3.55638
1
533.967 225.274 3.49448
1
535.755 226.062 3.43258
1
537.589 226.737 3.37067
1
539.46 227.297 3.30877
1
541.363 227.741 3.24687
1
543.289 228.066 3.18497
1
545.232 228.271 3.12306
1
547.184 228.356 3.06116
1
549.138 228.32 2.99926
1
551.085 228.163 2.93736
1
552.97 227.649 2.99926
1
554.883 227.253 3.06116
1
556.817 226.976 3.12306
1
556.817 226.976 3.12306
1
558.558 226.836 3.1257
1
560.298 226.697 3.12833
1
562.038 226.558 3.13097
1
563.779 226.418 3.1336
1
565.519 226.279 3.13623
1
567.26 226.139 3.13887
1
569 226 3.1415
2
105.845 364.001
0 0 1 4.63287e-05
3
82.9009 373.213
82.8991 354.793
128.789 354.789
128.791 373.209
2
103.891 364.001
0 0 1 4.63287e-05
3
80.9471 373.214
80.9454 354.794
126.835 354.789
126.837 373.209
2
101.938 364.002
0 0 1 4.63287e-05
3
78.9934 373.214
78.9916 354.794
124.882 354.79
124.883 373.21
2
99.9837 364.002
0 0 1 4.63287e-05
3
77.0396 373.214
77.0379 354.794
122.928 354.79
122.93 373.21
2
98.03 364.002
0 0 1 4.63287e-05
3
75.0859 373.214
75.0841 354.794
120.974 354.79
120.976 373.21
2
96.0762 364.002
0 0 1 4.63287e-05
3
73.1321 373.214
73.1304 354.794
119.02 354.79
119.022 373.21
2
94.1225 364.002
0 0 1 4.63287e-05
3
71.1783 373.215
71.1766 354.795
117.067 354.79
117.068 373.21
2
92.1687 364.003
0 0 1 4.63287e-05
3
69.2246 373.215
69.2229 354.795
115.113 354.79
115.115 373.21
2
90.2458 363.248
0 0 0.999522 -0.0308998
3
66.7757 371.023
67.9135 352.638
113.716 355.473
112.578 373.858
2
88.3732 362.376
0 0 0.998088 -0.0618163
3
64.4671 368.684
66.74 350.405
112.279 356.068
110.006 374.347
2
85.5224 360.356
0 0 0.993457 -0.114207
3
61.0861 364.119
65.2659 346.18
109.959 356.593
105.779 374.532
2
82.8995 358.048
0 0 0.986078 -0.166282
3
58.2031 359.224
64.2437 341.823
107.596 356.872
101.555 374.273
2
80.5335 355.477
0 0 0.975972 -0.217897
3
55.8501 354.054
63.6846 337.383
105.217 356.901
97.3825 373.572
2
78.4505 352.673
0 0 0.963165 -0.268909
3
54.0531 348.665
63.5948 332.909
102.848 356.68
93.3062 372.436
2
76.6736 349.664
0 0 0.947695 -0.319178
3
52.8318 343.117
63.9753 328.45
100.515 356.212
89.3718 370.879
2
75.2223 346.486
0 0 0.929603 -0.368563
3
52.1999 337.472
64.8219 324.056
98.2447 355.501
85.6226 368.917
2
74.1128 343.173
0 0 0.908939 -0.416929
3
52.1643 331.791
66.1253 319.775
96.0612 354.556
82.1002 366.572
2
73.3573 339.762
0 0 0.885761 -0.464142
3
52.7255 326.138
67.8711 315.654
93.9891 353.387
78.8435 363.87
2
72.9642 336.291
0 0 0.860133 -0.51007
3
53.8771 320.575
70.0398 311.74
92.0513 352.006
75.8885 360.842
2
72.9378 332.797
0 0 0.832125 -0.554588
3
55.6065 315.164
72.6076 308.075
90.2691 350.43
73.2679 357.519
2
73.2784 329.32
0 0 0.801816 -0.597571
3
57.8945 309.965
75.5461 304.7
88.6622 348.676
71.0106 353.94
2
73.9822 325.898
0 0 0.769288 -0.638902
3
60.7159 305.034
78.8227 301.652
87.2485 346.762
69.1417 350.144
2
73.9981 322.689
0 0 0.757644 -0.652668
3
61.4926 301.36
79.7096 298.633
86.5036 344.018
68.2866 346.745
2
73.5299 319.562
0 0 0.757644 -0.652668
3
61.0244 298.233
79.2414 295.506
86.0354 340.89
67.8184 343.617
2
73.0617 316.434
0 0 0.757644 -0.652668
3
60.5562 295.106
78.7733 292.378
85.5672 337.763
67.3502 340.49
2
72.5936 313.307
0 0 0.757644 -0.652668
3
60.0881 291.978
78.3051 289.251
85.0991 334.635
66.882 337.362
2
72.1254 310.179
0 0 0.757644 -0.652668
3
59.6199 288.851
77.8369 286.124
84.6309 331.508
66.4139 334.235
2
71.6572 307.052
0 0 0.757644 -0.652668
3
59.1517 285.723
77.3687 282.996
84.1627 328.38
65.9457 331.108
2
71.189 303.924
0 0 0.757644 -0.652668
3
58.6836 282.596
76.9006 279.869
83.6945 325.253
65.4775 327.98
2
70.7209 300.797
0 0 0.757644 -0.652668
3
58.2154 279.468
76.4324 276.741
83.2264 322.126
65.0094 324.853
2
70.2527 297.67
0 0 0.757644 -0.652668
3
57.7472 276.341
75.9642 273.614
82.7582 318.998
64.5412 321.725
2
69.7845 294.542
0 0 0.757644 -0.652668
3
57.279 273.214
75.4961 270.486
82.29 315.871
64.073 318.598
2
69.3164 291.415
0 0 0.757644 -0.652668
3
56.8109 270.086
75.0279 267.359
81.8219 312.743
63.6048 315.47
2
68.8482 288.287
0 0 0.757644 -0.652668
3
56.3427 266.959
74.5597 264.232
81.3537 309.616
63.1367 312.343
2
68.38 285.16
0 0 0.757644 -0.652668
3
55.8745 263.831
74.0915 261.104
80.8855 306.488
62.6685 309.216
2
67.9118 282.032
0 0 0.757644 -0.652668
3
55.4064 260.704
73.6234 257.977
80.4173 303.361
62.2003 306.088
2
67.4437 278.905
0 0 0.757644 -0.652668
3
54.9382 257.576
73.1552 254.849
79.9492 300.234
61.7321 302.961
2
66.9755 275.778
0 0 0.757644 -0.652668
3
54.47 254.449
72.687 251.722
79.481 297.106
61.264 299.833
2
66.5073 272.65
0 0 0.757644 -0.652668
3
54.0018 251.322
72.2188 248.594
79.0128 293.979
60.7958 296.706
2
66.0391 269.523
0 0 0.757644 -0.652668
3
53.5337 248.194
71.7507 245.467
78.5446 290.851
60.3276 293.578
2
65.571 266.395
0 0 0.757644 -0.652668
3
53.0655 245.067
71.2825 242.34
78.0765 287.724
59.8595 290.451
2
65.1028 263.268
0 0 0.757644 -0.652668
3
52.5973 241.939
70.8143 239.212
77.6083 284.596
59.3913 287.324
2
64.6346 260.14
0 0 0.757644 -0.652668
3
52.1291 238.812
70.3461 236.085
77.1401 281.469
58.9231 284.196
2
64.1665 257.013
0 0 0.757644 -0.652668
3
51.661 235.684
69.878 232.957
76.6719 278.342
58.4549 281.069
2
63.6983 253.886
0 0 0.757644 -0.652668
3
51.1928 232.557
69.4098 229.83
76.2038 275.214
57.9868 277.941
2
63.2301 250.758
0 0 0.757644 -0.652668
3
50.7246 229.43
68.9416 226.702
75.7356 272.087
57.5186 274.814
2
62.7619 247.631
0 0 0.757644 -0.652668
3
50.2564 226.302
68.4735 223.575
75.2674 268.959
57.0504 271.686
2
62.2938 244.503
0 0 0.757644 -0.652668
3
49.7883 223.175
68.0053 220.448
74.7993 265.832
56.5822 268.559
2
61.8256 241.376
0 0 0.757644 -0.652668
3
49.3201 220.047
67.5371 217.32
74.3311 262.704
56.1141 265.432
2
61.3574 238.248
0 0 0.757644 -0.652668
3
48.8519 216.92
67.0689 214.193
73.8629 259.577
55.6459 262.304
2
60.8892 235.121
0 0 0.757644 -0.652668
3
48.3838 213.792
66.6008 211.065
73.3947 256.45
55.1777 259.177
2
60.4211 231.994
0 0 0.757644 -0.652668
3
47.9156 210.665
66.1326 207.938
72.9266 253.322
54.7096 256.049
2
59.9529 228.866
0 0 0.757644 -0.652668
3
47.4474 207.538
65.6644 204.81
72.4584 250.195
54.2414 252.922
2
59.4847 225.739
0 0 0.757644 -0.652668
3
46.9792 204.41
65.1962 201.683
71.9902 247.067
53.7732 249.794
2
59.0166 222.611
0 0 0.757644 -0.652668
3
46.5111 201.283
64.7281 198.556
71.522 243.94
53.305 246.667
2
58.5484 219.484
0 0 0.757644 -0.652668
3
46.0429 198.155
64.2599 195.428
71.0539 240.812
52.8369 243.54
2
58.0802 216.356
0 0 0.757644 -0.652668
3
45.5747 195.028
63.7917 192.301
70.5857 237.685
52.3687 240.412
2
57.612 213.229
0 0 0.757644 -0.652668
3
45.1065 191.9
63.3236 189.173
70.1175 234.558
51.9005 237.285
2
57.1439 210.102
0 0 0.757644 -0.652668
3
44.6384 188.773
62.8554 186.046
69.6494 231.43
51.4323 234.157
2
56.6757 206.974
0 0 0.757644 -0.652668
3
44.1702 185.646
62.3872 182.918
69.1812 228.303
50.9642 231.03
2
56.2075 203.847
0 0 0.757644 -0.652668
3
43.702 182.518
61.919 179.791
68.713 225.175
50.496 227.902
2
55.7393 200.719
0 0 0.757644 -0.652668
3
43.2339 179.391
61.4509 176.664
68.2448 222.048
50.0278 224.775
2
55.2712 197.592
0 0 0.757644 -0.652668
3
42.7657 176.263
60.9827 173.536
67.7767 218.92
49.5597 221.648
2
54.803 194.464
0 0 0.757644 -0.652668
3
42.2975 173.136
60.5145 170.409
67.3085 215.793
49.0915 218.52
2
54.3348 191.337
0 0 0.757644 -0.652668
3
41.8293 170.008
60.0463 167.281
66.8403 212.666
48.6233 215.393
2
53.8667 188.21
0 0 0.757644 -0.652668
3
41.3612 166.881
59.5782 164.154
66.3721 209.538
48.1551 212.265
2
53.3985 185.082
0 0 0.757644 -0.652668
3
40.893 163.754
59.11 161.026
65.904 206.411
47.687 209.138
2
52.9303 181.955
0 0 0.757644 -0.652668
3
40.4248 160.626
58.6418 157.899
65.4358 203.283
47.2188 206.01
2
52.4621 178.827
0 0 0.757644 -0.652668
3
39.9566 157.499
58.1737 154.772
64.9676 200.156
46.7506 202.883
2
51.994 175.7
0 0 0.757644 -0.652668
3
39.4885 154.371
57.7055 151.644
64.4995 197.028
46.2824 199.756
2
51.5258 172.572
0 0 0.757644 -0.652668
3
39.0203 151.244
57.2373 148.517
64.0313 193.901
45.8143 196.628
2
51.0576 169.445
0 0 0.757644 -0.652668
3
38.5521 148.116
56.7691 145.389
63.5631 190.774
45.3461 193.501
2
50.5894 166.318
0 0 0.757644 -0.652668
3
38.084 144.989
56.301 142.262
63.0949 187.646
44.8779 190.373
2
50.1213 163.19
0 0 0.757644 -0.652668
3
37.6158 141.862
55.8328 139.134
62.6268 184.519
44.4098 187.246
2
49.6531 160.063
0 0 0.757644 -0.652668
3
37.1476 138.734
55.3646 136.007
62.1586 181.391
43.9416 184.118
2
49.1849 156.935
0 0 0.757644 -0.652668
3
36.6794 135.607
54.8964 132.88
61.6904 178.264
43.4734 180.991
2
48.7168 153.808
0 0 0.757644 -0.652668
3
36.2113 132.479
54.4283 129.752
61.2222 175.136
43.0052 177.864
2
48.2486 150.68
0 0 0.757644 -0.652668
3
35.7431 129.352
53.9601 126.625
60.7541 172.009
42.5371 174.736
2
47.7804 147.553
0 0 0.757644 -0.652668
3
35.2749 126.224
53.4919 123.497
60.2859 168.882
42.0689 171.609
2
47.3122 144.426
0 0 0.757644 -0.652668
3
34.8067 123.097
53.0238 120.37
59.8177 165.754
41.6007 168.481
2
46.8441 141.298
0 0 0.757644 -0.652668
3
34.3386 119.97
52.5556 117.242
59.3496 162.627
41.1325 165.354
2
46.3759 138.171
0 0 0.757644 -0.652668
3
33.8704 116.842
52.0874 114.115
58.8814 159.499
40.6644 162.226
2
45.9077 135.043
0 0 0.757644 -0.652668
3
33.4022 113.715
51.6192 110.988
58.4132 156.372
40.1962 159.099
2
45.4395 131.916
0 0 0.757644 -0.652668
3
32.9341 110.587
51.1511 107.86
57.945 153.244
39.728 155.972
2
44.9714 128.788
0 0 0.757644 -0.652668
3
32.4659 107.46
50.6829 104.733
57.4769 150.117
39.2599 152.844
2
44.5032 125.661
0 0 0.757644 -0.652668
3
31.9977 104.332
50.2147 101.605
57.0087 146.99
38.7917 149.717
2
44.035 122.534
0 0 0.757644 -0.652668
3
31.5295 101.205
49.7465 98.4779
56.5405 143.862
38.3235 146.589
2
43.5669 119.406
0 0 0.757644 -0.652668
3
31.0614 98.0775
49.2784 95.3504
56.0723 140.735
37.8553 143.462
2
43.0987 116.279
0 0 0.757644 -0.652668
3
30.5932 94.9501
48.8102 92.223
55.6042 137.607
37.3872 140.334
2
42.6305 113.151
0 0 0.757644 -0.652668
3
30.125 91.8226
48.342 89.0956
55.136 134.48
36.919 137.207
2
42.1623 110.024
0 0 0.757644 -0.652668
3
29.6568 88.6952
47.8739 85.9682
54.6678 131.352
36.4508 134.08
2
41.6942 106.896
0 0 0.757644 -0.652668
3
29.1887 85.5678
47.4057 82.8407
54.1997 128.225
35.9826 130.952
2
42.8049 103.611
0 0 0.723643 -0.690175
3
32.5195 81.1277
50.9189 80.2561
53.0903 126.095
34.6909 126.966
2
44.31 100.458
0 0 0.686354 -0.727267
3
36.4424 77.0189
54.8316 78.0843
52.1775 123.897
33.7884 122.832
2
46.1378 97.4807
0 0 0.647167 -0.762348
3
40.7751 73.3449
58.9507 76.3354
51.5006 121.617
33.3249 118.626
2
47.1948 95.7059
0 0 0.623266 -0.78201
3
43.3355 71.2845
61.2913 75.3937
51.0541 120.127
33.0983 116.018
2
48.3595 93.9998
0 0 0.598767 -0.800923
3
46.0184 69.3865
63.6856 74.5985
50.7007 118.613
33.0335 113.401
2
49.6276 92.3691
0 0 0.573695 -0.819069
3
48.8135 67.6581
66.1245 73.9531
50.4416 117.08
33.1307 110.785
2
50.9941 90.8199
0 0 0.548073 -0.83643
3
51.7103 66.1059
68.5987 73.4597
50.2779 115.534
33.3895 108.18
2
52.4538 89.3582
0 0 0.521926 -0.852991
3
54.6975 64.7358
71.0986 73.1204
50.2101 113.981
33.809 105.596
2
54.0012 87.9897
0 0 0.49528 -0.868734
3
57.7638 63.5532
73.6148 72.9363
50.2386 112.426
34.3876 103.043
2
55.6302 86.7195
0 0 0.468159 -0.883645
3
60.8973 62.5626
76.1375 72.9083
50.3631 110.876
35.1229 100.531
2
57.3347 85.5524
0 0 0.440589 -0.897709
3
64.0861 61.7677
78.6571 73.0363
50.5833 109.337
36.0123 98.0685
2
59.1081 84.4931
0 0 0.412597 -0.910914
3
67.318 61.1715
81.164 73.32
50.8983 107.815
37.0523 95.6662
2
60.9437 83.5455
0 0 0.384211 -0.923246
3
70.5806 60.7765
83.6485 73.7583
51.3069 106.315
38.2389 93.3328
2
62.8344 82.7133
0 0 0.355456 -0.934693
3
73.8614 60.584
86.1011 74.3494
51.8074 104.843
39.5676 91.0772
2
62.0191 84.7718
0 0 0.32636 -0.945245
3
74.3939 63.3671
85.7587 77.8632
49.6443 106.176
38.2795 91.6803
2
61.078 86.7758
0 0 0.296952 -0.954892
3
74.7532 66.1777
85.1995 81.3491
47.4027 107.374
36.9564 92.2026
2
60.0147 88.7179
0 0 0.26726 -0.963624
3
74.938 69.0052
84.4257 84.7937
45.0914 108.431
35.6036 92.642
2
58.8333 90.5904
0 0 0.237312 -0.971434
3
74.9475 71.8386
83.4403 88.1839
42.7191 109.342
34.2263 92.9969
2
60.8876 90.3736
0 0 0.207136 -0.978312
3
78.131 72.6546
85.5964 89.494
43.6442 108.093
36.1788 91.2532
2
62.9514 90.2843
0 0 0.176762 -0.984254
3
81.2579 73.666
87.6673 90.9349
44.6449 106.903
38.2356 89.6337
2
65.0168 90.3229
0 0 0.146218 -0.989252
3
84.3163 74.8688
89.6451 92.5012
45.7173 105.777
40.3885 88.1445
2
67.0758 90.4891
0 0 0.115535 -0.993303
3
87.2944 76.2586
91.5222 94.1869
46.8573 104.72
42.6295 86.7914
2
69.1206 90.7824
0 0 0.0847406 -0.996403
3
90.1808 77.8299
93.2914 95.9854
48.0605 103.735
44.9498 85.5795
2
70.8884 89.7137
0 0 0.115535 -0.993303
3
91.107 75.4832
95.3348 93.4115
50.6699 103.944
46.4421 86.016
2
72.5868 88.5377
0 0 0.146218 -0.989252
3
91.8862 73.0837
97.215 90.7161
53.2873 103.992
47.9585 86.3594
2
74.6458 88.704
0 0 0.115535 -0.993303
3
94.8643 74.4735
99.0921 92.4017
54.4272 102.934
50.1994 85.0062
2
76.6906 88.9973
0 0 0.0847406 -0.996403
3
97.7507 76.0448
100.861 94.2003
55.6304 101.95
52.5198 83.7943
2
78.7133 89.4165
0 0 0.0538653 -0.998548
3
100.534 77.7917
102.516 96.1048
56.8922 101.041
54.9107 82.7283
2
80.6558 89.2064
0 0 0.0538653 -0.998548
3
102.477 77.5815
104.458 95.8946
58.8347 100.831
56.8531 82.5181
2
82.5982 88.9962
0 0 0.0538653 -0.998548
3
104.419 77.3713
106.401 95.6844
60.7771 100.621
58.7956 82.3079
2
84.5406 88.786
0 0 0.0538653 -0.998548
3
106.362 77.1612
108.343 95.4743
62.7195 100.411
60.738 82.0977
2
86.483 88.5758
0 0 0.0538653 -0.998548
3
108.304 76.951
110.286 95.2641
64.6619 100.201
62.6804 81.8876
2
88.4254 88.3657
0 0 0.0538653 -0.998548
3
110.247 76.7408
112.228 95.0539
66.6043 99.9905
64.6228 81.6774
2
90.3678 88.1555
0 0 0.0538653 -0.998548
3
112.189 76.5306
114.17 94.8437
68.5467 99.7803
66.5652 81.4672
2
92.3102 87.9453
0 0 0.0538653 -0.998548
3
114.131 76.3205
116.113 94.6336
70.4891 99.5701
68.5076 81.257
2
94.2526 87.7351
0 0 0.0538653 -0.998548
3
116.074 76.1103
118.055 94.4234
72.4316 99.36
70.45 81.0469
2
96.1951 87.525
0 0 0.0538653 -0.998548
3
118.016 75.9001
119.998 94.2132
74.374 99.1498
72.3925 80.8367
2
98.1375 87.3148
0 0 0.0538653 -0.998548
3
119.959 75.6899
121.94 94.003
76.3164 98.9396
74.3349 80.6265
2
100.08 87.1046
0 0 0.0538653 -0.998548
3
121.901 75.4798
123.882 93.7929
78.2588 98.7295
76.2773 80.4163
2
102.022 86.8944
0 0 0.0538653 -0.998548
3
123.843 75.2696
125.825 93.5827
80.2012 98.5193
78.2197 80.2062
2
103.965 86.6843
0 0 0.0538653 -0.998548
3
125.786 75.0594
127.767 93.3725
82.1436 98.3091
80.1621 79.996
2
105.907 86.4741
0 0 0.0538653 -0.998548
3
127.728 74.8492
129.71 93.1624
84.086 98.0989
82.1045 79.7858
2
107.85 86.2639
0 0 0.0538653 -0.998548
3
129.671 74.6391
131.652 92.9522
86.0284 97.8888
84.0469 79.5756
2
109.792 86.0537
0 0 0.0538653 -0.998548
3
131.613 74.4289
133.595 92.742
87.9709 97.6786
85.9893 79.3655
2
111.734 85.8436
0 0 0.0538653 -0.998548
3
133.555 74.2187
135.537 92.5318
89.9133 97.4684
87.9318 79.1553
2
113.677 85.6334
0 0 0.0538653 -0.998548
3
135.498 74.0085
137.479 92.3217
91.8557 97.2582
89.8742 78.9451
2
115.619 85.4232
0 0 0.0538653 -0.998548
3
137.44 73.7984
139.422 92.1115
93.7981 97.0481
91.8166 78.7349
2
117.562 85.213
0 0 0.0538653 -0.998548
3
139.383 73.5882
141.364 91.9013
95.7405 96.8379
93.759 78.5248
2
119.555 85.7566
0 0 0.0229383 -0.999737
3
142.053 75.5039
142.898 93.9045
97.0561 96.0093
96.2113 77.6087
2
121.51 86.4224
0 0 0.00801063 0.999968
3
144.6 77.5812
144.305 95.9988
98.4204 95.2636
98.7155 76.846
2
123.421 87.2079
0 0 0.0389519 0.999241
3
147.013 79.812
145.579 98.1761
99.8283 94.6038
101.262 76.2397
2
125.368 87.36
0 0 0.0389519 0.999241
3
148.961 79.9641
147.527 98.3282
101.776 94.7559
103.21 76.3918
2
127.316 87.5121
0 0 0.0389519 0.999241
3
150.909 80.1162
149.475 98.4803
103.724 94.908
105.158 76.5439
2
129.264 87.6642
0 0 0.0389519 0.999241
3
152.856 80.2683
151.422 98.6324
105.672 95.0601
107.106 76.696
2
131.212 87.8163
0 0 0.0389519 0.999241
3
154.804 80.4204
153.37 98.7845
107.62 95.2122
109.053 76.8481
2
133.16 87.9684
0 0 0.0389519 0.999241
3
156.752 80.5725
155.318 98.9366
109.567 95.3643
111.001 77.0002
2
135.108 88.1205
0 0 0.0389519 0.999241
3
158.7 80.7246
157.266 99.0887
111.515 95.5164
112.949 77.1523
2
137.055 88.2726
0 0 0.0389519 0.999241
3
160.648 80.8767
159.214 99.2408
113.463 95.6685
114.897 77.3044
2
139.003 88.4247
0 0 0.0389519 0.999241
3
162.595 81.0288
161.162 99.3929
115.411 95.8206
116.845 77.4565
2
140.951 88.5768
0 0 0.0389519 0.999241
3
164.543 81.1808
163.109 99.545
117.359 95.9727
118.793 77.6086
2
142.899 88.7288
0 0 0.0389519 0.999241
3
166.491 81.3329
165.057 99.697
119.306 96.1248
120.74 77.7606
2
144.757 89.631
0 0 0.0698558 0.997557
3
168.762 83.7088
166.195 101.949
120.752 95.5533
123.32 77.3131
2
146.556 90.6465
0 0 0.100693 0.994918
3
170.881 86.2205
167.19 104.267
122.231 95.0724
125.922 77.0259
2
148.289 91.7712
0 0 0.131433 0.991325
3
172.841 88.8586
168.041 106.642
123.736 94.6839
128.536 76.9003
2
149.948 93.001
0 0 0.162048 0.986783
3
174.634 91.6129
168.743 109.065
125.263 94.3892
131.154 76.9366
2
151.529 94.3312
0 0 0.192508 0.981295
3
176.253 94.4727
169.294 111.527
126.805 94.1896
133.764 77.1349
2
153.024 95.7565
0 0 0.222783 0.974868
3
177.692 97.4273
169.691 114.019
128.356 94.0857
136.357 77.4942
2
154.428 97.2716
0 0 0.252844 0.967507
3
178.946 100.465
169.934 116.53
129.911 94.078
138.923 78.0132
2
155.736 98.8707
0 0 0.282664 0.959219
3
180.009 103.575
170.02 119.051
131.463 94.1665
141.452 78.69
2
156.942 100.548
0 0 0.312212 0.950012
3
180.878 106.744
169.951 121.573
133.007 94.3509
143.934 79.5219
2
158.043 102.296
0 0 0.341462 0.939896
3
181.549 109.962
169.725 124.086
134.537 94.6304
146.36 80.5058
2
159.033 104.109
0 0 0.370385 0.928878
3
182.02 113.214
169.345 126.58
136.046 95.004
148.72 81.6379
2
160.947 104.884
0 0 0.341462 0.939896
3
184.453 112.55
172.63 126.675
137.441 97.2189
149.265 83.0943
2
162.906 105.54
0 0 0.312212 0.950012
3
186.842 111.737
175.915 126.566
138.971 99.3432
149.898 84.5142
2
164.902 106.073
0 0 0.282664 0.959219
3
189.175 110.777
179.186 126.254
140.629 101.369
150.618 85.8922
2
166.927 106.482
0 0 0.252844 0.967507
3
191.444 109.675
182.432 125.74
142.41 103.288
151.422 87.2231
2
168.973 106.764
0 0 0.222783 0.974868
3
193.641 108.435
185.64 125.026
144.305 105.093
152.307 88.5017
2
170.378 108.279
0 0 0.252844 0.967507
3
194.895 111.473
185.883 127.538
145.86 105.086
154.872 89.0207
2
171.685 109.878
0 0 0.282664 0.959219
3
195.958 114.582
185.969 130.059
147.413 105.174
157.401 89.6975
2
173.327 110.938
0 0 0.282664 0.959219
3
197.6 115.642
187.611 131.118
149.054 106.233
159.043 90.757
2
174.968 111.997
0 0 0.282664 0.959219
3
199.241 116.701
189.252 132.178
150.696 107.293
160.684 91.8164
2
176.61 113.057
0 0 0.282664 0.959219
3
200.883 117.761
190.894 133.237
152.337 108.352
162.326 92.8759
2
178.251 114.116
0 0 0.282664 0.959219
3
202.524 118.82
192.536 134.297
153.979 109.412
163.967 93.9353
2
179.893 115.176
0 0 0.282664 0.959219
3
204.166 119.88
194.177 135.356
155.62 110.471
165.609 94.9948
2
181.918 115.584
0 0 0.252844 0.967507
3
206.435 118.778
197.423 134.842
157.401 112.39
166.413 96.3257
2
183.964 115.867
0 0 0.222783 0.974868
3
208.632 117.537
200.631 134.129
159.296 114.196
167.297 97.6042
2
186.024 116.022
0 0 0.192508 0.981295
3
210.748 116.164
203.789 133.218
161.3 115.88
168.259 98.8256
2
188.09 116.05
0 0 0.162048 0.986783
3
212.775 114.661
206.884 132.114
163.404 117.438
169.295 99.9852
2
190.153 115.949
0 0 0.131433 0.991325
3
214.705 113.037
209.905 130.82
165.601 118.862
170.401 101.078
2
192.206 115.722
0 0 0.100693 0.994918
3
216.531 111.296
212.841 129.342
167.881 120.148
171.572 102.101
2
194.241 115.368
0 0 0.0698558 0.997557
3
218.246 109.445
215.679 127.685
170.237 121.29
172.804 103.05
2
196.251 114.888
0 0 0.0389519 0.999241
3
219.843 107.492
218.409 125.856
172.658 122.284
174.092 103.92
2
198.226 114.285
0 0 0.00801061 0.999968
3
221.316 105.444
221.021 123.862
175.137 123.126
175.432 104.709
2
200.137 115.071
0 0 0.0389519 0.999241
3
223.729 107.675
222.295 126.039
176.545 122.467
177.979 104.103
2
201.995 115.973
0 0 0.0698558 0.997557
3
226 110.051
223.433 128.291
177.991 121.895
180.558 103.655
2
203.794 116.988
0 0 0.100693 0.994918
3
228.119 112.562
224.429 130.609
179.469 121.414
183.16 103.368
2
205.527 118.113
0 0 0.131433 0.991325
3
230.079 115.201
225.279 132.984
180.975 121.026
185.775 103.242
2
207.187 119.343
0 0 0.162048 0.986783
3
231.872 117.955
225.981 135.407
182.501 120.731
188.392 103.279
2
208.767 120.673
0 0 0.192508 0.981295
3
233.491 120.815
226.532 137.869
184.043 120.532
191.002 103.477
2
210.833 120.701
0 0 0.162048 0.986783
3
235.518 119.313
229.627 136.765
186.147 122.089
192.038 104.636
2
212.896 120.601
0 0 0.131433 0.991325
3
237.448 117.688
232.648 135.472
188.344 123.513
193.144 105.73
2
214.949 120.373
0 0 0.100693 0.994918
3
239.274 115.947
235.584 133.993
190.624 124.799
194.315 106.752
2
216.984 120.019
0 0 0.0698558 0.997557
3
240.989 114.096
238.422 132.337
192.98 125.941
195.547 107.701
2
218.783 121.034
0 0 0.100693 0.994918
3
243.108 116.608
239.418 134.655
194.458 125.46
198.149 107.414
2
220.516 122.159
0 0 0.131433 0.991325
3
245.068 119.246
240.268 137.03
195.964 125.072
200.764 107.288
2
222.176 123.389
0 0 0.162048 0.986783
3
246.861 122
240.97 139.453
197.49 124.777
203.381 107.324
2
223.756 124.719
0 0 0.192508 0.981295
3
248.48 124.86
241.521 141.915
199.032 124.577
205.991 107.523
2
225.251 126.144
0 0 0.222783 0.974868
3
249.919 127.815
241.918 144.407
200.583 124.473
208.584 107.882
2
226.656 127.659
0 0 0.252844 0.967507
3
251.173 130.853
242.161 146.918
202.138 124.466
211.15 108.401
2
227.963 129.258
0 0 0.282664 0.959219
3
252.236 133.963
242.247 149.439
203.69 124.554
213.679 109.078
2
229.17 130.935
0 0 0.312212 0.950012
3
253.105 137.132
242.178 151.961
205.234 124.739
216.161 109.91
2
231.165 131.468
0 0 0.282664 0.959219
3
255.438 136.173
245.449 151.649
206.893 126.764
216.881 111.288
2
233.19 131.877
0 0 0.252844 0.967507
3
257.708 135.07
248.695 151.135
208.673 128.683
217.685 112.618
2
234.498 133.476
0 0 0.282664 0.959219
3
258.771 138.18
248.782 153.657
210.225 128.772
220.214 113.295
2
235.704 135.153
0 0 0.312212 0.950012
3
259.64 141.35
248.713 156.179
211.769 128.956
222.696 114.127
2
236.805 136.901
0 0 0.341462 0.939896
3
260.311 144.567
248.487 158.691
213.299 129.236
225.122 115.111
2
237.795 138.714
0 0 0.370385 0.928878
3
260.781 147.819
248.107 161.185
214.808 129.609
227.482 116.243
2
238.671 140.585
0 0 0.398952 0.916972
3
261.05 151.095
247.573 163.651
216.291 130.075
229.768 117.519
2
239.429 142.507
0 0 0.427138 0.904186
3
261.116 154.38
246.888 166.079
217.743 130.633
231.971 118.934
2
240.067 144.471
0 0 0.454914 0.890535
3
260.978 157.664
246.053 168.46
219.157 131.278
234.081 120.482
2
240.583 146.472
0 0 0.482255 0.876031
3
260.637 160.933
245.073 170.785
220.528 132.01
236.092 122.158
2
240.973 148.5
0 0 0.509134 0.860687
3
260.095 164.174
243.951 173.044
221.852 132.826
237.996 123.956
2
241.238 150.549
0 0 0.535525 0.844519
3
259.353 167.376
242.692 175.23
223.123 133.722
239.784 125.867
2
241.375 152.61
0 0 0.561403 0.827543
3
258.415 170.525
241.299 177.334
224.336 134.695
241.451 127.886
2
241.385 154.676
0 0 0.586743 0.809773
3
257.283 173.611
239.779 179.348
225.486 135.741
242.99 130.003
2
241.266 156.738
0 0 0.611522 0.791228
3
255.963 176.62
238.138 181.264
226.57 136.856
244.395 132.212
2
241.021 158.789
0 0 0.635714 0.771925
3
254.459 179.542
236.381 183.074
227.582 138.036
245.66 134.504
2
240.649 160.821
0 0 0.659298 0.751882
3
252.777 182.366
234.515 184.773
228.52 139.276
246.782 136.869
2
241.648 162.629
0 0 0.635714 0.771925
3
255.087 183.382
237.008 186.914
228.21 141.875
246.288 138.344
2
242.758 164.371
0 0 0.611522 0.791228
3
257.454 184.254
239.629 188.897
228.061 144.489
245.886 139.846
2
243.973 166.042
0 0 0.586743 0.809773
3
259.871 184.977
242.367 190.714
228.074 147.107
245.578 141.37
2
243.854 168.104
0 0 0.611522 0.791228
3
258.551 187.986
240.726 192.63
229.158 148.222
246.983 143.578
2
243.609 170.155
0 0 0.635714 0.771925
3
257.047 190.909
238.969 194.44
230.17 149.402
248.248 145.87
2
243.237 172.187
0 0 0.659298 0.751882
3
255.365 193.732
237.103 196.139
231.108 150.642
249.37 148.236
2
242.739 174.192
0 0 0.68225 0.731119
3
253.512 196.446
235.136 197.719
231.967 151.938
250.343 150.666
2
242.119 176.163
0 0 0.704548 0.709656
3
251.495 199.04
233.075 199.174
232.744 153.285
251.163 153.152
2
241.378 178.091
0 0 0.726172 0.687513
3
249.321 201.505
230.928 200.498
233.436 154.677
251.829 155.684
2
242.027 180.052
0 0 0.704548 0.709656
3
251.402 202.93
232.983 203.063
232.651 157.174
251.071 157.041
2
241.286 181.98
0 0 0.726172 0.687513
3
249.228 205.395
230.836 204.388
233.344 158.566
251.736 159.573
2
241.179 183.931
0 0 0.726172 0.687513
3
249.122 207.345
230.729 206.339
233.237 160.517
251.63 161.524
2
241.073 185.882
0 0 0.726172 0.687513
3
249.015 209.296
230.622 208.29
233.13 162.468
251.523 163.475
2
240.966 187.833
0 0 0.726172 0.687513
3
248.908 211.247
230.516 210.24
233.023 164.419
251.416 165.426
2
240.859 189.784
0 0 0.726172 0.687513
3
248.801 213.198
230.409 212.191
232.917 166.37
251.309 167.376
2
240.752 191.735
0 0 0.726172 0.687513
3
248.694 215.149
230.302 214.142
232.81 168.321
251.202 169.327
2
240.645 193.686
0 0 0.726172 0.687513
3
248.588 217.1
230.195 216.093
232.703 170.271
251.096 171.278
2
240.539 195.636
0 0 0.726172 0.687513
3
248.481 219.05
230.088 218.044
232.596 172.222
250.989 173.229
2
240.432 197.587
0 0 0.726172 0.687513
3
248.374 221.001
229.982 219.995
232.49 174.173
250.882 175.18
2
240.325 199.538
0 0 0.726172 0.687513
3
248.267 222.952
229.875 221.945
232.383 176.124
250.775 177.131
2
240.218 201.489
0 0 0.726172 0.687513
3
248.161 224.903
229.768 223.896
232.276 178.075
250.669 179.081
2
240.112 203.44
0 0 0.726172 0.687513
3
248.054 226.854
229.661 225.847
232.169 180.026
250.562 181.032
2
240.005 205.391
0 0 0.726172 0.687513
3
247.947 228.805
229.555 227.798
232.062 181.976
250.455 182.983
2
239.898 207.341
0 0 0.726172 0.687513
3
247.84 230.755
229.448 229.749
231.956 183.927
250.348 184.934
2
239.791 209.292
0 0 0.726172 0.687513
3
247.733 232.706
229.341 231.7
231.849 185.878
250.241 186.885
2
239.684 211.243
0 0 0.726172 0.687513
3
247.627 234.657
229.234 233.65
231.742 187.829
250.135 188.836
2
239.578 213.194
0 0 0.726172 0.687513
3
247.52 236.608
229.127 235.601
231.635 189.78
250.028 190.786
2
239.471 215.145
0 0 0.726172 0.687513
3
247.413 238.559
229.021 237.552
231.529 191.731
249.921 192.737
2
239.364 217.096
0 0 0.726172 0.687513
3
247.306 240.51
228.914 239.503
231.422 193.681
249.814 194.688
2
239.257 219.046
0 0 0.726172 0.687513
3
247.2 242.46
228.807 241.454
231.315 195.632
249.707 196.639
2
239.15 220.997
0 0 0.726172 0.687513
3
247.093 244.411
228.7 243.405
231.208 197.583
249.601 198.59
2
239.044 222.948
0 0 0.726172 0.687513
3
246.986 246.362
228.593 245.355
231.101 199.534
249.494 200.541
2
238.937 224.899
0 0 0.726172 0.687513
3
246.879 248.313
228.487 247.306
230.995 201.485
249.387 202.492
2
238.83 226.85
0 0 0.726172 0.687513
3
246.772 250.264
228.38 249.257
230.888 203.436
249.28 204.442
2
238.723 228.801
0 0 0.726172 0.687513
3
246.666 252.215
228.273 251.208
230.781 205.387
249.174 206.393
2
238.617 230.751
0 0 0.726172 0.687513
3
246.559 254.165
228.166 253.159
230.674 207.337
249.067 208.344
2
238.51 232.702
0 0 0.726172 0.687513
3
246.452 256.116
228.06 255.11
230.568 209.288
248.96 210.295
2
238.403 234.653
0 0 0.726172 0.687513
3
246.345 258.067
227.953 257.06
230.461 211.239
248.853 212.246
2
238.296 236.604
0 0 0.726172 0.687513
3
246.238 260.018
227.846 259.011
230.354 213.19
248.746 214.197
2
238.189 238.555
0 0 0.726172 0.687513
3
246.132 261.969
227.739 260.962
230.247 215.141
248.64 216.147
2
238.083 240.506
0 0 0.726172 0.687513
3
246.025 263.92
227.632 262.913
230.14 217.092
248.533 218.098
2
237.976 242.456
0 0 0.726172 0.687513
3
245.918 265.87
227.526 264.864
230.034 219.042
248.426 220.049
2
237.869 244.407
0 0 0.726172 0.687513
3
245.811 267.821
227.419 266.815
229.927 220.993
248.319 222
2
237.762 246.358
0 0 0.726172 0.687513
3
245.705 269.772
227.312 268.765
229.82 222.944
248.213 223.951
2
237.656 248.309
0 0 0.726172 0.687513
3
245.598 271.723
227.205 270.716
229.713 224.895
248.106 225.902
2
237.549 250.26
0 0 0.726172 0.687513
3
245.491 273.674
227.099 272.667
229.607 226.846
247.999 227.852
2
237.442 252.211
0 0 0.726172 0.687513
3
245.384 275.625
226.992 274.618
229.5 228.797
247.892 229.803
2
237.335 254.161
0 0 0.726172 0.687513
3
245.277 277.575
226.885 276.569
229.393 230.747
247.785 231.754
2
237.228 256.112
0 0 0.726172 0.687513
3
245.171 279.526
226.778 278.52
229.286 232.698
247.679 233.705
2
237.122 258.063
0 0 0.726172 0.687513
3
245.064 281.477
226.671 280.47
229.179 234.649
247.572 235.656
2
237.015 260.014
0 0 0.726172 0.687513
3
244.957 283.428
226.565 282.421
229.073 236.6
247.465 237.607
2
236.908 261.965
0 0 0.726172 0.687513
3
244.85 285.379
226.458 284.372
228.966 238.551
247.358 239.557
2
236.801 263.916
0 0 0.726172 0.687513
3
244.744 287.33
226.351 286.323
228.859 240.502
247.252 241.508
2
236.695 265.866
0 0 0.726172 0.687513
3
244.637 289.28
226.244 288.274
228.752 242.452
247.145 243.459
2
236.588 267.817
0 0 0.726172 0.687513
3
244.53 291.231
226.138 290.225
228.645 244.403
247.038 245.41
2
236.481 269.768
0 0 0.726172 0.687513
3
244.423 293.182
226.031 292.175
228.539 246.354
246.931 247.361
2
236.374 271.719
0 0 0.726172 0.687513
3
244.316 295.133
225.924 294.126
228.432 248.305
246.824 249.312
2
237.023 273.68
0 0 0.704548 0.709656
3
246.398 296.558
227.979 296.691
227.647 250.802
246.067 250.669
2
237.791 275.598
0 0 0.68225 0.731119
3
248.564 297.852
230.188 299.124
227.019 253.344
245.395 252.071
2
238.677 277.464
0 0 0.659298 0.751882
3
250.806 299.009
232.544 301.415
226.548 255.919
244.81 253.512
2
239.677 279.272
0 0 0.635714 0.771925
3
253.115 300.025
235.037 303.557
226.238 258.518
244.317 254.986
2
239.305 281.304
0 0 0.659298 0.751882
3
251.434 302.849
233.171 305.255
227.176 259.759
245.438 257.352
2
238.808 283.309
0 0 0.68225 0.731119
3
249.58 305.563
231.204 306.835
228.035 261.055
246.411 259.782
2
238.187 285.279
0 0 0.704548 0.709656
3
247.563 308.157
229.143 308.29
228.812 262.401
247.231 262.268
2
238.202 287.233
0 0 0.704548 0.709656
3
247.577 310.111
229.158 310.244
228.826 264.355
247.246 264.222
2
238.216 289.186
0 0 0.704548 0.709656
3
247.591 312.064
229.172 312.197
228.84 266.309
247.26 266.176
2
238.23 291.14
0 0 0.704548 0.709656
3
247.605 314.018
229.186 314.151
228.854 268.262
247.274 268.129
2
238.244 293.094
0 0 0.704548 0.709656
3
247.619 315.972
229.2 316.105
228.868 270.216
247.288 270.083
2
238.258 295.048
0 0 0.704548 0.709656
3
247.633 317.925
229.214 318.058
228.882 272.17
247.302 272.037
2
238.272 297.001
0 0 0.704548 0.709656
3
247.648 319.879
229.228 320.012
228.897 274.123
247.316 273.99
2
238.286 298.955
0 0 0.704548 0.709656
3
247.662 321.833
229.242 321.966
228.911 276.077
247.33 275.944
2
238.3 300.909
0 0 0.704548 0.709656
3
247.676 323.787
229.256 323.92
228.925 278.031
247.344 277.898
2
238.314 302.862
0 0 0.704548 0.709656
3
247.69 325.74
229.27 325.873
228.939 279.984
247.358 279.851
2
238.329 304.816
0 0 0.704548 0.709656
3
247.704 327.694
229.285 327.827
228.953 281.938
247.373 281.805
2
238.343 306.77
0 0 0.704548 0.709656
3
247.718 329.648
229.299 329.781
228.967 283.892
247.387 283.759
2
238.357 308.723
0 0 0.704548 0.709656
3
247.732 331.601
229.313 331.734
228.981 285.846
247.401 285.713
2
238.371 310.677
0 0 0.704548 0.709656
3
247.746 333.555
229.327 333.688
228.995 287.799
247.415 287.666
2
238.385 312.631
0 0 0.704548 0.709656
3
247.761 335.509
229.341 335.642
229.01 289.753
247.429 289.62
2
238.399 314.585
0 0 0.704548 0.709656
3
247.775 337.462
229.355 337.596
229.024 291.707
247.443 291.574
2
238.413 316.538
0 0 0.704548 0.709656
3
247.789 339.416
229.369 339.549
229.038 293.66
247.457 293.527
2
238.427 318.492
0 0 0.704548 0.709656
3
247.803 341.37
229.383 341.503
229.052 295.614
247.471 295.481
2
238.441 320.446
0 0 0.704548 0.709656
3
247.817 343.324
229.397 343.457
229.066 297.568
247.485 297.435
2
237.431 318.476
0 0 0.726172 0.687513
3
245.373 341.89
226.98 340.883
229.488 295.062
247.881 296.068
2
238.079 320.437
0 0 0.704548 0.709656
3
247.455 343.315
229.035 343.448
228.704 297.559
247.123 297.426
2
238.848 322.355
0 0 0.68225 0.731119
3
249.621 344.609
231.245 345.881
228.075 300.1
246.451 298.828
2
239.734 324.221
0 0 0.659298 0.751882
3
251.863 345.766
233.601 348.172
227.605 302.676
245.867 300.269
2
240.733 326.029
0 0 0.635714 0.771925
3
254.172 346.782
236.094 350.314
227.295 305.275
245.373 301.743
2
241.843 327.771
0 0 0.611522 0.791228
3
256.539 347.653
238.714 352.297
227.146 307.889
244.971 303.245
2
243.058 329.442
0 0 0.586743 0.809773
3
258.956 348.377
241.453 354.114
227.16 310.506
244.663 304.769
2
244.374 331.034
0 0 0.561403 0.827543
3
261.413 348.949
244.298 355.758
227.335 313.118
244.45 306.309
2
245.786 332.541
0 0 0.535525 0.844519
3
263.901 349.368
247.24 357.223
227.671 315.715
244.333 307.86
2
247.289 333.959
0 0 0.509134 0.860687
3
266.41 349.633
250.267 358.503
228.168 318.285
244.311 309.414
2
248.876 335.281
0 0 0.482255 0.876031
3
268.931 349.742
253.367 359.594
228.822 320.819
244.386 310.967
2
250.543 336.502
0 0 0.454914 0.890535
3
271.453 349.694
256.529 360.49
229.632 323.309
244.557 312.513
2
252.281 337.617
0 0 0.427138 0.904186
3
273.968 349.491
259.74 361.19
230.595 325.743
244.823 314.045
2
254.086 338.623
0 0 0.398952 0.916972
3
276.465 349.133
262.988 361.689
231.706 328.114
245.183 315.557
2
255.417 340.053
0 0 0.398952 0.916972
3
277.797 350.562
264.32 363.119
233.038 329.543
246.515 316.987
2
256.749 341.482
0 0 0.398952 0.916972
3
279.129 351.992
265.652 364.548
234.37 330.972
247.847 318.416
2
258.081 342.912
0 0 0.398952 0.916972
3
280.461 353.421
266.983 365.978
235.701 332.402
249.179 319.846
2
259.413 344.341
0 0 0.398952 0.916972
3
281.792 354.851
268.315 367.407
237.033 333.831
250.51 321.275
2
260.745 345.771
0 0 0.398952 0.916972
3
283.124 356.28
269.647 368.837
238.365 335.261
251.842 322.704
2
262.077 347.2
0 0 0.398952 0.916972
3
284.456 357.71
270.979 370.266
239.697 336.69
253.174 324.134
2
263.408 348.629
0 0 0.398952 0.916972
3
285.788 359.139
272.311 371.696
241.029 338.12
254.506 325.563
2
264.74 350.059
0 0 0.398952 0.916972
3
287.12 360.569
273.643 373.125
242.361 339.549
255.838 326.993
2
266.072 351.488
0 0 0.398952 0.916972
3
288.452 361.998
274.974 374.554
243.692 340.979
257.169 328.422
2
267.404 352.918
0 0 0.398952 0.916972
3
289.783 363.428
276.306 375.984
245.024 342.408
258.501 329.852
2
268.736 354.347
0 0 0.398952 0.916972
3
291.115 364.857
277.638 377.413
246.356 343.838
259.833 331.281
2
270.067 355.777
0 0 0.398952 0.916972
3
292.447 366.286
278.97 378.843
247.688 345.267
261.165 332.711
2
271.399 357.206
0 0 0.398952 0.916972
3
293.779 367.716
280.302 380.272
249.02 346.697
262.497 334.14
2
272.731 358.636
0 0 0.398952 0.916972
3
295.111 369.145
281.633 381.702
250.351 348.126
263.829 335.57
2
274.594 359.528
0 0 0.370385 0.928878
3
297.581 368.633
284.906 381.999
251.607 350.423
264.282 337.057
2
276.509 360.304
0 0 0.341462 0.939896
3
300.015 367.969
288.191 382.094
253.003 352.638
264.826 338.513
2
278.468 360.959
0 0 0.312212 0.950012
3
302.403 367.156
291.476 381.985
254.532 354.762
265.459 339.933
2
280.464 361.492
0 0 0.282664 0.959219
3
304.736 366.196
294.748 381.673
256.191 356.788
266.179 341.311
2
282.488 361.901
0 0 0.252844 0.967507
3
307.006 365.094
297.994 381.159
257.971 358.707
266.983 342.642
2
284.535 362.183
0 0 0.222783 0.974868
3
309.203 363.854
301.202 380.446
259.867 360.512
267.868 343.921
2
286.595 362.339
0 0 0.192508 0.981295
3
311.319 362.48
304.359 379.535
261.871 362.197
268.83 345.142
2
288.66 362.366
0 0 0.162048 0.986783
3
313.346 360.978
307.455 378.431
263.975 363.754
269.866 346.302
2
290.724 362.266
0 0 0.131433 0.991325
3
315.276 359.353
310.476 377.137
266.171 365.179
270.971 347.395
2
292.777 362.038
0 0 0.100693 0.994918
3
317.102 357.612
313.411 375.659
268.452 366.464
272.142 348.418
2
294.812 361.684
0 0 0.0698558 0.997557
3
318.816 355.762
316.249 374.002
270.807 367.606
273.374 349.366
2
296.821 361.205
0 0 0.0389519 0.999241
3
320.413 353.809
318.98 372.173
273.229 368.601
274.663 350.236
2
298.679 362.107
0 0 0.0698558 0.997557
3
322.684 356.185
320.117 374.425
274.675 368.029
277.242 349.789
2
300.478 363.122
0 0 0.100693 0.994918
3
324.803 358.696
321.113 376.743
276.153 367.548
279.844 349.502
2
302.211 364.247
0 0 0.131433 0.991325
3
326.763 361.334
321.963 379.118
277.659 367.16
282.459 349.376
2
303.871 365.477
0 0 0.162048 0.986783
3
328.556 364.089
322.665 381.541
279.185 366.865
285.076 349.412
2
305.451 366.807
0 0 0.192508 0.981295
3
330.175 366.949
323.216 384.003
280.727 366.665
287.687 349.611
2
306.946 368.232
0 0 0.222783 0.974868
3
331.614 369.903
323.613 386.495
282.279 366.562
290.28 349.97
2
308.351 369.748
0 0 0.252844 0.967507
3
332.868 372.941
323.856 389.006
283.833 366.554
292.845 350.489
2
309.658 371.347
0 0 0.282664 0.959219
3
333.931 376.051
323.942 391.527
285.386 366.642
295.374 351.166
2
310.865 373.023
0 0 0.312212 0.950012
3
334.8 379.22
323.873 394.049
286.929 366.827
297.856 351.998
2
311.965 374.772
0 0 0.341462 0.939896
3
335.471 382.437
323.648 396.562
288.459 367.106
300.282 352.982
2
313.924 375.427
0 0 0.312212 0.950012
3
337.859 381.624
326.932 396.453
289.989 369.231
300.916 354.402
2
315.92 375.96
0 0 0.282664 0.959219
3
340.193 380.665
330.204 396.141
291.647 371.256
301.636 355.78
2
317.945 376.369
0 0 0.252844 0.967507
3
342.462 379.563
333.45 395.627
293.427 373.175
302.439 357.111
2
319.991 376.651
0 0 0.222783 0.974868
3
344.659 378.322
336.658 394.914
295.323 374.981
303.324 358.389
2
322.051 376.807
0 0 0.192508 0.981295
3
346.775 376.948
339.816 394.003
297.327 376.665
304.286 359.61
2
324.116 376.834
0 0 0.162048 0.986783
3
348.802 375.446
342.911 392.899
299.431 378.223
305.322 360.77
2
326.18 376.734
0 0 0.131433 0.991325
3
350.732 373.822
345.932 391.605
301.627 379.647
306.427 361.863
2
328.233 376.507
0 0 0.100693 0.994918
3
352.558 372.081
348.867 390.127
303.908 380.933
307.598 362.886
2
330.268 376.152
0 0 0.0698558 0.997557
3
354.273 370.23
351.705 388.47
306.263 382.075
308.831 363.834
2
332.277 375.673
0 0 0.0389519 0.999241
3
355.87 368.277
354.436 386.641
308.685 383.069
310.119 364.705
2
334.253 375.07
0 0 0.00801061 0.999968
3
357.343 366.229
357.048 384.647
311.164 383.911
311.459 365.494
2
336.207 375.101
0 0 0.00801061 0.999968
3
359.296 366.26
359.001 384.678
313.117 383.943
313.412 365.525
2
338.16 375.133
0 0 0.00801061 0.999968
3
361.25 366.292
360.955 384.709
315.071 383.974
315.366 365.556
2
340.114 375.164
0 0 0.00801061 0.999968
3
363.203 366.323
362.908 384.74
317.024 384.005
317.319 365.588
2
342.067 375.195
0 0 0.00801061 0.999968
3
365.157 366.354
364.862 384.772
318.977 384.037
319.273 365.619
2
344.021 375.227
0 0 0.00801061 0.999968
3
367.11 366.385
366.815 384.803
320.931 384.068
321.226 365.65
2
345.974 375.258
0 0 0.00801061 0.999968
3
369.064 366.417
368.769 384.834
322.884 384.099
323.18 365.682
2
347.928 375.289
0 0 0.00801061 0.999968
3
371.017 366.448
370.722 384.866
324.838 384.131
325.133 365.713
2
349.881 375.321
0 0 0.00801061 0.999968
3
372.971 366.479
372.676 384.897
326.791 384.162
327.087 365.744
2
351.835 375.352
0 0 0.00801061 0.999968
3
374.924 366.511
374.629 384.928
328.745 384.193
329.04 365.776
2
353.788 375.383
0 0 0.00801061 0.999968
3
376.878 366.542
376.583 384.96
330.698 384.224
330.994 365.807
2
355.742 375.415
0 0 0.00801061 0.999968
3
378.831 366.573
378.536 384.991
332.652 384.256
332.947 365.838
2
357.695 375.446
0 0 0.00801061 0.999968
3
380.785 366.605
380.49 385.022
334.605 384.287
334.901 365.869
2
359.648 375.477
0 0 0.00801061 0.999968
3
382.738 366.636
382.443 385.054
336.559 384.318
336.854 365.901
2
361.602 375.508
0 0 0.00801061 0.999968
3
384.692 366.667
384.397 385.085
338.512 384.35
338.808 365.932
2
363.555 375.54
0 0 0.00801061 0.999968
3
386.645 366.699
386.35 385.116
340.466 384.381
340.761 365.963
2
365.509 375.571
0 0 0.00801061 0.999968
3
388.599 366.73
388.303 385.148
342.419 384.412
342.714 365.995
2
367.462 375.602
0 0 0.00801061 0.999968
3
390.552 366.761
390.257 385.179
344.373 384.444
344.668 366.026
2
369.416 375.634
0 0 0.00801061 0.999968
3
392.506 366.793
392.21 385.21
346.326 384.475
346.621 366.057
2
371.369 375.665
0 0 0.00801061 0.999968
3
394.459 366.824
394.164 385.241
348.28 384.506
348.575 366.089
2
373.323 375.696
0 0 0.00801061 0.999968
3
396.413 366.855
396.117 385.273
350.233 384.538
350.528 366.12
2
375.276 375.728
0 0 0.00801061 0.999968
3
398.366 366.886
398.071 385.304
352.187 384.569
352.482 366.151
2
377.23 375.759
0 0 0.00801061 0.999968
3
400.32 366.918
400.024 385.335
354.14 384.6
354.435 366.183
2
379.183 375.79
0 0 0.00801061 0.999968
3
402.273 366.949
401.978 385.367
356.094 384.632
356.389 366.214
2
381.137 375.822
0 0 0.00801061 0.999968
3
404.227 366.98
403.931 385.398
358.047 384.663
358.342 366.245
2
383.09 375.853
0 0 0.00801061 0.999968
3
406.18 367.012
405.885 385.429
360.001 384.694
360.296 366.276
2
385.044 375.884
0 0 0.00801061 0.999968
3
408.134 367.043
407.838 385.461
361.954 384.725
362.249 366.308
2
386.997 375.916
0 0 0.00801061 0.999968
3
410.087 367.074
409.792 385.492
363.908 384.757
364.203 366.339
2
388.951 375.947
0 0 0.00801061 0.999968
3
412.04 367.106
411.745 385.523
365.861 384.788
366.156 366.37
2
390.904 375.978
0 0 0.00801061 0.999968
3
413.994 367.137
413.699 385.555
367.815 384.819
368.11 366.402
2
392.858 376.009
0 0 0.00801061 0.999968
3
415.947 367.168
415.652 385.586
369.768 384.851
370.063 366.433
2
394.811 376.041
0 0 0.00801061 0.999968
3
417.901 367.2
417.606 385.617
371.722 384.882
372.017 366.464
2
396.765 376.072
0 0 0.00801061 0.999968
3
419.854 367.231
419.559 385.648
373.675 384.913
373.97 366.496
2
398.718 376.103
0 0 0.00801061 0.999968
3
421.808 367.262
421.513 385.68
375.629 384.945
375.924 366.527
2
400.672 376.135
0 0 0.00801061 0.999968
3
423.761 367.293
423.466 385.711
377.582 384.976
377.877 366.558
2
402.607 375.411
0 0 0.0229383 -0.999737
3
425.105 365.158
425.95 383.559
380.108 385.663
379.263 367.263
2
404.493 374.569
0 0 0.0538653 -0.998548
3
426.314 362.944
428.295 381.257
382.672 386.193
380.69 367.88
2
406.323 373.611
0 0 0.0847406 -0.996403
3
427.384 360.659
430.494 378.814
385.263 386.564
382.153 368.408
2
408.091 372.543
0 0 0.115535 -0.993303
3
428.31 358.312
432.538 376.24
387.873 386.773
383.645 368.845
2
409.79 371.367
0 0 0.146218 -0.989252
3
429.089 355.913
434.418 373.545
390.49 386.821
385.161 369.188
2
411.412 370.088
0 0 0.176762 -0.984254
3
429.718 353.47
436.128 370.738
393.105 386.706
386.696 369.437
2
412.952 368.711
0 0 0.207136 -0.978312
3
430.195 350.992
437.661 367.832
395.709 386.43
388.243 369.591
2
414.404 367.242
0 0 0.237312 -0.971434
3
430.518 348.49
439.011 364.835
398.29 385.994
389.797 369.648
2
415.762 365.685
0 0 0.26726 -0.963624
3
430.686 345.973
440.173 361.761
400.839 385.398
391.351 369.61
2
417.022 364.048
0 0 0.296952 -0.954892
3
430.697 343.45
441.143 358.621
403.346 384.646
392.9 369.475
2
418.177 362.336
0 0 0.32636 -0.945245
3
430.552 340.931
441.917 355.427
405.803 383.741
394.438 369.244
2
419.225 360.555
0 0 0.355456 -0.934693
3
430.252 338.426
442.492 352.192
408.198 382.685
395.958 368.919
2
420.16 358.714
0 0 0.384211 -0.923246
3
429.797 335.945
442.865 348.926
410.524 381.483
397.456 368.501
2
422.051 357.881
0 0 0.355456 -0.934693
3
433.078 335.752
445.318 349.518
411.024 380.011
398.784 366.245
2
423.99 357.168
0 0 0.32636 -0.945245
3
436.364 335.763
447.729 350.259
411.615 378.572
400.25 364.076
2
425.969 356.575
0 0 0.296952 -0.954892
3
439.644 335.977
450.09 351.149
412.293 377.174
401.847 362.002
2
427.124 354.863
0 0 0.32636 -0.945245
3
439.499 333.458
450.864 347.955
414.75 376.268
403.385 361.772
2
428.172 353.083
0 0 0.355456 -0.934693
3
439.199 330.954
451.439 344.719
417.145 375.212
404.905 361.447
2
429.632 351.785
0 0 0.355456 -0.934693
3
440.659 329.655
452.899 343.421
418.605 373.914
406.365 360.148
2
431.092 350.486
0 0 0.355456 -0.934693
3
442.119 328.357
454.359 342.122
420.065 372.616
407.825 358.85
2
432.552 349.188
0 0 0.355456 -0.934693
3
443.579 327.059
455.819 340.824
421.525 371.317
409.285 357.552
2
434.012 347.89
0 0 0.355456 -0.934693
3
445.039 325.761
457.279 339.526
422.985 370.019
410.745 356.254
2
435.472 346.592
0 0 0.355456 -0.934693
3
446.499 324.462
458.739 338.228
424.445 368.721
412.205 354.955
2
436.932 345.293
0 0 0.355456 -0.934693
3
447.959 323.164
460.199 336.929
425.905 367.423
413.665 353.657
2
438.392 343.995
0 0 0.355456 -0.934693
3
449.419 321.866
461.659 335.631
427.365 366.124
415.126 352.359
2
439.852 342.697
0 0 0.355456 -0.934693
3
450.879 320.568
463.119 334.333
428.825 364.826
416.586 351.061
2
441.312 341.399
0 0 0.355456 -0.934693
3
452.339 319.269
464.579 333.035
430.285 363.528
418.046 349.762
2
442.772 340.1
0 0 0.355456 -0.934693
3
453.799 317.971
466.039 331.736
431.745 362.23
419.506 348.464
2
444.232 338.802
0 0 0.355456 -0.934693
3
455.259 316.673
467.499 330.438
433.206 360.931
420.966 347.166
2
445.693 337.504
0 0 0.355456 -0.934693
3
456.719 315.375
468.959 329.14
434.666 359.633
422.426 345.868
2
447.153 336.206
0 0 0.355456 -0.934693
3
458.18 314.076
470.419 327.842
436.126 358.335
423.886 344.569
2
449.091 335.492
0 0 0.32636 -0.945245
3
461.466 314.087
472.831 328.583
436.716 356.897
425.352 342.4
2
451.07 334.899
0 0 0.296952 -0.954892
3
464.745 314.301
475.192 329.473
437.395 355.498
426.949 340.326
2
452.226 333.187
0 0 0.32636 -0.945245
3
464.601 311.783
475.965 326.279
439.851 354.592
428.486 340.096
2
453.273 331.407
0 0 0.355456 -0.934693
3
464.3 309.278
476.54 323.043
442.246 353.536
430.007 339.771
2
454.209 329.565
0 0 0.384211 -0.923246
3
463.846 306.796
476.914 319.778
444.572 352.334
431.504 339.352
2
455.029 327.669
0 0 0.412597 -0.910914
3
463.238 304.347
477.084 316.496
446.819 350.991
432.973 338.842
2
455.729 325.726
0 0 0.440589 -0.897709
3
462.481 301.941
477.052 313.21
448.978 349.511
434.407 338.242
2
456.925 324.18
0 0 0.440589 -0.897709
3
463.676 300.395
478.247 311.664
450.173 347.965
435.602 336.696
2
458.12 322.635
0 0 0.440589 -0.897709
3
464.871 298.85
479.442 310.119
451.368 346.42
436.797 335.151
2
459.315 321.089
0 0 0.440589 -0.897709
3
466.066 297.304
480.637 308.573
452.564 344.874
437.993 333.605
2
460.51 319.544
0 0 0.440589 -0.897709
3
467.262 295.759
481.833 307.028
453.759 343.329
439.188 332.06
2
461.705 317.998
0 0 0.440589 -0.897709
3
468.457 294.213
483.028 305.482
454.954 341.783
440.383 330.514
2
462.901 316.453
0 0 0.440589 -0.897709
3
469.652 292.668
484.223 303.937
456.149 340.238
441.578 328.969
2
464.096 314.907
0 0 0.440589 -0.897709
3
470.847 291.122
485.418 302.391
457.344 338.692
442.774 327.423
2
464.675 312.924
0 0 0.468159 -0.883645
3
469.942 288.768
485.182 299.113
459.408 337.081
444.168 326.736
2
466.38 311.757
0 0 0.440589 -0.897709
3
473.131 287.973
487.702 299.241
459.628 335.542
445.057 324.273
2
466.959 309.775
0 0 0.468159 -0.883645
3
472.226 285.618
487.466 295.963
461.692 333.931
446.452 323.586
2
467.414 307.76
0 0 0.49528 -0.868734
3
471.177 283.323
487.028 292.706
463.652 332.196
447.801 322.813
2
467.744 305.72
0 0 0.521926 -0.852991
3
469.988 281.098
486.389 289.483
465.501 330.343
449.1 321.958
2
467.948 303.665
0 0 0.548073 -0.83643
3
468.664 278.951
485.552 286.304
467.231 328.379
450.343 321.025
2
468.023 301.6
0 0 0.573695 -0.819069
3
467.209 276.889
484.52 283.184
468.837 326.311
451.526 320.016
2
467.971 299.535
0 0 0.598767 -0.800923
3
465.63 274.922
483.297 280.134
470.312 324.149
452.645 318.937
2
467.791 297.477
0 0 0.623266 -0.78201
3
463.932 273.056
481.888 277.165
471.651 321.899
453.695 317.79
2
467.484 295.435
0 0 0.647167 -0.762348
3
462.122 271.299
480.297 274.289
472.847 319.57
454.671 316.58
2
468.541 293.66
0 0 0.623266 -0.78201
3
464.682 269.238
482.638 273.347
472.401 318.081
454.445 313.972
2
469.706 291.954
0 0 0.598767 -0.800923
3
467.365 267.34
485.032 272.552
472.047 316.567
454.38 311.355
2
470.974 290.323
0 0 0.573695 -0.819069
3
470.16 265.612
487.471 271.907
471.788 315.034
454.477 308.739
2
472.341 288.774
0 0 0.548073 -0.83643
3
473.057 264.06
489.945 271.414
471.624 313.488
454.736 306.134
2
473.8 287.312
0 0 0.521926 -0.852991
3
476.044 262.69
492.445 271.074
471.557 311.934
455.156 303.55
2
475.348 285.944
0 0 0.49528 -0.868734
3
479.11 261.507
494.961 270.89
471.585 310.38
455.734 300.997
2
475.678 283.904
0 0 0.521926 -0.852991
3
477.921 259.282
494.322 267.666
473.434 308.527
457.033 300.142
2
475.881 281.849
0 0 0.548073 -0.83643
3
476.597 257.135
493.485 264.488
475.165 306.563
458.276 299.209
2
477.341 280.387
0 0 0.521926 -0.852991
3
479.584 255.765
495.985 264.149
475.097 305.009
458.696 296.625
2
477.544 278.331
0 0 0.548073 -0.83643
3
478.26 253.617
495.148 260.971
476.828 303.045
459.939 295.691
2
477.619 276.267
0 0 0.573695 -0.819069
3
476.805 251.556
494.116 257.851
478.433 300.978
461.122 294.683
2
477.567 274.202
0 0 0.598767 -0.800923
3
475.226 249.588
492.893 254.8
479.908 298.815
462.241 293.603
2
477.387 272.144
0 0 0.623266 -0.78201
3
473.528 247.723
491.484 251.832
481.247 296.565
463.291 292.456
2
477.08 270.101
0 0 0.647167 -0.762348
3
471.718 245.965
489.893 248.956
482.443 294.237
464.268 291.246
2
478.137 268.326
0 0 0.623266 -0.78201
3
474.278 243.905
492.234 248.014
481.997 292.748
464.041 288.638
2
479.302 266.62
0 0 0.598767 -0.800923
3
476.961 242.007
494.628 247.219
481.643 291.233
463.976 286.021
2
480.57 264.989
0 0 0.573695 -0.819069
3
479.756 240.278
497.067 246.573
481.384 289.7
464.073 283.405
2
481.937 263.44
0 0 0.548073 -0.83643
3
482.653 238.726
499.541 246.08
481.221 288.154
464.332 280.8
2
483.396 261.979
0 0 0.521926 -0.852991
3
485.64 237.356
502.041 245.741
481.153 286.601
464.752 278.216
2
484.944 260.61
0 0 0.49528 -0.868734
3
488.706 236.174
504.557 245.557
481.181 285.046
465.33 275.663
2
486.573 259.34
0 0 0.468159 -0.883645
3
491.84 235.183
507.08 245.529
481.306 283.497
466.066 273.151
2
488.277 258.173
0 0 0.440589 -0.897709
3
495.029 234.388
509.6 245.657
481.526 281.958
466.955 270.689
2
490.051 257.113
0 0 0.412597 -0.910914
3
498.261 233.792
512.107 245.94
481.841 280.435
467.995 268.287
2
491.886 256.166
0 0 0.384211 -0.923246
3
501.523 233.397
514.591 246.379
482.249 278.935
469.182 265.953
2
493.777 255.334
0 0 0.355456 -0.934693
3
504.804 233.204
517.044 246.97
482.75 277.463
470.51 263.698
2
494.712 253.492
0 0 0.384211 -0.923246
3
504.349 230.723
517.417 243.705
485.076 276.261
472.008 263.279
2
495.532 251.596
0 0 0.412597 -0.910914
3
503.742 228.274
517.588 240.423
487.322 274.917
473.476 262.769
2
498.805 250.372
0 0 0.364134 -0.931347
3
509.418 228.041
521.912 241.577
488.191 272.702
475.697 259.167
2
501.504 248.648
0 0 0.348431 -0.937334
3
512.862 226.687
524.894 240.635
490.147 270.61
478.115 256.662
2
503.899 246.583
0 0 0.348431 -0.937334
3
515.257 224.622
527.289 238.569
492.541 268.544
480.509 254.597
2
506.293 244.517
0 0 0.348431 -0.937334
3
517.651 222.556
529.683 236.503
494.936 266.479
482.904 252.531
2
508.688 242.452
0 0 0.348431 -0.937334
3
520.046 220.49
532.077 234.438
497.33 264.413
485.298 250.465
2
511.082 240.386
0 0 0.348431 -0.937334
3
522.44 218.425
534.472 232.372
499.724 262.347
487.693 248.4
2
513.477 238.321
0 0 0.348431 -0.937334
3
524.835 216.359
536.866 230.307
502.119 260.282
490.087 246.334
2
515.871 236.255
0 0 0.348431 -0.937334
3
527.229 214.294
539.261 228.241
504.513 258.216
492.481 244.269
2
518.266 234.189
0 0 0.348431 -0.937334
3
529.623 212.228
541.655 226.176
506.908 256.151
494.876 242.203
2
520.568 232.019
0 0 0.353001 -0.935623
3
531.711 209.948
543.879 223.777
509.425 254.09
497.258 240.26
2
521.788 228.745
0 0 0.401705 -0.915769
3
530.552 205.625
544.104 218.101
513.024 251.864
499.472 239.388
2
522.657 225.361
0 0 0.449298 -0.893382
3
528.944 201.449
543.732 212.432
516.369 249.272
501.582 238.289
2
523.165 221.904
0 0 0.495647 -0.868524
3
526.907 197.464
542.766 206.834
519.424 246.344
503.565 236.974
2
523.308 218.413
0 0 0.540626 -0.841263
3
524.463 193.716
541.218 201.368
522.154 243.111
505.398 235.458
2
523.084 214.927
0 0 0.58411 -0.811675
3
521.639 190.245
539.105 196.095
524.529 239.609
507.063 233.758
2
522.495 211.483
0 0 0.625977 -0.779842
3
518.466 187.089
536.45 191.073
526.524 235.877
508.54 231.893
2
521.547 208.12
0 0 0.666113 -0.745851
3
514.979 184.284
533.282 186.358
528.115 231.956
509.812 229.882
2
520.252 204.876
0 0 0.704406 -0.709797
3
511.217 181.861
529.636 182.001
529.286 227.89
510.867 227.75
2
518.623 201.785
0 0 0.740751 -0.67178
3
507.221 179.846
525.553 178.052
530.024 223.723
511.692 225.518
2
516.678 198.882
0 0 0.775046 -0.631905
3
503.036 178.262
521.078 174.553
530.32 219.502
512.278 223.212
2
514.439 196.2
0 0 0.807198 -0.590281
3
498.707 177.127
516.26 171.543
530.171 215.273
512.618 220.857
2
511.931 193.768
0 0 0.837117 -0.547024
3
494.283 176.452
511.153 169.055
529.579 211.084
512.709 218.48
2
511.813 195.978
0 0 0.853644 -0.520857
3
493.127 179.787
509.507 171.362
530.498 212.17
514.118 220.595
2
511.831 198.192
0 0 0.869354 -0.494191
3
492.18 183.188
508.007 173.765
531.482 213.197
515.655 222.619
2
511.986 200.401
0 0 0.88423 -0.467051
3
491.444 186.641
506.658 176.257
532.528 214.161
517.314 224.545
2
512.277 202.596
0 0 0.89826 -0.439464
3
490.924 190.133
505.466 178.828
533.631 215.058
519.088 226.364
2
512.704 204.768
0 0 0.91143 -0.411456
3
490.62 193.651
504.436 181.467
534.788 215.886
520.972 228.069
2
513.264 206.91
0 0 0.923726 -0.383053
3
490.535 197.18
503.57 184.166
535.994 216.641
522.958 229.655
2
513.956 209.014
0 0 0.935138 -0.354284
3
490.668 200.708
502.874 186.912
537.244 217.319
525.038 231.115
2
514.777 211.07
0 0 0.945654 -0.325176
3
491.02 204.221
502.348 189.696
538.533 217.919
527.205 232.444
2
515.723 213.072
0 0 0.955264 -0.295756
3
491.588 207.706
501.996 192.508
539.858 218.438
529.45 233.636
2
516.791 215.011
0 0 0.963959 -0.266052
3
492.37 211.148
501.818 195.336
541.212 218.874
531.764 234.686
2
517.977 216.881
0 0 0.97173 -0.236094
3
493.364 214.536
501.816 198.169
542.59 219.226
534.138 235.592
2
519.276 218.673
0 0 0.978571 -0.20591
3
494.565 217.856
501.989 200.998
543.987 219.491
536.564 236.349
2
520.684 220.382
0 0 0.984474 -0.175528
3
495.97 221.095
502.336 203.81
545.398 219.67
539.032 236.955
2
522.195 222.001
0 0 0.989435 -0.144979
3
497.572 224.241
502.857 206.595
546.818 219.761
541.533 237.406
2
523.803 223.522
0 0 0.993447 -0.11429
3
499.366 227.281
503.549 209.343
548.24 219.763
544.057 237.702
2
525.503 224.942
0 0 0.996508 -0.0834919
3
501.345 230.205
504.41 212.042
549.66 219.678
546.595 237.842
2
527.286 226.254
0 0 0.998615 -0.0526139
3
503.5 233.001
505.436 214.683
551.072 219.506
549.136 237.824
2
529.148 227.452
0 0 0.999765 -0.0216855
3
505.825 235.659
506.624 217.256
552.47 219.246
551.672 237.649
2
531.08 228.534
0 0 0.999957 0.0092637
3
508.309 238.167
507.968 219.75
553.85 218.9
554.191 237.317
2
533.075 229.493
0 0 0.999191 0.040204
3
510.944 240.517
509.464 222.157
555.206 218.47
556.686 236.83
2
535.126 230.328
0 0 0.997469 0.0711058
3
513.719 242.699
511.106 224.466
556.532 217.956
559.145 236.19
2
537.224 231.034
0 0 0.994791 0.10194
3
516.624 244.706
512.888 226.669
557.824 217.362
561.56 235.399
2
538.958 229.657
0 0 0.997469 0.0711058
3
517.552 242.029
514.939 223.795
560.365 217.285
562.978 235.519
2
540.774 228.39
0 0 0.999191 0.040204
3
518.643 239.414
517.163 221.053
562.905 217.366
564.385 235.727
2
542.665 227.238
0 0 0.999957 0.0092637
3
519.894 236.871
519.553 218.455
565.435 217.604
565.776 236.021
2
542.665 227.238
0 0 0.999957 0.0092637
3
519.894 236.871
519.553 218.455
565.435 217.604
565.776 236.021
2
544.404 227.061
0 0 0.999968 0.00794696
3
521.609 236.635
521.316 218.217
567.2 217.488
567.493 235.905
2
546.144 226.885
0 0 0.999978 0.00663021
3
523.323 236.398
523.079 217.98
568.965 217.371
569.209 235.79
2
547.884 226.708
0 0 0.999986 0.00531345
3
525.038 236.161
524.843 217.742
570.73 217.255
570.926 235.674
2
549.624 226.531
0 0 0.999992 0.00399668
3
526.754 235.924
526.606 217.505
572.495 217.138
572.642 235.558
2
551.364 226.355
0 0 0.999996 0.0026799
3
528.469 235.687
528.37 217.268
574.26 217.022
574.358 235.442
2
553.105 226.178
0 0 0.999999 0.00136311
3
530.185 235.45
530.135 217.031
576.024 216.905
576.075 235.325
2
554.845 226.001
0 0 1 4.63287e-05
3
531.901 235.213
531.899 216.793
577.789 216.789
577.791 235.209
