0
80 109
0
81 109
0
82 109
0
83 109
0
84 109
0
85 109
0
86 109
0
87 109
0
88 109
0
89 109
0
90 109
0
91 109
0
92 109
0
93 109
0
94 109
0
95 109
0
96 109
0
97 109
0
98 109
0
99 109
0
100 110
0
101 111
0
102 112
0
103 113
0
104 114
0
105 115
0
106 116
0
107 117
0
108 118
0
109 119
0
110 119
0
111 119
0
112 119
0
113 119
0
114 119
0
115 119
0
116 119
0
117 119
0
118 119
0
119 119
0
120 119
0
121 119
0
122 119
0
123 119
0
124 119
0
125 119
0
126 119
0
127 119
0
128 119
0
129 119
0
130 119
0
131 119
0
132 119
0
133 119
0
134 119
0
135 119
0
136 119
0
137 119
0
138 119
0
139 119
0
140 120
0
141 120
0
142 120
0
143 120
0
144 120
0
145 120
0
146 120
0
147 120
0
148 120
0
149 121
0
150 121
0
151 121
0
152 121
0
153 121
0
154 121
0
155 121
0
156 121
0
157 121
0
158 121
0
159 121
0
160 121
0
161 120
0
162 119
0
163 119
0
164 118
0
165 117
0
166 116
0
167 115
0
167 114
0
168 113
0
168 112
0
168 111
0
169 110
0
169 109
0
169 108
0
170 107
0
170 106
0
170 105
0
171 104
0
171 103
0
171 102
0
171 101
0
172 100
0
172 99
0
172 98
0
172 97
0
173 96
0
173 95
0
173 94
0
173 93
0
174 92
0
174 91
0
174 90
0
175 89
0
175 88
0
176 87
0
176 86
0
177 85
0
177 84
0
178 83
0
178 82
0
178 81
0
179 80
1
80 109.353 0.239023
1
81.8982 109.816 0.239023
1
83.7964 110.278 0.239023
1
85.6946 110.741 0.239023
1
87.5928 111.203 0.239023
1
89.491 111.666 0.239023
1
91.3892 112.129 0.239023
1
93.2874 112.591 0.239023
1
95.1856 113.054 0.239023
1
97.0838 113.516 0.239023
1
98.982 113.979 0.239023
1
100.88 114.441 0.239023
1
102.778 114.904 0.239023
1
104.677 115.366 0.239023
1
106.575 115.829 0.239023
1
108.473 116.292 0.239023
1
110.371 116.754 0.239023
1
112.269 117.217 0.239023
1
114.168 117.679 0.239023
1
116.066 118.142 0.239023
1
117.964 118.604 0.239023
1
119.862 119.067 0.239023
1
121.76 119.529 0.239023
1
123.659 119.992 0.239023
1
125.557 120.455 0.239023
1
127.423 121.034 0.177121
1
129.321 121.496 0.115219
1
131.244 121.84 0.0533171
1
133.195 121.945 0.0533171
1
135.146 122.049 0.0533171
1
137.1 122.032 0.115219
1
139.051 122.136 0.177121
1
140.992 122.361 0.239023
1
142.915 122.705 0.300925
1
144.813 123.167 0.362827
1
146.679 123.747 0.42473
1
148.505 124.44 0.486632
1
150.286 125.245 0.548534
1
152.013 126.159 0.610436
1
153.68 127.177 0.672338
1
155.281 128.297 0.73424
1
156.809 129.514 0.796142
1
158.259 130.823 0.858044
1
159.626 132.22 0.919946
1
160.904 133.698 0.981848
1
162.087 135.252 1.04375
1
163.173 136.877 1.10565
1
164.155 138.565 1.16755
1
165.032 140.311 1.22946
1
165.798 142.108 1.29136
1
166.452 143.949 1.35326
1
165.913 142.072 1.41516
1
165.492 140.164 1.47706
1
165.189 138.234 1.53897
1
165.006 136.289 1.60087
1
164.944 134.336 1.66277
1
165.003 132.383 1.72467
1
165.182 130.437 1.78657
1
165.482 128.507 1.84848
1
165.9 126.598 1.91038
1
166.435 124.719 1.97228
1
167.199 122.921 1.97228
1
167.962 121.123 1.97228
1
168.836 119.375 1.91038
1
169.599 117.576 1.84848
1
170.25 115.734 1.78657
1
170.786 113.855 1.72467
1
171.204 111.947 1.66277
1
171.263 109.994 1.72467
1
171.442 108.049 1.78657
1
171.742 106.118 1.84848
1
172.392 104.276 1.78657
1
172.811 102.367 1.78657
1
173.229 100.459 1.78657
1
173.647 98.5504 1.78657
1
174.066 96.642 1.78657
1
174.484 94.7336 1.78657
1
174.902 92.8251 1.78657
1
175.321 90.9167 1.78657
1
175.739 89.0082 1.78657
1
176.157 87.0998 1.78657
1
176.576 85.1914 1.78657
1
176.994 83.2829 1.78657
1
177.412 81.3745 1.78657
2
93.7526 112.704
0 0 0.119227 0.992867
3
118.226 109.189
113.865 127.085
69.2794 116.22
73.6404 98.324
2
95.6508 113.167
0 0 0.119227 0.992867
3
120.124 109.651
115.763 127.548
71.1776 116.683
75.5386 98.7866
2
97.549 113.63
0 0 0.119227 0.992867
3
122.022 110.114
117.661 128.01
73.0758 117.145
77.4368 99.2491
2
99.4472 114.092
0 0 0.119227 0.992867
3
123.92 110.576
119.559 128.473
74.974 117.608
79.335 99.7117
2
101.345 114.555
0 0 0.119227 0.992867
3
125.819 111.039
121.458 128.935
76.8722 118.071
81.2332 100.174
2
103.244 115.017
0 0 0.119227 0.992867
3
127.717 111.501
123.356 129.398
78.7704 118.533
83.1314 100.637
2
105.142 115.48
0 0 0.119227 0.992867
3
129.615 111.964
125.254 129.86
80.6686 118.996
85.0296 101.099
2
107.04 115.942
0 0 0.119227 0.992867
3
131.513 112.427
127.152 130.323
82.5668 119.458
86.9278 101.562
2
108.938 116.405
0 0 0.119227 0.992867
3
133.411 112.889
129.05 130.785
84.465 119.921
88.826 102.024
2
110.836 116.867
0 0 0.119227 0.992867
3
135.31 113.352
130.949 131.248
86.3632 120.383
90.7242 102.487
2
112.735 117.33
0 0 0.119227 0.992867
3
137.208 113.814
132.847 131.711
88.2614 120.846
92.6224 102.95
2
114.633 117.793
0 0 0.119227 0.992867
3
139.106 114.277
134.745 132.173
90.1596 121.308
94.5206 103.412
2
116.531 118.255
0 0 0.119227 0.992867
3
141.004 114.739
136.643 132.636
92.0578 121.771
96.4188 103.875
2
118.429 118.718
0 0 0.119227 0.992867
3
142.902 115.202
138.541 133.098
93.956 122.234
98.317 104.337
2
120.327 119.18
0 0 0.119227 0.992867
3
144.801 115.664
140.44 133.561
95.8542 122.696
100.215 104.8
2
122.226 119.643
0 0 0.119227 0.992867
3
146.699 116.127
142.338 134.023
97.7524 123.159
102.113 105.262
2
124.124 120.105
0 0 0.119227 0.992867
3
148.597 116.59
144.236 134.486
99.6506 123.621
104.012 105.725
2
126.022 120.568
0 0 0.119227 0.992867
3
150.495 117.052
146.134 134.948
101.549 124.084
105.91 106.187
2
127.92 121.03
0 0 0.119227 0.992867
3
152.393 117.515
148.032 135.411
103.447 124.546
107.808 106.65
2
129.818 121.493
0 0 0.119227 0.992867
3
154.292 117.977
149.931 135.873
105.345 125.009
109.706 107.113
2
131.717 121.956
0 0 0.119227 0.992867
3
156.19 118.44
151.829 136.336
107.243 125.471
111.604 107.575
2
133.615 122.418
0 0 0.119227 0.992867
3
158.088 118.902
153.727 136.799
109.142 125.934
113.503 108.038
2
135.513 122.881
0 0 0.119227 0.992867
3
159.986 119.365
155.625 137.261
111.04 126.397
115.401 108.5
2
137.411 123.343
0 0 0.119227 0.992867
3
161.884 119.827
157.523 137.724
112.938 126.859
117.299 108.963
2
139.309 123.806
0 0 0.119227 0.992867
3
163.783 120.29
159.422 138.186
114.836 127.322
119.197 109.425
2
141.356 123.528
0 0 0.0884449 0.996081
3
165.565 118.505
162.32 136.636
117.148 128.551
120.393 110.419
2
143.382 123.124
0 0 0.0575777 0.998341
3
167.234 116.612
165.116 134.91
119.53 129.635
121.648 111.337
2
145.379 122.595
0 0 0.0266554 0.999645
3
168.782 114.621
167.801 133.014
121.976 130.569
122.957 112.175
2
147.33 122.699
0 0 0.0266554 0.999645
3
170.733 114.725
169.752 133.119
123.927 130.673
124.908 112.279
2
149.281 122.803
0 0 0.0266554 0.999645
3
172.684 114.829
171.703 133.223
125.878 130.777
126.859 112.383
2
151.161 123.659
0 0 0.0575777 0.998341
3
175.013 117.148
172.895 135.446
127.309 130.17
129.427 111.872
2
152.984 124.63
0 0 0.0884449 0.996081
3
177.193 119.607
173.948 137.739
128.775 129.653
132.021 111.521
2
154.744 125.712
0 0 0.119227 0.992867
3
179.217 122.196
174.856 140.092
130.271 129.228
134.632 111.331
2
156.434 126.9
0 0 0.149896 0.988702
3
181.077 124.905
175.618 142.498
131.79 128.896
137.25 111.303
2
158.046 128.191
0 0 0.18042 0.98359
3
182.766 127.725
176.229 144.945
133.326 128.658
139.864 111.437
2
159.576 129.579
0 0 0.210772 0.977535
3
184.278 130.643
176.687 147.426
134.875 128.516
142.465 111.733
2
161.017 131.06
0 0 0.240922 0.970544
3
185.606 133.649
176.992 149.931
136.429 128.47
145.043 112.188
2
162.364 132.626
0 0 0.270841 0.962624
3
186.745 136.732
177.14 152.449
137.983 128.52
147.588 112.803
2
163.611 134.273
0 0 0.300501 0.953782
3
187.692 139.879
177.133 154.972
139.531 128.667
150.089 113.573
2
164.754 135.993
0 0 0.329873 0.944025
3
188.442 143.078
176.969 157.49
141.066 128.909
152.539 114.497
2
165.788 137.782
0 0 0.358929 0.933365
3
188.992 146.318
176.65 159.992
142.584 129.245
154.926 115.571
2
166.71 139.63
0 0 0.387641 0.92181
3
189.341 149.586
176.177 162.47
144.079 129.674
157.243 116.79
2
167.516 141.532
0 0 0.415982 0.909373
3
189.488 152.869
175.552 164.914
145.544 130.196
159.479 118.151
2
168.202 143.481
0 0 0.443924 0.896064
3
189.431 156.155
174.776 167.315
146.973 130.807
161.628 119.647
2
168.767 145.468
0 0 0.471441 0.881898
3
189.171 159.431
173.854 169.663
148.363 131.505
163.679 121.273
2
169.207 147.486
0 0 0.498506 0.866886
3
188.708 162.685
172.788 171.95
149.706 132.287
165.626 123.022
2
169.522 149.528
0 0 0.525094 0.851044
3
188.045 165.904
171.582 174.166
150.998 133.152
167.461 124.889
2
169.71 151.585
0 0 0.551179 0.834387
3
187.185 169.076
170.242 176.304
152.235 134.094
169.177 126.866
2
169.77 153.65
0 0 0.576736 0.81693
3
186.13 172.188
168.772 178.354
153.411 135.112
170.768 128.945
2
169.702 155.714
0 0 0.601741 0.798691
3
184.884 175.229
167.178 180.31
154.521 136.2
172.227 131.119
2
169.507 157.771
0 0 0.626169 0.779687
3
183.452 178.187
165.466 182.163
155.562 137.354
173.548 133.379
2
168.108 156.055
0 0 0.649998 0.759936
3
180.763 177.296
162.566 180.151
155.452 134.815
173.65 131.96
2
166.817 154.257
0 0 0.673203 0.739457
3
178.134 176.239
159.795 177.963
155.5 132.274
173.839 130.55
2
165.639 152.382
0 0 0.695764 0.71827
3
175.575 175.022
157.164 175.608
155.704 129.741
174.115 129.155
2
164.58 150.437
0 0 0.717659 0.696395
3
173.096 173.649
154.685 173.095
156.065 127.226
174.476 127.779
2
163.644 148.431
0 0 0.738866 0.673853
3
170.708 172.125
152.365 170.433
156.58 124.737
174.922 126.429
2
162.833 146.371
0 0 0.759365 0.650665
3
168.418 170.456
150.215 167.633
157.249 122.285
175.451 125.108
2
162.151 144.264
0 0 0.779137 0.626854
3
166.235 168.649
148.242 164.705
158.068 119.879
176.061 123.823
2
161.601 142.12
0 0 0.798162 0.602443
3
164.169 166.71
146.454 161.661
159.034 117.529
176.748 122.578
2
161.185 139.945
0 0 0.816423 0.577454
3
162.226 164.647
144.858 158.512
160.144 115.242
177.512 121.378
2
160.904 137.749
0 0 0.833902 0.551913
3
160.415 162.468
143.46 155.27
161.393 113.029
178.348 120.227
2
161.667 135.95
0 0 0.833902 0.551913
3
161.178 160.67
144.223 153.472
162.156 111.231
179.112 118.429
2
162.431 134.152
0 0 0.833902 0.551913
3
161.942 158.872
144.987 151.673
162.92 109.432
179.875 116.631
2
164.121 132.722
0 0 0.816423 0.577454
3
165.162 157.424
147.794 151.288
163.08 108.019
180.448 114.155
2
165.719 131.189
0 0 0.798162 0.602443
3
168.286 155.78
150.572 150.731
163.152 106.598
180.866 111.648
2
167.219 129.561
0 0 0.779137 0.626854
3
171.303 153.946
153.31 150.002
163.136 105.176
181.128 109.12
2
168.616 127.843
0 0 0.759365 0.650665
3
174.2 151.929
155.998 149.105
163.032 103.758
181.234 106.581
2
169.904 126.042
0 0 0.738866 0.673853
3
176.968 149.736
158.625 148.044
162.84 102.348
181.182 104.04
2
169.093 123.982
0 0 0.759365 0.650665
3
174.678 148.067
156.475 145.244
163.509 99.8963
181.711 102.72
2
168.411 121.875
0 0 0.779137 0.626854
3
172.495 146.26
154.502 142.316
164.328 97.4905
182.321 101.434
2
167.861 119.731
0 0 0.798162 0.602443
3
170.429 144.321
152.714 139.272
165.294 95.14
183.008 100.189
2
169.362 118.103
0 0 0.779137 0.626854
3
173.445 142.487
155.453 138.543
165.278 93.7177
183.271 97.6615
2
169.78 116.194
0 0 0.779137 0.626854
3
173.864 140.579
155.871 136.635
165.696 91.8092
183.689 95.7531
2
170.198 114.286
0 0 0.779137 0.626854
3
174.282 138.67
156.289 134.727
166.115 89.9008
184.107 93.8447
2
170.617 112.377
0 0 0.779137 0.626854
3
174.7 136.762
156.707 132.818
166.533 87.9924
184.526 91.9362
2
171.035 110.469
0 0 0.779137 0.626854
3
175.119 134.854
157.126 130.91
166.951 86.0839
184.944 90.0278
2
171.453 108.56
0 0 0.779137 0.626854
3
175.537 132.945
157.544 129.001
167.37 84.1755
185.362 88.1193
2
171.872 106.652
0 0 0.779137 0.626854
3
175.955 131.037
157.962 127.093
167.788 82.267
185.781 86.2109
2
172.29 104.743
0 0 0.779137 0.626854
3
176.374 129.128
158.381 125.184
168.206 80.3586
186.199 84.3025
2
172.708 102.835
0 0 0.779137 0.626854
3
176.792 127.22
158.799 123.276
168.624 78.4502
186.617 82.394
2
173.127 100.927
0 0 0.779137 0.626854
3
177.21 125.311
159.217 121.368
169.043 76.5417
187.036 80.4856
2
173.545 99.0181
0 0 0.779137 0.626854
3
177.629 123.403
159.636 119.459
169.461 74.6333
187.454 78.5771
2
173.963 97.1097
0 0 0.779137 0.626854
3
178.047 121.495
160.054 117.551
169.879 72.7248
187.872 76.6687
2
174.381 95.2012
0 0 0.779137 0.626854
3
178.465 119.586
160.472 115.642
170.298 70.8164
188.291 74.7603
