0
80 134
0
81 133
0
82 132
0
83 131
0
84 131
0
85 131
0
86 131
0
87 130
0
88 129
0
89 128
0
90 127
0
91 126
0
92 126
0
93 126
0
94 125
0
95 124
0
96 123
0
97 122
0
98 121
0
99 121
0
100 121
0
101 121
0
102 121
0
103 121
0
104 121
0
105 121
0
106 121
0
107 121
0
108 121
0
109 120
0
110 119
0
111 119
0
112 118
0
113 117
0
114 116
0
115 115
0
115 114
0
115 113
0
116 112
0
116 111
0
117 110
0
117 109
0
117 108
0
117 107
0
117 106
0
118 105
0
118 104
0
118 103
0
118 102
0
119 101
0
119 100
0
119 99
0
120 98
0
120 97
0
121 96
0
121 95
0
122 94
0
122 93
0
123 92
0
123 91
0
123 90
0
124 89
0
124 88
0
125 87
0
125 86
0
126 85
0
126 84
0
127 83
0
127 82
0
127 81
0
128 80
1
80 134.726 3.67422
1
81.6185 135.821 3.61232
1
83.3016 136.813 3.55041
1
85.0429 137.699 3.48851
1
86.8356 138.476 3.42661
1
88.673 139.14 3.36471
1
90.5479 139.689 3.30281
1
92.4532 140.121 3.2409
1
90.5248 139.808 3.179
1
88.5807 139.614 3.1171
1
86.6283 139.541 3.0552
1
88.5815 139.493 2.9933
1
90.5279 139.325 2.93139
1
92.4602 139.036 2.86949
1
94.371 138.628 2.80759
1
96.2529 138.103 2.74569
1
98.0986 137.463 2.68379
1
99.9013 136.709 2.62188
1
101.654 135.846 2.55998
1
103.35 134.875 2.49808
1
104.982 133.802 2.43618
1
106.545 132.63 2.37428
1
108.033 131.363 2.31237
1
109.352 129.922 2.31237
1
110.672 128.482 2.31237
1
111.992 127.041 2.31237
1
113.311 125.6 2.31237
1
114.631 124.16 2.31237
1
116.037 122.803 2.25047
1
117.357 121.363 2.18857
1
118.585 119.843 2.12667
1
119.716 118.25 2.06477
1
120.747 116.591 2.00286
1
121.674 114.871 1.94096
1
122.492 113.096 1.87906
1
123.199 111.275 1.81716
1
123.791 109.413 1.75525
1
124.268 107.519 1.69335
1
124.626 105.598 1.63145
1
124.745 103.648 1.63145
1
124.863 101.698 1.63145
1
124.982 99.7475 1.63145
1
125.1 97.7973 1.63145
1
125.218 95.8472 1.63145
1
125.216 93.8934 1.69335
1
125.334 91.9433 1.75525
1
125.334 91.9433 1.75525
1
125.752 90.2371 1.75969
1
126.17 88.5309 1.76412
1
126.588 86.8247 1.76855
1
127.005 85.1186 1.77298
1
127.423 83.4124 1.77742
1
127.841 81.7062 1.78185
1
128.259 80 1.78628
2
67.8058 127.538
0 0 0.964748 -0.263176
3
43.3624 123.821
52.716 107.953
92.2492 131.256
82.8956 147.124
2
69.003 129.401
0 0 0.97243 -0.233195
3
44.3765 127.203
52.7305 110.786
93.6295 131.599
85.2755 148.016
2
70.3131 131.186
0 0 0.979181 -0.20299
3
45.5978 130.515
52.9203 113.613
95.0285 131.856
87.706 148.758
2
71.7312 132.886
0 0 0.984994 -0.172591
3
47.0217 133.746
53.2846 116.423
96.4406 132.026
90.1778 149.349
2
73.2517 134.496
0 0 0.989863 -0.142027
3
48.6428 136.882
53.822 119.206
97.8606 132.109
92.6814 149.786
2
74.8689 136.008
0 0 0.993784 -0.111327
3
50.4547 139.912
54.5305 121.949
99.283 132.103
95.2072 150.066
2
76.5765 137.417
0 0 0.996753 -0.0805195
3
52.4506 142.825
55.4073 124.643
100.702 132.01
97.7456 150.191
2
78.368 138.718
0 0 0.998767 -0.0496353
3
54.6229 145.608
56.4492 127.278
102.113 131.828
100.287 150.158
2
76.3797 139.278
0 0 0.999825 -0.0187036
3
53.1063 147.624
53.7952 129.217
99.6531 130.933
98.9642 149.34
2
74.4299 139.961
0 0 0.999925 0.012246
3
51.7174 149.73
51.2663 131.315
97.1425 130.192
97.5936 148.606
2
72.5261 140.762
0 0 0.999067 0.0431839
3
50.4614 151.918
48.872 133.567
94.5908 129.607
96.1802 147.958
2
74.5818 141.585
0 0 0.997252 0.0740804
3
53.2495 154.084
50.5279 135.866
95.9142 129.086
98.6358 147.303
2
76.6845 142.278
0 0 0.994482 0.104906
3
56.1662 156.073
52.3228 138.058
97.2028 128.483
101.046 146.498
2
78.826 142.84
0 0 0.990759 0.135631
3
59.2005 157.878
54.25 140.136
98.4516 127.802
103.402 145.545
2
80.9982 143.269
0 0 0.986088 0.166226
3
62.3405 159.492
56.3019 142.09
99.6559 127.046
105.695 144.448
2
83.1928 143.562
0 0 0.980471 0.196662
3
65.5744 160.908
58.4708 143.913
100.811 126.216
107.915 143.211
2
85.4013 143.719
0 0 0.973916 0.22691
3
68.8897 162.122
60.7484 145.599
101.913 125.316
110.054 141.839
2
87.6152 143.739
0 0 0.966427 0.25694
3
72.2737 163.128
63.1259 147.14
102.957 124.35
112.105 140.338
2
89.8262 143.622
0 0 0.958013 0.286724
3
75.7136 163.923
65.5941 148.532
103.939 123.321
114.058 138.712
2
92.0257 143.369
0 0 0.948681 0.316233
3
79.196 164.504
68.1438 149.768
104.855 122.233
115.908 136.969
2
94.2053 142.98
0 0 0.938441 0.34544
3
82.7076 164.868
70.765 150.844
105.703 121.091
117.646 135.115
2
96.3567 142.456
0 0 0.927301 0.374316
3
86.2351 165.014
73.4478 151.756
106.478 119.899
119.266 133.157
2
98.4716 141.801
0 0 0.915274 0.402833
3
89.7648 164.942
76.1818 152.5
107.178 118.66
120.761 131.102
2
99.7912 140.36
0 0 0.915274 0.402833
3
91.0845 163.501
77.5015 151.059
108.498 117.22
122.081 129.662
2
101.111 138.92
0 0 0.915274 0.402833
3
92.4041 162.06
78.8212 149.619
109.818 115.779
123.401 128.221
2
102.431 137.479
0 0 0.915274 0.402833
3
93.7238 160.62
80.1408 148.178
111.137 114.338
124.72 126.78
2
103.75 136.038
0 0 0.915274 0.402833
3
95.0435 159.179
81.4605 146.737
112.457 112.898
126.04 125.339
2
105.07 134.598
0 0 0.915274 0.402833
3
96.3631 157.738
82.7801 145.296
113.777 111.457
127.36 123.899
2
107.14 133.813
0 0 0.902369 0.430964
3
99.8816 157.448
85.555 145.87
114.399 110.178
128.725 121.756
2
109.158 132.901
0 0 0.8886 0.458682
3
103.375 156.94
88.36 146.271
114.94 108.863
129.956 119.532
2
111.115 131.867
0 0 0.87398 0.485961
3
106.831 156.217
91.1844 146.497
115.4 107.516
131.047 117.236
2
113.005 130.713
0 0 0.858523 0.512775
3
110.236 155.282
94.0175 146.549
115.775 106.144
131.993 114.878
2
114.82 129.445
0 0 0.842244 0.539097
3
113.576 154.138
96.8483 146.425
116.065 104.752
132.792 112.465
2
116.553 128.067
0 0 0.825157 0.564903
3
116.838 152.79
99.666 146.126
116.268 103.344
133.44 110.008
2
118.197 126.584
0 0 0.807281 0.590168
3
120.011 151.242
102.46 145.653
116.383 101.926
133.935 107.515
2
119.747 125.003
0 0 0.788631 0.614867
3
123.083 149.501
105.219 145.009
116.41 100.504
134.274 104.996
2
121.195 123.328
0 0 0.769225 0.638978
3
126.041 147.573
107.933 144.195
116.35 99.0832
134.457 102.462
2
122.538 121.567
0 0 0.749083 0.662476
3
128.873 145.466
110.592 143.214
116.202 97.6686
134.483 99.9204
2
123.768 119.727
0 0 0.728223 0.68534
3
131.57 143.188
113.184 142.071
115.966 96.2658
134.352 97.3824
2
123.887 117.777
0 0 0.728223 0.68534
3
131.689 141.238
113.303 140.121
116.084 94.3157
134.471 95.4323
2
124.005 115.827
0 0 0.728223 0.68534
3
131.807 139.288
113.421 138.171
116.203 92.3655
134.589 93.4821
2
124.124 113.876
0 0 0.728223 0.68534
3
131.926 137.338
113.54 136.221
116.321 90.4154
134.707 91.5319
2
124.242 111.926
0 0 0.728223 0.68534
3
132.044 135.387
113.658 134.271
116.44 88.4652
134.826 89.5818
2
124.36 109.976
0 0 0.728223 0.68534
3
132.163 133.437
113.776 132.321
116.558 86.5151
134.944 87.6316
2
123.486 107.942
0 0 0.749083 0.662476
3
129.821 131.841
111.54 129.589
117.15 84.0434
135.432 86.2953
2
122.738 105.858
0 0 0.769225 0.638978
3
127.584 130.103
109.476 126.725
117.893 81.6132
136 84.9916
2
122.738 105.858
0 0 0.769225 0.638978
3
127.584 130.103
109.476 126.725
117.893 81.6132
136 84.9916
2
123.094 104.14
0 0 0.770639 0.637272
3
127.832 128.407
109.74 124.948
118.357 79.8741
136.449 83.3328
2
123.45 102.422
0 0 0.77205 0.635562
3
128.081 126.709
110.004 123.17
118.82 78.1352
136.897 81.6741
2
123.807 100.704
0 0 0.773456 0.63385
3
128.329 125.011
110.268 121.392
119.284 76.3966
137.345 80.0155
2
124.163 98.9852
0 0 0.774859 0.632134
3
128.578 123.312
110.533 119.613
119.748 74.6581
137.793 78.3571
2
124.519 97.2663
0 0 0.776258 0.630416
3
128.826 121.613
110.798 117.834
120.212 72.9199
138.241 76.6988
2
124.876 95.5471
0 0 0.777653 0.628694
3
129.075 119.912
111.063 116.054
120.677 71.1818
138.688 75.0406
2
125.232 93.8276
0 0 0.779044 0.626969
3
129.323 118.211
111.329 114.273
121.141 69.444
139.135 73.3826
