0
40 60
0
41 61
0
42 62
0
43 63
0
44 64
0
45 65
0
46 66
0
47 67
0
48 68
0
49 69
0
50 70
0
51 71
0
52 72
0
53 73
0
54 74
0
55 75
0
56 76
0
57 77
0
58 78
0
59 79
0
60 80
0
61 81
0
62 82
0
63 83
0
64 84
0
65 85
0
66 86
0
66 87
0
66 88
0
66 89
0
66 90
0
66 91
0
66 92
0
66 93
0
66 94
0
66 95
0
66 96
0
66 97
0
66 98
0
66 99
0
66 100
0
66 101
0
66 102
0
66 103
0
66 104
0
66 105
0
66 106
0
66 107
0
66 108
0
66 109
0
66 110
0
66 111
0
66 112
0
66 113
0
66 114
0
66 115
0
66 116
0
66 117
0
66 118
0
66 119
0
66 120
0
66 121
0
66 122
0
66 123
0
66 124
0
66 125
0
66 126
0
66 127
0
66 128
0
66 129
0
66 130
0
66 131
0
66 132
0
66 133
0
66 134
0
66 135
0
66 136
0
66 137
0
66 138
0
66 139
0
66 140
0
66 141
0
66 142
0
66 143
0
66 144
0
66 145
0
66 146
0
66 147
0
66 148
0
66 149
0
66 150
0
66 151
0
66 152
0
66 153
0
66 154
0
66 155
0
66 156
0
66 157
0
66 158
0
66 159
0
66 160
0
66 161
0
66 162
0
66 163
0
66 164
0
66 165
0
66 166
0
66 167
0
66 168
0
66 169
0
66 170
0
66 171
0
66 172
0
66 173
0
66 174
0
66 175
0
66 176
0
66 177
0
66 178
0
66 179
0
66 180
0
66 181
0
66 182
0
66 183
0
66 184
0
66 185
0
66 186
0
66 187
0
66 188
0
66 189
0
66 190
0
66 191
0
66 192
0
66 193
0
66 194
0
66 195
0
66 196
0
66 197
0
66 198
0
66 199
0
66 200
0
66 201
0
66 202
0
66 203
0
66 204
0
67 205
0
67 206
0
67 207
0
67 208
0
67 209
0
68 210
0
68 211
0
69 212
0
70 213
0
71 214
0
72 214
0
73 215
0
74 216
0
75 216
0
76 216
0
77 217
0
78 217
0
79 217
0
80 217
0
81 216
0
82 216
0
83 216
0
84 215
0
85 214
0
86 214
0
87 213
0
88 212
0
89 211
0
90 210
0
91 209
0
92 208
0
93 207
0
94 206
0
95 205
0
96 204
0
97 203
0
98 202
0
99 201
0
100 200
0
101 199
0
102 198
0
103 197
0
104 196
0
105 195
0
106 194
0
107 193
0
108 192
0
109 191
0
110 190
0
111 189
0
112 188
0
113 187
0
114 186
0
115 185
0
116 184
0
117 183
0
118 182
0
119 181
0
120 180
0
121 179
0
122 178
0
123 177
0
124 176
0
125 175
0
126 174
0
127 173
0
128 172
0
129 171
0
130 170
0
131 169
0
132 168
0
133 167
0
134 166
0
135 165
0
136 164
0
137 163
0
138 162
0
139 161
0
140 160
0
141 159
0
142 158
0
143 157
0
144 156
0
145 155
0
146 154
0
147 153
0
148 152
0
148 151
0
148 150
0
148 149
0
148 148
0
148 147
0
148 146
0
148 145
0
148 144
0
148 143
0
148 142
0
148 141
0
148 140
0
148 139
0
148 138
0
148 137
0
148 136
0
148 135
0
148 134
0
148 133
0
148 132
0
148 131
0
148 130
0
148 129
0
148 128
0
148 127
0
148 126
0
148 125
0
148 124
0
148 123
0
148 122
0
148 121
0
148 120
0
148 119
0
148 118
0
148 117
0
148 116
0
148 115
0
148 114
0
148 113
0
148 112
0
148 111
0
148 110
0
148 109
0
148 108
0
148 107
0
148 106
0
148 105
0
148 104
0
148 103
0
148 102
0
148 101
0
148 100
0
148 99
0
148 98
0
148 97
0
148 96
0
148 95
0
148 94
0
148 93
0
148 92
0
148 91
0
148 90
0
148 89
0
148 88
0
148 87
0
148 86
0
148 85
0
148 84
0
148 83
0
148 82
0
148 81
0
148 80
0
148 79
0
148 78
0
148 77
0
148 76
0
148 75
0
148 74
0
148 73
0
148 72
0
148 71
0
148 70
0
148 69
0
149 68
0
149 67
0
149 66
0
149 65
0
149 64
0
150 63
0
150 62
0
151 61
0
152 60
0
153 59
0
154 58
0
155 58
0
156 57
0
157 57
0
158 56
0
159 56
0
160 56
0
161 56
0
162 56
0
163 56
0
164 56
0
165 56
0
166 57
0
167 58
0
168 59
0
169 60
0
170 61
0
171 62
0
172 63
0
173 64
0
174 65
0
175 66
0
176 67
0
177 68
0
178 69
0
179 70
0
180 71
0
181 72
0
182 73
0
183 74
0
184 75
0
185 76
0
186 77
0
187 78
0
188 79
0
189 80
0
190 81
0
191 82
0
192 83
0
193 84
0
194 85
0
195 86
0
196 87
0
197 88
0
198 89
0
199 90
0
200 91
0
201 92
0
202 93
0
202 94
0
202 95
0
202 96
0
202 97
0
202 98
0
202 99
0
202 100
0
202 101
0
202 102
0
202 103
0
202 104
0
202 105
0
202 106
0
202 107
0
202 108
0
202 109
0
202 110
0
202 111
0
202 112
0
202 113
0
202 114
0
202 115
0
202 116
0
202 117
0
202 118
0
202 119
0
202 120
0
202 121
0
202 122
0
202 123
0
202 124
0
202 125
0
202 126
0
202 127
0
202 128
0
202 129
0
202 130
0
202 131
0
202 132
0
202 133
0
202 134
0
202 135
0
202 136
0
202 137
0
202 138
0
202 139
0
202 140
0
202 141
0
202 142
0
202 143
0
202 144
0
202 145
0
202 146
0
202 147
0
202 148
0
202 149
0
202 150
0
202 151
0
202 152
0
202 153
0
202 154
0
202 155
0
202 156
0
202 157
0
202 158
0
202 159
0
202 160
0
202 161
0
202 162
0
202 163
0
202 164
0
202 165
0
202 166
0
202 167
0
202 168
0
202 169
0
202 170
0
202 171
0
203 172
0
204 173
0
205 174
0
206 175
0
207 176
0
208 177
0
209 178
0
210 179
0
211 180
0
212 181
0
213 182
0
214 183
0
215 184
0
216 185
0
217 186
0
218 186
0
219 187
0
220 188
0
221 188
0
222 188
0
223 188
0
224 188
0
225 188
0
226 188
0
227 188
0
228 188
0
229 188
0
230 189
0
231 189
0
232 189
0
233 189
0
234 189
0
235 189
0
236 189
0
237 189
0
238 189
0
239 189
0
240 189
0
241 189
0
242 189
0
243 189
0
244 189
0
245 189
0
246 189
0
247 189
0
248 189
0
249 189
0
250 189
0
251 189
0
252 189
0
253 189
0
254 189
0
255 189
0
256 189
0
257 189
0
258 189
0
259 189
0
260 189
0
261 189
0
262 189
0
263 189
0
264 189
0
265 189
0
266 189
0
267 189
0
268 189
0
269 189
0
270 189
0
271 189
0
272 189
0
273 189
0
274 189
0
275 189
0
276 189
0
277 189
0
278 189
0
279 189
0
280 189
0
281 189
0
282 189
0
283 189
0
284 189
0
285 189
0
286 189
0
287 189
0
288 189
0
289 189
0
290 189
0
291 189
0
292 189
0
293 189
0
294 189
0
295 189
0
296 189
0
297 189
0
298 189
0
299 189
0
300 189
0
301 189
0
302 189
0
303 189
0
304 189
0
305 189
0
306 189
0
307 189
0
308 189
0
309 189
0
310 189
0
311 189
0
312 189
0
313 189
0
314 189
0
315 189
0
316 189
0
317 189
0
318 189
0
319 189
0
320 189
0
321 189
0
322 189
0
323 189
0
324 189
0
325 189
0
326 189
0
327 189
0
328 189
0
329 189
0
330 189
0
331 189
0
332 189
0
333 189
0
334 189
0
335 189
0
336 189
0
337 189
0
338 189
0
339 189
0
340 189
0
341 189
0
342 189
0
343 189
0
344 189
0
345 189
0
346 189
0
347 189
0
348 189
0
349 189
0
350 189
0
351 189
0
352 189
0
353 189
0
354 189
0
355 189
0
356 189
0
357 189
0
358 189
0
359 189
0
360 189
0
361 189
0
362 189
0
363 189
0
364 188
0
365 188
0
366 188
0
367 188
0
368 188
0
369 188
0
370 188
0
371 188
0
372 188
0
373 188
0
374 188
0
375 187
0
376 186
0
377 186
0
378 185
0
379 184
0
379 183
0
380 182
0
381 181
0
381 180
0
381 179
0
382 178
0
382 177
0
382 176
0
382 175
0
382 174
0
382 173
0
382 172
0
382 171
0
382 170
0
382 169
0
382 168
0
382 167
0
382 166
0
382 165
0
382 164
0
381 163
0
380 162
0
379 161
0
378 160
0
377 159
0
376 158
0
375 157
0
374 156
0
373 155
0
372 154
0
371 153
0
370 152
0
369 151
0
368 150
0
367 149
0
366 148
0
365 147
0
364 146
0
363 145
0
362 144
0
361 143
0
360 142
0
359 141
0
358 140
0
357 139
0
356 138
0
355 137
0
354 136
0
353 135
0
352 134
0
351 133
0
350 132
0
349 131
0
348 130
0
347 129
0
346 128
0
345 127
0
344 126
0
343 125
0
342 124
0
341 123
0
340 122
0
339 121
0
338 120
0
337 119
0
336 118
0
335 117
0
334 116
0
333 115
0
332 114
0
331 113
0
330 112
0
329 111
0
328 110
0
327 109
0
326 108
0
325 107
0
324 106
0
323 105
0
322 104
0
321 103
0
320 102
0
319 101
0
318 100
0
317 99
0
316 98
0
315 97
0
314 96
0
313 95
0
312 94
0
311 93
0
310 92
0
309 91
0
308 90
0
307 89
0
306 88
0
305 87
0
304 86
0
303 85
0
302 84
0
302 83
0
301 82
0
301 81
0
300 80
0
300 79
0
300 78
0
300 77
0
300 76
0
300 75
0
301 74
0
301 73
0
302 72
0
302 71
0
303 70
0
304 69
0
305 68
0
306 67
0
307 67
0
308 66
0
309 66
0
310 66
0
311 66
0
312 66
0
313 65
0
314 65
0
315 65
0
316 65
0
317 65
0
318 65
0
319 65
0
320 65
0
321 65
0
322 65
0
323 65
0
324 65
0
325 65
0
326 65
0
327 64
0
328 64
0
329 63
0
330 63
0
331 62
0
332 62
0
333 61
0
334 61
0
335 60
0
336 60
0
337 60
0
338 59
0
339 59
0
340 58
0
341 58
0
342 57
0
343 57
0
344 56
0
345 56
0
346 55
0
347 55
0
348 55
0
349 54
0
350 54
0
351 53
0
352 53
0
353 52
0
354 52
0
355 51
0
356 51
0
357 50
0
358 50
0
359 50
0
360 49
0
361 49
0
362 48
0
363 48
0
364 47
0
365 47
0
366 46
0
367 46
0
368 45
0
369 45
0
370 45
0
371 44
0
372 44
0
373 43
0
374 43
0
375 42
0
376 42
0
377 41
0
378 41
0
379 41
0
380 40
1
40 60 1.57075
1
40.0001 61.9538 1.57075
1
40.0002 63.9075 1.57075
1
40.0003 65.8613 1.57075
1
40.0004 67.815 1.57075
1
40.0005 69.7688 1.57075
1
40.0005 71.7225 1.57075
1
40.0006 73.6763 1.57075
1
40.0007 75.63 1.57075
1
40.0008 77.5838 1.57075
1
40.0009 79.5375 1.57075
1
40.001 81.4913 1.57075
1
40.122 83.4413 1.63265
1
40.1221 85.395 1.69455
1
40.0013 87.345 1.75646
1
39.7601 89.2838 1.81836
1
39.3995 91.204 1.88026
1
38.9207 93.0982 1.94216
1
38.1004 94.8714 1.88026
1
37.5054 96.7324 1.88026
1
36.9104 98.5933 1.88026
1
36.3154 100.454 1.88026
1
35.7204 102.315 1.88026
1
35.1254 104.176 1.88026
1
34.5304 106.037 1.88026
1
33.9354 107.898 1.88026
1
33.3404 109.759 1.88026
1
32.7454 111.62 1.88026
1
32.1504 113.481 1.88026
1
31.5553 115.342 1.88026
1
30.9603 117.203 1.88026
1
30.3653 119.064 1.88026
1
29.7703 120.925 1.88026
1
29.1753 122.785 1.88026
1
28.5803 124.646 1.88026
1
27.9853 126.507 1.88026
1
27.3903 128.368 1.88026
1
26.7953 130.229 1.88026
1
26.2002 132.09 1.88026
1
25.6052 133.951 1.88026
1
25.0102 135.812 1.88026
1
24.3012 137.633 1.81836
1
23.7062 139.494 1.75646
1
23.2275 141.388 1.69455
1
22.8668 143.308 1.63265
1
22.6256 145.247 1.57075
1
22.7466 147.197 1.63265
1
22.7467 149.151 1.69455
1
22.5055 151.089 1.69455
1
22.2643 153.028 1.69455
1
22.0232 154.967 1.69455
1
21.782 156.906 1.69455
1
21.5408 158.845 1.69455
1
21.2996 160.783 1.69455
1
21.0585 162.722 1.69455
1
20.8173 164.661 1.69455
1
20.5761 166.6 1.69455
1
20.3349 168.539 1.69455
1
20.0938 170.477 1.69455
1
19.8526 172.416 1.69455
1
19.6114 174.355 1.69455
1
19.3702 176.294 1.69455
1
19.0096 178.214 1.63265
1
18.7684 180.153 1.57075
1
18.6476 182.103 1.50885
1
18.7686 184.053 1.50885
1
18.7687 186.007 1.44695
1
18.8896 187.957 1.38504
1
19.131 189.895 1.32314
1
19.4918 191.816 1.26124
1
20.087 193.676 1.26124
1
20.5659 195.571 1.19934
1
21.1611 197.431 1.13744
1
21.8703 199.252 1.07553
1
22.6907 201.025 1.01363
1
23.6192 202.744 0.95173
1
24.6523 204.402 0.889827
1
25.7861 205.994 0.827925
1
27.016 207.512 0.766023
1
28.3376 208.951 0.704121
1
29.7456 210.305 0.642219
1
31.2347 211.57 0.580317
1
32.7992 212.74 0.518415
1
34.4331 213.811 0.456513
1
36.1301 214.779 0.394611
1
37.8838 215.641 0.332709
1
39.6874 216.392 0.270807
1
37.8408 215.754 0.208905
1
39.7233 216.276 0.147003
1
41.6346 216.681 0.0851007
1
43.5673 216.968 0.0231986
1
45.5205 217.013 0.0231986
1
47.4737 217.058 0.0231986
1
49.427 217.104 0.0231986
1
51.3802 217.149 0.0231986
1
53.3334 217.194 0.0231986
1
55.2866 217.24 0.0231986
1
57.2399 217.285 0.0231986
1
59.1931 217.33 0.0231986
1
61.1463 217.376 0.0231986
1
63.0995 217.421 0.0231986
1
65.0528 217.466 0.0231986
1
67.006 217.511 0.0231986
1
68.9592 217.557 0.0231986
1
70.9124 217.602 0.0231986
1
72.8591 217.768 6.24448
1
74.8123 217.813 6.18258
1
76.7646 217.738 6.12068
1
78.7085 217.542 6.05878
1
80.6365 217.226 5.99687
1
82.5413 216.791 5.93497
1
84.4155 216.239 5.87307
1
86.252 215.572 5.81117
1
88.0437 214.793 5.74927
1
89.7838 213.905 5.68736
1
91.4656 212.911 5.62546
1
93.0827 211.814 5.56356
1
94.6289 210.62 5.50166
1
96.0982 209.332 5.43976
1
97.4851 207.956 5.37785
1
98.7841 206.497 5.31595
1
99.9904 204.96 5.25405
1
101.099 203.351 5.19215
1
102.107 201.677 5.13025
1
103.008 199.944 5.06834
1
103.801 198.158 5.00644
1
104.482 196.327 4.94454
1
105.048 194.457 4.88264
1
105.498 192.556 4.82073
1
105.829 190.63 4.75883
1
106.04 188.688 4.69693
1
106.131 186.736 4.63503
1
106.101 184.783 4.57313
1
105.95 182.835 4.51122
1
105.678 180.9 4.44932
1
105.055 179.049 4.51122
1
104.547 177.162 4.57313
1
104.156 175.248 4.63503
1
103.885 173.313 4.69693
1
103.734 171.365 4.75883
1
103.945 169.423 4.69693
1
104.036 167.471 4.63503
1
104.006 165.518 4.57313
1
103.855 163.57 4.51122
1
103.464 161.655 4.51122
1
103.074 159.741 4.51122
1
102.684 157.827 4.51122
1
102.293 155.912 4.51122
1
101.903 153.998 4.51122
1
101.512 152.084 4.51122
1
101.122 150.169 4.51122
1
100.732 148.255 4.51122
1
100.341 146.341 4.51122
1
99.951 144.426 4.51122
1
99.5606 142.512 4.51122
1
99.1702 140.598 4.51122
1
98.7798 138.683 4.51122
1
98.2718 136.797 4.57313
1
97.8814 134.882 4.63503
1
97.6102 132.947 4.69693
1
97.4592 131 4.75883
1
97.6705 129.057 4.69693
1
97.7612 127.106 4.63503
1
97.731 125.152 4.57313
1
97.4598 123.217 4.57313
1
97.1886 121.282 4.57313
1
96.9174 119.348 4.57313
1
96.6462 117.413 4.57313
1
96.375 115.478 4.57313
1
96.1038 113.543 4.57313
1
95.8326 111.608 4.57313
1
95.5613 109.673 4.57313
1
95.171 107.759 4.63503
1
94.8998 105.824 4.69693
1
94.7488 103.876 4.75883
1
94.96 101.934 4.69693
1
94.9298 99.9805 4.69693
1
94.8996 98.027 4.69693
1
94.8694 96.0734 4.69693
1
94.8392 94.1199 4.69693
1
94.8091 92.1664 4.69693
1
94.7789 90.2129 4.69693
1
94.6279 88.265 4.75883
1
94.5977 86.3115 4.82073
1
94.6884 84.3598 4.88264
1
94.8996 82.4175 4.94454
1
95.2306 80.492 5.00644
1
95.6801 78.5907 5.06834
1
96.2464 76.7208 5.13025
1
96.9273 74.8895 5.19215
1
97.7201 73.1039 5.25405
1
98.6219 71.3707 5.31595
1
99.6292 69.6966 5.37785
1
100.738 68.0881 5.43976
1
102.037 66.6288 5.43976
1
103.243 65.0919 5.50166
1
104.542 63.6326 5.56356
1
105.929 62.2564 5.62546
1
107.399 60.9687 5.68736
1
108.945 59.7743 5.74927
1
110.562 58.6779 5.81117
1
112.244 57.6836 5.87307
1
113.984 56.7953 5.93497
1
115.776 56.0163 5.99687
1
117.612 55.3496 6.05878
1
119.486 54.7979 6.12068
1
121.391 54.3631 6.18258
1
119.463 54.6792 6.24448
1
121.407 54.483 0.0231988
1
123.359 54.4074 0.0851008
1
125.306 54.5734 0.0851008
1
127.253 54.7395 0.0851008
1
129.199 54.9056 0.0851008
1
131.146 55.0716 0.0851008
1
133.093 55.2377 0.0851008
1
135.039 55.4038 0.0851008
1
136.986 55.5698 0.0851008
1
138.933 55.7359 0.0851008
1
140.865 56.0221 0.0231988
1
142.812 56.1881 6.24448
1
144.764 56.1125 6.24448
1
146.717 56.0369 6.24448
1
148.669 55.9613 6.24448
1
150.621 55.8857 6.24448
1
152.573 55.8102 6.24448
1
154.526 55.7346 6.24448
1
156.478 55.659 6.24448
1
158.422 55.4627 0.0231988
1
160.374 55.3871 0.0851008
1
162.327 55.4325 0.147003
1
164.26 55.7186 0.147003
1
166.193 56.0048 0.147003
1
168.125 56.291 0.147003
1
170.072 56.457 0.208905
1
172.005 56.7432 0.270807
1
173.916 57.1484 0.332709
1
175.799 57.6711 0.394611
1
177.645 58.3092 0.456513
1
179.449 59.0603 0.518415
1
181.202 59.9215 0.580317
1
182.9 60.8896 0.642219
1
184.533 61.9608 0.704121
1
186.098 63.1311 0.766024
1
187.587 64.3959 0.827926
1
188.995 65.7504 0.889828
1
190.317 67.1894 0.95173
1
191.547 68.7073 1.01363
1
192.68 70.2985 1.07553
1
193.713 71.9568 1.13744
1
194.642 73.6758 1.19934
1
195.462 75.4489 1.26124
1
196.172 77.2694 1.32314
1
196.767 79.1303 1.38504
1
197.246 81.0245 1.44695
1
197.606 82.9446 1.50885
1
197.848 84.8834 1.57075
1
197.969 86.8334 1.63265
1
197.969 88.7871 1.69455
1
197.848 90.7371 1.75646
1
197.607 92.6759 1.81836
1
197.246 94.5961 1.88026
1
196.768 96.4903 1.94216
1
196.173 98.3512 2.00406
1
195.464 100.172 2.06597
1
194.643 101.945 2.12787
1
193.51 103.536 2.06597
1
192.477 105.195 2.00406
1
191.548 106.914 1.94216
1
190.728 108.687 1.88026
1
190.019 110.508 1.81836
1
189.424 112.368 1.75646
1
189.063 114.289 1.75646
1
188.703 116.209 1.75646
1
188.342 118.129 1.75646
1
187.981 120.049 1.75646
1
187.621 121.969 1.75646
1
187.26 123.89 1.75646
1
186.899 125.81 1.75646
1
186.539 127.73 1.75646
1
186.178 129.65 1.75646
1
185.818 131.57 1.75646
1
185.457 133.49 1.75646
1
185.096 135.411 1.75646
1
184.617 137.305 1.69455
1
184.257 139.225 1.63265
1
184.016 141.164 1.57075
1
183.895 143.114 1.50885
1
183.895 145.068 1.44695
1
184.016 147.018 1.38504
1
184.257 148.956 1.32314
1
184.618 150.876 1.26124
1
185.097 152.771 1.19934
1
185.692 154.631 1.13744
1
186.401 156.452 1.07553
1
187.222 158.225 1.01363
1
188.15 159.944 0.95173
1
189.183 161.602 0.889828
1
190.317 163.194 0.827926
1
191.547 164.712 0.766024
1
192.869 166.151 0.704122
1
194.358 167.415 0.704122
1
195.847 168.68 0.704122
1
197.336 169.945 0.704122
1
198.825 171.21 0.704122
1
200.314 172.474 0.704122
1
201.803 173.739 0.704122
1
203.292 175.004 0.704122
1
204.782 176.269 0.704122
1
206.271 177.534 0.704122
1
207.76 178.798 0.704122
1
209.249 180.063 0.704122
1
210.738 181.328 0.704122
1
212.227 182.593 0.704122
1
213.716 183.858 0.704122
1
215.205 185.122 0.704122
1
216.694 186.387 0.704122
1
218.102 187.742 0.64222
1
219.591 189.006 0.580317
1
221.156 190.177 0.518415
1
222.79 191.248 0.456513
1
224.487 192.216 0.394611
1
226.241 193.077 0.332709
1
228.123 193.6 0.394611
1
229.97 194.238 0.456513
1
231.773 194.989 0.518415
1
233.527 195.85 0.580317
1
235.161 196.922 0.580317
1
236.795 197.993 0.580317
1
238.429 199.064 0.580317
1
240.063 200.135 0.580317
1
241.697 201.206 0.580317
1
243.33 202.278 0.580317
1
244.964 203.349 0.580317
1
246.598 204.42 0.580317
1
248.232 205.491 0.580317
1
249.866 206.563 0.580317
1
251.5 207.634 0.580317
1
253.134 208.705 0.580317
1
254.768 209.776 0.580317
1
256.402 210.847 0.580317
1
258.035 211.919 0.580317
1
259.669 212.99 0.580317
1
261.303 214.061 0.580317
1
262.937 215.132 0.580317
1
264.571 216.204 0.580317
1
266.205 217.275 0.580317
1
267.839 218.346 0.580317
1
269.473 219.417 0.580317
1
271.107 220.489 0.580317
1
272.741 221.56 0.580317
1
274.375 222.631 0.580317
1
276.009 223.702 0.580317
1
277.642 224.773 0.580317
1
279.276 225.845 0.580317
1
280.91 226.916 0.580317
1
282.544 227.987 0.580317
1
284.109 229.157 0.518415
1
285.743 230.229 0.456513
1
287.44 231.197 0.394611
1
289.193 232.058 0.332709
1
290.997 232.809 0.270807
1
292.843 233.447 0.208905
1
294.776 233.733 0.270807
1
296.687 234.139 0.332709
1
298.57 234.661 0.394611
1
300.324 235.522 0.332709
1
302.127 236.274 0.270807
1
303.974 236.912 0.208905
1
305.856 237.434 0.147003
1
307.789 237.72 0.147003
1
309.722 238.007 0.147003
1
311.654 238.293 0.147003
1
313.587 238.579 0.147003
1
315.52 238.865 0.147003
1
317.452 239.151 0.147003
1
319.385 239.438 0.147003
1
321.318 239.724 0.147003
1
323.251 240.01 0.147003
1
325.183 240.296 0.147003
1
327.116 240.582 0.147003
1
329.049 240.868 0.147003
1
330.981 241.155 0.147003
1
332.914 241.441 0.147003
1
334.847 241.727 0.147003
1
336.779 242.013 0.147003
1
338.712 242.299 0.147003
1
340.645 242.586 0.147003
1
342.577 242.872 0.147003
1
344.489 243.277 0.0851009
1
346.421 243.563 0.0231989
1
348.368 243.729 6.24448
1
350.321 243.774 6.18258
1
352.273 243.699 6.12068
1
354.217 243.503 6.05878
1
356.145 243.187 5.99687
1
358.05 242.752 5.93497
1
359.924 242.2 5.87307
1
361.761 241.533 5.81117
1
363.553 240.754 5.74927
1
365.293 239.866 5.68736
1
366.974 238.872 5.62546
1
368.592 237.775 5.56356
1
370.138 236.581 5.50166
1
371.607 235.293 5.43976
1
372.994 233.917 5.37785
1
374.293 232.458 5.31595
1
375.499 230.921 5.25405
1
376.608 229.312 5.19215
1
377.615 227.638 5.13025
1
378.517 225.905 5.06834
1
379.31 224.119 5.00644
1
379.991 222.288 4.94454
1
380.557 220.418 4.88264
1
381.007 218.517 4.82073
1
381.338 216.591 4.75883
1
381.428 214.64 4.75883
1
381.519 212.688 4.75883
1
381.61 210.736 4.75883
1
381.7 208.785 4.75883
1
381.791 206.833 4.75883
1
381.882 204.882 4.75883
1
381.973 202.93 4.75883
1
382.063 200.978 4.75883
1
382.154 199.027 4.75883
1
382.245 197.075 4.75883
1
382.335 195.123 4.75883
1
382.426 193.172 4.75883
1
382.517 191.22 4.75883
1
382.607 189.268 4.75883
1
382.698 187.317 4.75883
1
382.789 185.365 4.75883
1
383 183.423 4.69693
1
383.091 181.471 4.63503
1
383.061 179.518 4.57313
1
382.91 177.57 4.51122
1
382.638 175.635 4.44932
1
382.248 173.721 4.38742
1
381.624 171.869 4.38742
1
381.116 169.982 4.32552
1
380.492 168.131 4.26362
1
379.755 166.322 4.20171
1
378.908 164.561 4.13981
1
377.953 162.857 4.07791
1
376.894 161.215 4.01601
1
375.736 159.641 3.95411
1
374.483 158.142 3.8922
1
373.139 156.724 3.8303
1
371.711 155.391 3.7684
1
370.202 154.15 3.7065
1
368.62 153.004 3.6446
1
366.97 151.958 3.58269
1
365.258 151.016 3.52079
1
363.491 150.182 3.45889
1
361.676 149.459 3.39699
1
359.82 148.849 3.33509
1
357.93 148.355 3.27318
1
356.012 147.98 3.21128
1
354.059 147.964 3.27318
1
352.11 147.828 3.33509
1
350.173 147.572 3.39699
1
348.255 147.196 3.45889
1
346.365 146.703 3.52079
1
344.598 145.869 3.45889
1
342.783 145.145 3.39699
1
340.927 144.536 3.33509
1
339.037 144.042 3.27318
1
337.1 143.786 3.27318
1
335.163 143.53 3.27318
1
333.226 143.273 3.27318
1
331.289 143.017 3.27318
1
329.353 142.761 3.27318
1
327.404 142.625 3.33509
1
325.467 142.368 3.39699
1
323.549 141.992 3.45889
1
321.659 141.499 3.52079
1
319.803 140.889 3.58269
1
317.988 140.166 3.6446
1
316.221 139.332 3.7065
1
314.509 138.39 3.7684
1
312.859 137.344 3.8303
1
311.277 136.198 3.8922
1
309.768 134.957 3.95411
1
308.34 133.624 4.01601
1
306.996 132.205 4.07791
1
305.743 130.707 4.13981
1
304.585 129.133 4.20171
1
303.526 127.491 4.26362
1
302.571 125.786 4.32552
1
301.724 124.026 4.38742
1
300.986 122.217 4.44932
1
300.363 120.365 4.51122
1
299.855 118.479 4.57313
1
299.464 116.564 4.63503
1
299.193 114.63 4.69693
1
299.042 112.682 4.75883
1
299.133 110.73 4.75883
1
299.223 108.778 4.75883
1
299.435 106.836 4.69693
1
299.284 104.888 4.75883
1
299.374 102.937 4.75883
1
299.465 100.985 4.75883
1
299.556 99.0333 4.75883
1
299.647 97.0816 4.75883
1
299.737 95.13 4.75883
1
299.948 93.1877 4.69693
1
299.918 91.2342 4.69693
1
299.888 89.2807 4.69693
1
299.858 87.3272 4.69693
1
299.828 85.3736 4.69693
1
299.797 83.4201 4.69693
1
299.646 81.4722 4.75883
1
299.616 79.5187 4.82073
1
299.707 77.5671 4.88264
1
299.918 75.6248 4.94454
1
300.249 73.6993 5.00644
1
300.699 71.7979 5.06834
1
301.265 69.928 5.13025
1
301.946 68.0968 5.19215
1
302.739 66.3111 5.25405
1
303.641 64.5779 5.31595
1
304.648 62.9038 5.37785
1
305.757 61.2953 5.43976
1
306.963 59.7584 5.50166
1
308.262 58.2991 5.56356
1
309.649 56.9229 5.62546
1
311.118 55.6352 5.68736
1
312.664 54.4409 5.74927
1
314.281 53.3444 5.81117
1
315.963 52.3501 5.87307
1
317.703 51.4618 5.93497
1
319.495 50.6828 5.99687
1
321.332 50.0162 6.05878
1
323.206 49.4644 6.12068
1
325.111 49.0296 6.18258
1
327.039 48.7135 6.24448
1
328.992 48.7588 6.18258
1
330.944 48.6832 6.12068
1
332.888 48.487 6.05878
1
334.816 48.1709 5.99687
1
336.721 47.7361 5.93497
1
338.595 47.1844 5.87307
1
340.431 46.5177 5.81117
1
342.223 45.7387 5.74927
1
343.84 44.6423 5.81117
1
345.522 43.648 5.87307
1
347.262 42.7597 5.93497
1
349.054 41.9807 5.99687
1
350.891 41.314 6.05878
1
352.765 40.7623 6.12068
1
354.669 40.3275 6.18258
1
356.598 40.0114 6.24448
1
358.541 39.8152 0.0231988
1
360.494 39.7396 0.0851008
1
362.426 40.0257 0.0231988
1
364.373 40.1918 6.24448
1
366.326 40.2371 6.18258
1
368.254 39.921 6.24448
1
370.198 39.7248 0.0231988
1
372.15 39.6492 0.0851008
1
374.097 39.8153 0.0851008
1
376.044 39.9813 0.0851008
1
377.991 40.1474 0.0851008
2
40.0007 74.155
0 0 0.70709 0.707123
3
49.2117 97.0996
30.7917 97.1004
30.7896 51.2104
49.2096 51.2096
2
40.0007 76.1087
0 0 0.70709 0.707123
3
49.2118 99.0533
30.7918 99.0542
30.7897 53.1642
49.2097 53.1633
2
40.0008 78.0625
0 0 0.70709 0.707123
3
49.2119 101.007
30.7919 101.008
30.7898 55.1179
49.2098 55.1171
2
40.0009 80.0163
0 0 0.70709 0.707123
3
49.212 102.961
30.792 102.962
30.7899 57.0717
49.2099 57.0708
2
40.001 81.97
0 0 0.70709 0.707123
3
49.2121 104.915
30.7921 104.915
30.79 59.0254
49.21 59.0246
2
40.0011 83.9238
0 0 0.70709 0.707123
3
49.2122 106.868
30.7922 106.869
30.7901 60.9792
49.2101 60.9783
2
40.0012 85.8775
0 0 0.70709 0.707123
3
49.2123 108.822
30.7923 108.823
30.7901 62.9329
49.2101 62.9321
2
40.0013 87.8313
0 0 0.70709 0.707123
3
49.2124 110.776
30.7924 110.777
30.7902 64.8867
49.2102 64.8858
2
40.0014 89.785
0 0 0.70709 0.707123
3
49.2125 112.73
30.7925 112.73
30.7903 66.8404
49.2103 66.8396
2
40.0015 91.7388
0 0 0.70709 0.707123
3
49.2125 114.683
30.7925 114.684
30.7904 68.7942
49.2104 68.7933
2
40.0016 93.6925
0 0 0.70709 0.707123
3
49.2126 116.637
30.7926 116.638
30.7905 70.7479
49.2105 70.7471
2
40.0017 95.6463
0 0 0.70709 0.707123
3
49.2127 118.591
30.7927 118.592
30.7906 72.7017
49.2106 72.7008
2
39.247 97.5692
0 0 0.728634 0.684903
3
47.021 121.04
28.6362 119.901
31.4729 74.0987
49.8577 75.2374
2
38.3747 99.4417
0 0 0.749481 0.662026
3
44.6819 123.348
26.4028 121.074
32.0676 75.5353
50.3467 77.8091
2
37.3883 101.257
0 0 0.769609 0.638516
3
42.2045 125.508
24.1011 122.107
32.5721 77.006
50.6756 80.4062
2
36.2915 103.007
0 0 0.789 0.614394
3
39.5983 127.51
21.7399 122.996
32.9848 78.505
50.8432 83.0186
2
35.0886 104.687
0 0 0.807635 0.589683
3
36.8732 129.347
19.3282 123.737
33.3039 80.0267
50.8489 85.6364
2
33.784 106.288
0 0 0.825496 0.564407
3
34.0397 131.011
16.8754 124.327
33.5283 81.5652
50.6927 88.2496
2
33.7896 108.354
0 0 0.807635 0.589683
3
35.5742 133.014
18.0292 127.404
32.0049 83.6941
49.5499 89.3039
2
33.1946 110.215
0 0 0.807635 0.589683
3
34.9792 134.875
17.4342 129.265
31.4099 85.555
48.9549 91.1648
2
32.5995 112.076
0 0 0.807635 0.589683
3
34.3842 136.736
16.8392 131.126
30.8149 87.416
48.3599 93.0257
2
32.0045 113.937
0 0 0.807635 0.589683
3
33.7892 138.597
16.2442 132.987
30.2199 89.2769
47.7649 94.8867
2
31.4095 115.798
0 0 0.807635 0.589683
3
33.1942 140.458
15.6492 134.848
29.6249 91.1378
47.1699 96.7476
2
30.8145 117.659
0 0 0.807635 0.589683
3
32.5992 142.319
15.0542 136.709
29.0299 92.9988
46.5749 98.6085
2
30.2195 119.52
0 0 0.807635 0.589683
3
32.0042 144.18
14.4592 138.57
28.4349 94.8597
45.9799 100.469
2
29.6245 121.381
0 0 0.807635 0.589683
3
31.4091 146.041
13.8641 140.431
27.8399 96.7207
45.3849 102.33
2
29.0295 123.242
0 0 0.807635 0.589683
3
30.8141 147.901
13.2691 142.292
27.2449 98.5816
44.7898 104.191
2
28.4345 125.102
0 0 0.807635 0.589683
3
30.2191 149.762
12.6741 144.153
26.6498 100.443
44.1948 106.052
2
27.8395 126.963
0 0 0.807635 0.589683
3
29.6241 151.623
12.0791 146.014
26.0548 102.303
43.5998 107.913
2
27.2445 128.824
0 0 0.807635 0.589683
3
29.0291 153.484
11.4841 147.874
25.4598 104.164
43.0048 109.774
2
26.6495 130.685
0 0 0.807635 0.589683
3
28.4341 155.345
10.8891 149.735
24.8648 106.025
42.4098 111.635
2
26.0544 132.546
0 0 0.807635 0.589683
3
27.8391 157.206
10.2941 151.596
24.2698 107.886
41.8148 113.496
2
25.4594 134.407
0 0 0.807635 0.589683
3
27.2441 159.067
9.69908 153.457
23.6748 109.747
41.2198 115.357
2
24.8644 136.268
0 0 0.807635 0.589683
3
26.6491 160.928
9.10407 155.318
23.0798 111.608
40.6248 117.218
2
24.2694 138.129
0 0 0.807635 0.589683
3
26.0541 162.789
8.50906 157.179
22.4848 113.469
40.0298 119.079
2
23.6744 139.99
0 0 0.807635 0.589683
3
25.459 164.65
7.91405 159.04
21.8898 115.33
39.4348 120.94
2
23.0794 141.851
0 0 0.807635 0.589683
3
24.864 166.511
7.31904 160.901
21.2947 117.191
38.8397 122.801
2
22.4844 143.712
0 0 0.807635 0.589683
3
24.269 168.372
6.72403 162.762
20.6997 119.052
38.2447 124.662
2
21.8894 145.573
0 0 0.807635 0.589683
3
23.674 170.233
6.12902 164.623
20.1047 120.913
37.6497 126.523
2
21.2944 147.434
0 0 0.807635 0.589683
3
23.079 172.094
5.534 166.484
19.5097 122.774
37.0547 128.384
2
20.6993 149.295
0 0 0.807635 0.589683
3
22.484 173.955
4.93899 168.345
18.9147 124.635
36.4597 130.245
2
20.8327 151.356
0 0 0.789 0.614394
3
24.1394 175.858
6.281 171.345
17.5259 126.854
35.3844 131.367
2
21.0933 153.405
0 0 0.769609 0.638516
3
25.9095 177.656
7.80602 174.256
16.2771 129.155
34.3805 132.555
2
21.4801 155.435
0 0 0.749481 0.662026
3
27.7873 179.341
9.50821 177.067
15.173 131.528
33.4521 133.802
2
21.9918 157.436
0 0 0.728634 0.684903
3
29.7658 180.906
11.381 179.768
14.2178 133.965
32.6026 135.104
2
22.6263 159.402
0 0 0.70709 0.707123
3
31.8374 182.346
13.4174 182.347
13.4152 136.457
31.8352 136.456
2
21.8716 161.325
0 0 0.728634 0.684903
3
29.6456 184.795
11.2608 183.657
14.0976 137.854
32.4823 138.993
2
20.9994 163.197
0 0 0.749481 0.662026
3
27.3065 187.104
9.02742 184.83
14.6922 139.291
32.9713 141.565
2
20.7582 165.136
0 0 0.749481 0.662026
3
27.0654 189.043
8.78625 186.769
14.451 141.23
32.7301 143.503
2
20.517 167.075
0 0 0.749481 0.662026
3
26.8242 190.981
8.54507 188.708
14.2098 143.168
32.489 145.442
2
20.2758 169.014
0 0 0.749481 0.662026
3
26.583 192.92
8.3039 190.646
13.9687 145.107
32.2478 147.381
2
20.0347 170.953
0 0 0.749481 0.662026
3
26.3418 194.859
8.06272 192.585
13.7275 147.046
32.0066 149.32
2
19.7935 172.891
0 0 0.749481 0.662026
3
26.1007 196.798
7.82155 194.524
13.4863 148.985
31.7654 151.259
2
19.5523 174.83
0 0 0.749481 0.662026
3
25.8595 198.737
7.58038 196.463
13.2451 150.924
31.5243 153.198
2
19.3111 176.769
0 0 0.749481 0.662026
3
25.6183 200.675
7.3392 198.402
13.004 152.863
31.2831 155.136
2
19.07 178.708
0 0 0.749481 0.662026
3
25.3771 202.614
7.09803 200.34
12.7628 154.801
31.0419 157.075
2
18.8288 180.647
0 0 0.749481 0.662026
3
25.136 204.553
6.85685 202.279
12.5216 156.74
30.8007 159.014
2
18.5876 182.585
0 0 0.749481 0.662026
3
24.8948 206.492
6.61568 204.218
12.2804 158.679
30.5596 160.953
2
18.3464 184.524
0 0 0.749481 0.662026
3
24.6536 208.431
6.3745 206.157
12.0393 160.618
30.3184 162.892
2
18.1053 186.463
0 0 0.749481 0.662026
3
24.4124 210.369
6.13333 208.096
11.7981 162.557
30.0772 164.83
2
17.8641 188.402
0 0 0.749481 0.662026
3
24.1713 212.308
5.89215 210.034
11.5569 164.495
29.836 166.769
2
17.6229 190.341
0 0 0.749481 0.662026
3
23.9301 214.247
5.65098 211.973
11.3157 166.434
29.5949 168.708
2
18.1346 192.342
0 0 0.728634 0.684903
3
25.9086 215.812
7.52382 214.674
10.3606 168.872
28.7453 170.01
2
18.7691 194.308
0 0 0.70709 0.707123
3
27.9801 217.252
9.56013 217.253
9.558 171.363
27.978 171.362
2
19.524 196.231
0 0 0.684869 0.728666
3
30.1368 218.562
11.7521 219.702
8.91112 173.9
27.2958 172.76
2
19.6449 198.181
0 0 0.684869 0.728666
3
30.2577 220.512
11.8731 221.652
9.03208 175.85
27.4167 174.71
2
20.5173 200.053
0 0 0.661992 0.749511
3
32.4912 221.685
14.2123 223.96
8.54336 178.422
26.8223 176.146
2
21.5039 201.868
0 0 0.63848 0.769638
3
34.7931 222.717
16.6899 226.119
8.21468 181.019
26.3178 177.617
2
22.6008 203.619
0 0 0.614357 0.789028
3
37.1543 223.606
19.2963 228.121
8.04729 183.631
25.9053 179.116
2
23.8039 205.298
0 0 0.589646 0.807662
3
39.5661 224.346
22.0216 229.958
8.04183 186.249
25.5863 180.638
2
24.3991 207.159
0 0 0.589646 0.807662
3
40.1612 226.207
22.6168 231.819
8.63701 188.11
26.1815 182.499
2
25.7038 208.76
0 0 0.564369 0.825523
3
42.6142 226.797
25.4504 233.483
8.79351 190.723
25.9572 184.037
2
27.1051 210.278
0 0 0.538552 0.842592
3
45.0989 227.234
28.3816 234.969
9.11136 193.322
25.8286 185.587
2
28.5976 211.706
0 0 0.512219 0.858855
3
47.6059 227.517
31.3992 236.271
9.58935 195.895
25.7961 187.141
2
30.1756 213.039
0 0 0.485396 0.874295
3
50.1256 227.644
34.4914 237.384
10.2256 198.435
25.8598 188.694
2
31.833 214.272
0 0 0.458107 0.888897
3
52.6483 227.615
37.6466 238.303
11.0178 200.93
26.0194 190.241
2
33.5636 215.4
0 0 0.43038 0.902648
3
55.1643 227.43
40.8527 239.026
11.9628 203.371
26.2745 191.775
2
35.3606 216.419
0 0 0.40224 0.915534
3
57.6641 227.089
44.0973 239.549
13.057 205.749
26.6239 193.29
2
37.2172 217.325
0 0 0.373716 0.927543
3
60.1381 226.595
47.368 239.869
14.2963 208.055
27.0664 194.78
2
39.1262 218.114
0 0 0.344833 0.938664
3
62.5767 225.948
50.6522 239.987
15.6758 210.28
27.6002 196.241
2
41.0805 218.784
0 0 0.31562 0.948886
3
64.9706 225.152
53.9375 239.902
17.1903 212.415
28.2234 197.665
2
43.0724 219.331
0 0 0.286104 0.958199
3
67.3107 224.209
57.2113 239.614
18.834 214.453
28.9335 199.048
2
45.0943 219.754
0 0 0.256315 0.966593
3
69.588 223.123
60.4609 239.123
20.6006 216.384
29.7277 200.385
2
47.1385 220.051
0 0 0.22628 0.974062
3
71.7938 221.899
63.6739 238.433
22.4833 218.203
30.6032 201.67
2
49.1973 220.221
0 0 0.196028 0.980598
3
73.9196 220.54
66.8381 237.545
24.4749 219.902
31.5564 202.898
2
51.2626 220.264
0 0 0.165588 0.986195
3
75.9573 219.053
69.9413 236.463
26.5678 221.475
32.5839 204.065
2
53.3265 220.178
0 0 0.13499 0.990847
3
77.8991 217.442
72.9715 235.191
28.754 222.915
33.6815 205.166
2
51.688 218.689
0 0 0.104263 0.99455
3
76.0442 214.438
72.2241 232.458
27.3319 222.94
31.1519 204.921
2
53.7257 218.35
0 0 0.0734352 0.9973
3
77.7722 212.6
75.0742 230.821
29.6791 224.099
32.3772 205.878
2
55.7384 217.885
0 0 0.0425375 0.999095
3
79.3832 210.658
77.8175 229.012
32.0936 225.111
33.6593 206.758
2
57.7185 217.296
0 0 0.011599 0.999933
3
80.8709 208.621
80.4437 227.036
34.566 225.971
34.9933 207.556
2
59.6717 217.341
0 0 0.011599 0.999933
3
82.8242 208.666
82.3969 227.081
36.5192 226.017
36.9465 207.602
2
61.6249 217.387
0 0 0.011599 0.999933
3
84.7774 208.711
84.3501 227.126
38.4725 226.062
38.8997 207.647
2
63.5782 217.432
0 0 0.011599 0.999933
3
86.7306 208.757
86.3033 227.172
40.4257 226.107
40.853 207.692
2
65.5314 217.477
0 0 0.011599 0.999933
3
88.6838 208.802
88.2566 227.217
42.3789 226.153
42.8062 207.737
2
67.4846 217.523
0 0 0.011599 0.999933
3
90.6371 208.847
90.2098 227.262
44.3321 226.198
44.7594 207.783
2
69.4378 217.568
0 0 0.011599 0.999933
3
92.5903 208.893
92.163 227.308
46.2854 226.243
46.7126 207.828
2
71.3911 217.613
0 0 0.011599 0.999933
3
94.5435 208.938
94.1162 227.353
48.2386 226.288
48.6659 207.873
2
73.3443 217.659
0 0 0.011599 0.999933
3
96.4967 208.983
96.0695 227.398
50.1918 226.334
50.6191 207.919
2
75.2975 217.704
0 0 0.011599 0.999933
3
98.45 209.029
98.0227 227.444
52.145 226.379
52.5723 207.964
2
77.2507 217.749
0 0 0.011599 0.999933
3
100.403 209.074
99.9759 227.489
54.0983 226.424
54.5255 208.009
2
79.2039 217.794
0 0 0.011599 0.999933
3
102.356 209.119
101.929 227.534
56.0515 226.47
56.4788 208.055
2
81.1572 217.84
0 0 0.011599 0.999933
3
104.31 209.165
103.882 227.58
58.0047 226.515
58.432 208.1
2
83.1104 217.885
0 0 0.011599 0.999933
3
106.263 209.21
105.836 227.625
59.9579 226.56
60.3852 208.145
2
85.0636 217.93
0 0 0.011599 0.999933
3
108.216 209.255
107.789 227.67
61.9112 226.606
62.3384 208.191
2
87.0035 217.22
0 0 0.0193504 -0.999813
3
109.575 207.13
110.288 225.536
64.4321 227.311
63.7193 208.905
2
88.8958 216.392
0 0 0.0502814 -0.998735
3
110.8 204.924
112.65 223.251
66.9918 227.86
65.1418 209.533
2
90.7331 215.448
0 0 0.0811643 -0.996701
3
111.886 202.647
114.866 220.824
69.5806 228.249
66.6003 210.071
2
92.5086 214.392
0 0 0.111969 -0.993712
3
112.829 200.307
116.928 218.265
72.1884 228.477
68.0894 210.519
2
94.2153 213.228
0 0 0.142667 -0.989771
3
113.625 197.913
118.827 215.583
74.8054 228.543
69.6033 210.873
2
95.8467 211.961
0 0 0.173228 -0.984882
3
114.272 195.474
120.557 212.789
77.4214 228.447
71.1362 211.133
2
97.3967 210.595
0 0 0.203624 -0.979049
3
114.767 193
122.111 209.893
80.0266 228.19
72.6822 211.297
2
98.8592 209.136
0 0 0.233824 -0.972279
3
115.108 190.501
123.483 206.906
82.6108 227.772
74.2355 211.366
2
100.229 207.59
0 0 0.2638 -0.964577
3
115.293 187.985
124.667 203.841
85.1642 227.195
75.79 211.339
2
101.5 205.961
0 0 0.293524 -0.955952
3
115.322 185.462
125.66 200.708
87.677 226.461
77.3399 211.215
2
102.668 204.258
0 0 0.322966 -0.946411
3
115.196 182.942
126.456 197.52
90.1396 225.573
78.8791 210.996
2
103.728 202.485
0 0 0.352099 -0.935963
3
114.914 180.435
127.054 194.288
92.5425 224.534
80.4019 210.681
2
104.677 200.65
0 0 0.380895 -0.924618
3
114.477 177.95
127.451 191.026
94.8766 223.349
81.9022 210.274
2
105.51 198.759
0 0 0.409326 -0.912388
3
113.887 175.497
127.645 187.745
97.1329 222.022
83.3745 209.774
2
106.225 196.821
0 0 0.437365 -0.899284
3
113.147 173.086
127.636 184.459
99.3028 220.557
84.813 209.184
2
106.818 194.843
0 0 0.464984 -0.885319
3
112.259 170.724
127.424 181.179
101.378 218.961
86.2123 208.506
2
107.288 192.831
0 0 0.492159 -0.870505
3
111.226 168.422
127.009 177.919
103.35 217.24
87.567 207.743
2
107.633 190.794
0 0 0.518862 -0.854858
3
110.053 166.189
126.394 174.691
105.212 215.4
88.8719 206.898
2
107.851 188.74
0 0 0.545068 -0.838392
3
108.744 164.032
125.579 171.507
106.957 213.448
90.122 205.974
2
107.941 186.676
0 0 0.570752 -0.821123
3
107.305 161.96
124.57 168.379
108.578 211.393
91.3125 204.974
2
107.904 184.611
0 0 0.595889 -0.803067
3
105.739 159.981
123.369 165.32
110.068 209.24
92.4389 203.902
2
107.739 182.552
0 0 0.620455 -0.784242
3
104.055 158.103
121.981 162.341
111.423 207
93.4968 202.762
2
107.447 180.507
0 0 0.644427 -0.764666
3
102.257 156.333
120.411 159.454
112.636 204.681
94.4822 201.56
2
107.028 178.484
0 0 0.667782 -0.744357
3
100.354 154.678
118.666 156.669
113.703 202.29
95.3913 200.298
2
106.486 176.491
0 0 0.690497 -0.723335
3
98.3512 153.143
116.751 153.998
114.621 199.839
96.2207 198.983
2
105.821 174.535
0 0 0.712551 -0.70162
3
96.2578 151.735
114.676 151.45
115.385 197.335
96.9671 197.619
2
105.037 172.624
0 0 0.733922 -0.679234
3
94.0812 150.459
112.446 149.036
115.993 194.788
97.6277 196.212
2
104.136 170.765
0 0 0.75459 -0.656196
3
91.8298 149.321
110.072 146.764
116.442 192.209
98.2 194.766
2
103.121 168.965
0 0 0.774535 -0.632531
3
89.5124 148.323
107.561 144.643
116.73 189.608
98.6817 193.288
2
101.998 167.232
0 0 0.793739 -0.608259
3
87.1377 147.472
104.924 142.682
116.857 186.993
99.0711 191.783
2
102.226 165.179
0 0 0.774535 -0.632531
3
88.6174 144.537
106.666 140.857
115.835 185.821
97.7867 189.502
2
102.582 163.144
0 0 0.75459 -0.656196
3
90.2758 141.7
108.517 139.143
114.888 184.589
96.6459 187.146
2
103.062 161.135
0 0 0.733922 -0.679234
3
92.1065 138.971
110.471 137.547
114.018 183.3
95.6531 184.723
2
103.666 159.16
0 0 0.712551 -0.70162
3
94.1026 136.36
112.52 136.075
113.23 181.96
94.812 182.244
2
104.391 157.225
0 0 0.690497 -0.723335
3
96.2564 133.878
114.657 134.733
112.526 180.573
94.1258 179.718
2
103.726 155.27
0 0 0.712551 -0.70162
3
94.1629 132.47
112.581 132.185
113.29 178.069
94.8722 178.354
2
102.942 153.358
0 0 0.733922 -0.679234
3
91.9863 131.194
110.351 129.77
113.898 175.523
95.5328 176.947
2
102.041 151.5
0 0 0.75459 -0.656196
3
89.735 130.055
107.977 127.498
114.347 172.944
96.1051 175.501
2
101.026 149.7
0 0 0.774535 -0.632531
3
87.4175 129.058
105.466 125.378
114.635 170.342
96.5868 174.023
2
100.636 147.786
0 0 0.774535 -0.632531
3
87.0272 127.144
105.076 123.463
114.245 168.428
96.1965 172.108
2
100.246 145.871
0 0 0.774535 -0.632531
3
86.6368 125.229
104.685 121.549
113.855 166.514
95.8061 170.194
2
99.8553 143.957
0 0 0.774535 -0.632531
3
86.2464 123.315
104.295 119.635
113.464 164.599
95.4157 168.28
2
99.4649 142.043
0 0 0.774535 -0.632531
3
85.856 121.401
103.905 117.72
113.074 162.685
95.0253 166.365
2
99.0746 140.128
0 0 0.774535 -0.632531
3
85.4656 119.486
103.514 115.806
112.683 160.77
94.6349 164.451
2
98.6842 138.214
0 0 0.774535 -0.632531
3
85.0753 117.572
103.124 113.892
112.293 158.856
94.2446 162.537
2
98.2938 136.3
0 0 0.774535 -0.632531
3
84.6849 115.658
102.733 111.977
111.903 156.942
93.8542 160.622
2
97.9034 134.385
0 0 0.774535 -0.632531
3
84.2945 113.743
102.343 110.063
111.512 155.027
93.4638 158.708
2
97.513 132.471
0 0 0.774535 -0.632531
3
83.9041 111.829
101.953 108.148
111.122 153.113
93.0734 156.794
2
97.1227 130.557
0 0 0.774535 -0.632531
3
83.5137 109.915
101.562 106.234
110.732 151.199
92.683 154.879
2
96.7323 128.642
0 0 0.774535 -0.632531
3
83.1234 108
101.172 104.32
110.341 149.284
92.2926 152.965
2
96.3419 126.728
0 0 0.774535 -0.632531
3
82.733 106.086
100.782 102.405
109.951 147.37
91.9023 151.051
2
95.9515 124.814
0 0 0.774535 -0.632531
3
82.3426 104.172
100.391 100.491
109.56 145.456
91.5119 149.136
2
96.3069 122.779
0 0 0.75459 -0.656196
3
84.001 101.334
102.243 98.7773
108.613 144.223
90.3711 146.78
2
96.7875 120.77
0 0 0.733922 -0.679234
3
85.8317 98.605
104.197 97.1814
107.743 142.934
89.3783 144.358
2
97.3914 118.794
0 0 0.712551 -0.70162
3
87.8278 95.9942
106.246 95.7095
106.955 141.594
88.5372 141.879
2
98.1164 116.86
0 0 0.690497 -0.723335
3
89.9816 93.5119
108.382 94.3671
106.251 140.208
87.851 139.352
2
97.4517 114.904
0 0 0.712551 -0.70162
3
87.8881 92.104
106.306 91.8193
107.015 137.704
88.5974 137.989
2
96.6672 112.993
0 0 0.733922 -0.679234
3
85.7115 90.8283
104.076 89.4048
107.623 135.158
89.258 136.581
2
95.7661 111.134
0 0 0.75459 -0.656196
3
83.4602 89.6897
101.702 87.1328
108.072 132.579
89.8303 135.135
2
95.4949 109.199
0 0 0.75459 -0.656196
3
83.189 87.7549
101.431 85.198
107.801 130.644
89.5591 133.201
2
95.2237 107.264
0 0 0.75459 -0.656196
3
82.9178 85.82
101.159 83.2631
107.53 128.709
89.2879 131.266
2
94.9525 105.33
0 0 0.75459 -0.656196
3
82.6466 83.8852
100.888 81.3283
107.258 126.774
89.0167 129.331
2
94.6813 103.395
0 0 0.75459 -0.656196
3
82.3754 81.9504
100.617 79.3934
106.987 124.839
88.7455 127.396
2
94.4101 101.46
0 0 0.75459 -0.656196
3
82.1042 80.0155
100.346 77.4586
106.716 122.904
88.4743 125.461
2
94.1389 99.5251
0 0 0.75459 -0.656196
3
81.833 78.0807
100.075 75.5238
106.445 120.969
88.2031 123.526
2
93.8677 97.5903
0 0 0.75459 -0.656196
3
81.5618 76.1459
99.8034 73.5889
106.174 119.035
87.9319 121.592
2
93.5965 95.6554
0 0 0.75459 -0.656196
3
81.2906 74.211
99.5322 71.6541
105.902 117.1
87.6607 119.657
2
94.077 93.6464
0 0 0.733922 -0.679234
3
83.1213 71.4818
101.486 70.0582
105.033 115.811
86.6678 117.235
2
94.681 91.6709
0 0 0.712551 -0.70162
3
85.1174 68.871
103.535 68.5863
104.245 114.471
85.8267 114.756
2
95.406 89.7365
0 0 0.690497 -0.723335
3
87.2712 66.3887
105.671 67.2439
103.541 113.084
85.1406 112.229
2
94.7412 87.7807
0 0 0.712551 -0.70162
3
85.1777 64.9808
103.595 64.6961
104.305 110.581
85.887 110.865
2
94.711 85.8272
0 0 0.712551 -0.70162
3
85.1475 63.0273
103.565 62.7425
104.275 108.627
85.8568 108.912
2
94.6808 83.8737
0 0 0.712551 -0.70162
3
85.1173 61.0738
103.535 60.789
104.244 106.674
85.8266 106.958
2
94.6506 81.9201
0 0 0.712551 -0.70162
3
85.0871 59.1202
103.505 58.8355
104.214 104.72
85.7964 105.005
2
94.6204 79.9666
0 0 0.712551 -0.70162
3
85.0569 57.1667
103.475 56.882
104.184 102.767
85.7662 103.051
2
94.5902 78.0131
0 0 0.712551 -0.70162
3
85.0267 55.2132
103.444 54.9285
104.154 100.813
85.736 101.098
2
94.5601 76.0596
0 0 0.712551 -0.70162
3
84.9965 53.2597
103.414 52.975
104.124 98.8595
85.7058 99.1442
2
95.285 74.1253
0 0 0.690497 -0.723335
3
87.1502 50.7774
105.55 51.6326
103.42 97.4731
85.0197 96.6179
2
96.1283 72.2395
0 0 0.667782 -0.744357
3
89.4534 48.4331
107.765 50.4249
102.803 96.0459
84.4912 94.054
2
97.0866 70.4095
0 0 0.644427 -0.764666
3
91.8972 46.2358
110.051 49.3566
102.276 94.5832
84.1223 91.4623
2
98.1563 68.6423
0 0 0.620455 -0.784242
3
94.4723 44.1938
112.398 48.4317
101.84 93.0907
83.9144 88.8528
2
99.3332 66.9446
0 0 0.595889 -0.803067
3
97.1688 42.3151
114.798 47.6538
101.498 91.5741
83.8683 86.2354
2
100.613 65.323
0 0 0.570752 -0.821123
3
99.9763 40.6068
117.242 47.0259
101.25 90.0392
83.9843 83.6202
2
101.991 63.7837
0 0 0.545068 -0.838392
3
102.884 39.0754
119.719 46.5503
101.097 88.492
84.2618 81.0171
2
103.461 62.3326
0 0 0.518862 -0.854858
3
105.881 37.7269
122.222 46.2289
101.04 86.9382
84.6999 78.4362
2
105.018 60.9751
0 0 0.492159 -0.870505
3
108.956 36.5663
124.739 46.0629
101.08 85.3839
85.2967 75.8873
2
106.656 59.7166
0 0 0.464984 -0.885319
3
112.096 35.5982
127.262 46.053
101.216 83.8351
86.0501 73.3803
2
108.369 58.5619
0 0 0.437365 -0.899284
3
115.291 34.8262
129.78 46.1991
101.447 82.2976
86.9571 70.9246
2
110.15 57.5153
0 0 0.409326 -0.912388
3
118.527 34.2533
132.285 46.5008
101.773 80.7773
88.0143 68.5298
2
111.449 56.056
0 0 0.409326 -0.912388
3
119.826 32.7939
133.584 45.0415
103.072 79.318
89.3134 67.0705
2
113.291 55.1216
0 0 0.380895 -0.924618
3
123.091 32.4223
136.066 45.4976
103.491 77.8208
90.5167 64.7456
2
115.188 54.303
0 0 0.352099 -0.935963
3
126.373 32.2534
138.514 46.1062
104.002 76.3525
91.8616 62.4997
2
117.131 53.6032
0 0 0.322966 -0.946411
3
129.66 32.2879
140.92 46.8652
104.603 74.9185
93.3428 60.3412
2
119.115 53.0251
0 0 0.293524 -0.955952
3
132.937 32.5256
143.274 47.7716
105.292 73.5245
94.9547 58.2785
2
121.13 52.5707
0 0 0.2638 -0.964577
3
136.194 32.9656
145.568 48.8219
106.065 72.1758
96.6911 56.3195
2
123.169 52.2418
0 0 0.233824 -0.972279
3
139.417 33.6062
147.793 50.012
106.921 70.8775
98.5454 54.4717
2
125.225 52.0398
0 0 0.203624 -0.979049
3
142.595 34.445
149.939 51.3375
107.855 69.6346
100.51 52.7421
2
127.289 51.9653
0 0 0.173228 -0.984882
3
145.715 35.4788
152 52.7933
108.864 68.4518
102.579 51.1373
2
129.354 52.0187
0 0 0.142667 -0.989771
3
148.764 36.7036
153.966 54.3737
109.944 67.3338
104.742 49.6636
2
131.412 52.1997
0 0 0.111969 -0.993712
3
151.732 38.1147
155.831 56.0728
111.092 66.2847
106.993 48.3266
2
133.455 52.5077
0 0 0.0811643 -0.996701
3
154.607 39.7067
157.588 57.884
112.302 65.3087
109.322 47.1314
2
135.474 52.9414
0 0 0.0502814 -0.998735
3
157.378 41.4735
159.228 59.8004
113.571 64.4093
111.72 46.0825
2
133.607 54.1315
0 0 0.0193504 -0.999813
3
156.179 44.0406
156.892 62.4468
111.036 64.2224
110.323 45.8162
2
135.558 54.8113
0 0 0.0115991 0.999933
3
158.711 46.136
158.283 64.5511
112.406 63.4866
112.833 45.0715
2
137.463 55.6105
0 0 0.0425376 0.999095
3
161.108 48.3841
159.542 66.7375
113.818 62.8369
115.384 44.4836
2
139.41 55.7766
0 0 0.0425376 0.999095
3
163.054 48.5502
161.489 66.9035
115.765 63.003
117.331 44.6496
2
141.356 55.9426
0 0 0.0425376 0.999095
3
165.001 48.7163
163.435 67.0696
117.712 63.169
119.277 44.8157
2
143.303 56.1087
0 0 0.0425376 0.999095
3
166.948 48.8823
165.382 67.2357
119.658 63.3351
121.224 44.9818
2
145.25 56.2748
0 0 0.0425376 0.999095
3
168.895 49.0484
167.329 67.4017
121.605 63.5012
123.171 45.1478
2
147.196 56.4408
0 0 0.0425376 0.999095
3
170.841 49.2145
169.276 67.5678
123.552 63.6672
125.117 45.3139
2
149.143 56.6069
0 0 0.0425376 0.999095
3
172.788 49.3805
171.222 67.7339
125.498 63.8333
127.064 45.48
2
151.09 56.773
0 0 0.0425376 0.999095
3
174.735 49.5466
173.169 67.8999
127.445 63.9994
129.011 45.646
2
153.036 56.939
0 0 0.0425376 0.999095
3
176.681 49.7127
175.116 68.066
129.392 64.1654
130.957 45.8121
2
155.017 56.3504
0 0 0.0115991 0.999933
3
178.169 47.6751
177.742 66.0902
131.864 65.0257
132.291 46.6106
2
156.956 55.6404
0 0 0.0193504 -0.999813
3
179.528 45.5495
180.241 63.9557
134.385 65.7313
133.672 47.3251
2
158.909 55.5648
0 0 0.0193504 -0.999813
3
181.48 45.4739
182.193 63.8801
136.337 65.6558
135.625 47.2495
2
160.861 55.4892
0 0 0.0193504 -0.999813
3
183.432 45.3983
184.145 63.8045
138.29 65.5802
137.577 47.174
2
162.813 55.4136
0 0 0.0193504 -0.999813
3
185.385 45.3227
186.097 63.7289
140.242 65.5046
139.529 47.0984
2
164.766 55.338
0 0 0.0193504 -0.999813
3
187.337 45.2471
188.05 63.6533
142.194 65.429
141.481 47.0228
2
166.718 55.2624
0 0 0.0193504 -0.999813
3
189.289 45.1715
190.002 63.5777
144.146 65.3534
143.434 46.9472
2
168.67 55.1868
0 0 0.0193504 -0.999813
3
191.242 45.0959
191.954 63.5021
146.099 65.2778
145.386 46.8716
2
170.622 55.1113
0 0 0.0193504 -0.999813
3
193.194 45.0203
193.907 63.4265
148.051 65.2022
147.338 46.796
2
172.573 55.7911
0 0 0.0115991 0.999933
3
195.726 47.1158
195.298 65.5308
149.421 64.4664
149.848 46.0513
2
174.478 56.5903
0 0 0.0425376 0.999095
3
198.123 49.3639
196.557 67.7172
150.833 63.8167
152.399 45.4633
2
176.33 57.5058
0 0 0.0734353 0.9973
3
200.376 51.756
197.678 69.9773
152.283 63.2556
154.981 45.0343
2
178.262 57.792
0 0 0.0734353 0.9973
3
202.309 52.0422
199.611 70.2635
154.216 63.5418
156.914 45.3205
2
180.195 58.0781
0 0 0.0734353 0.9973
3
204.242 52.3283
201.544 70.5497
156.149 63.828
158.847 45.6066
2
182.128 58.3643
0 0 0.0734353 0.9973
3
206.174 52.6145
203.476 70.8358
158.081 64.1141
160.779 45.8928
2
183.919 59.3926
0 0 0.104263 0.99455
3
208.276 55.1414
204.455 73.1609
159.563 63.6439
163.383 45.6243
2
185.644 60.5298
0 0 0.13499 0.990847
3
210.216 57.7935
205.289 75.5422
161.071 63.2662
165.999 45.5175
2
187.295 61.7715
0 0 0.165588 0.986195
3
211.99 60.5605
205.974 77.9704
162.6 62.9825
168.616 45.5726
2
188.866 63.1129
0 0 0.196028 0.980598
3
213.588 63.4319
206.507 80.4363
164.143 62.7939
171.225 45.7896
2
190.351 64.549
0 0 0.22628 0.974062
3
215.006 66.3968
206.886 82.9305
165.695 62.7012
173.815 46.1675
2
191.744 66.0741
0 0 0.256315 0.966593
3
216.238 69.4436
207.11 85.4433
167.25 62.7046
176.377 46.7049
2
193.04 67.6826
0 0 0.286104 0.958198
3
217.279 72.5608
207.179 87.9653
168.802 62.8043
178.901 47.3998
2
194.234 69.3681
0 0 0.31562 0.948886
3
218.125 75.7365
207.091 90.4866
170.344 62.9997
181.377 48.2496
2
195.322 71.1243
0 0 0.344833 0.938664
3
218.773 78.9584
206.848 92.9977
171.872 63.2902
183.796 49.2508
2
196.299 72.9444
0 0 0.373716 0.927543
3
219.22 82.2142
206.45 95.489
173.378 63.6746
186.148 50.3998
2
197.162 74.8215
0 0 0.402241 0.915534
3
219.465 85.4914
205.898 97.9508
174.858 64.1515
188.425 51.6921
2
197.906 76.7483
0 0 0.43038 0.902648
3
219.507 88.7776
205.195 100.374
176.306 64.719
190.617 53.1227
2
198.53 78.7175
0 0 0.458107 0.888897
3
219.346 92.06
204.344 102.749
177.715 65.3749
192.717 54.6863
2
199.031 80.7215
0 0 0.485396 0.874295
3
218.981 95.3262
203.347 105.066
179.082 66.1168
194.716 56.3767
2
199.408 82.7527
0 0 0.512219 0.858855
3
218.416 98.5636
202.209 107.318
180.399 66.9419
196.606 58.1875
2
199.657 84.8033
0 0 0.538552 0.842592
3
217.651 101.76
200.934 109.495
181.664 67.8468
198.381 60.1118
2
199.78 86.8654
0 0 0.564369 0.825523
3
216.69 104.903
199.526 111.589
182.87 68.8283
200.033 62.1423
2
199.774 88.9311
0 0 0.589646 0.807662
3
215.537 107.98
197.992 113.591
184.012 69.8824
201.557 64.271
2
199.641 90.9926
0 0 0.614357 0.789028
3
214.195 110.98
196.337 115.495
185.088 71.0053
202.946 66.49
2
199.381 93.0418
0 0 0.63848 0.769638
3
212.67 113.891
194.567 117.293
186.092 72.1925
204.195 68.7906
2
198.994 95.071
0 0 0.661992 0.749511
3
210.968 116.703
192.689 118.978
187.02 73.4395
205.299 71.164
2
198.483 97.0724
0 0 0.684869 0.728666
3
209.096 119.403
190.711 120.544
187.87 74.7416
206.255 73.6013
2
197.848 99.0384
0 0 0.70709 0.707123
3
207.06 121.983
188.64 121.984
188.637 76.0938
207.057 76.093
2
197.094 100.961
0 0 0.728634 0.684903
3
204.868 124.432
186.483 123.293
189.32 77.4909
207.705 78.6295
2
196.222 102.834
0 0 0.749481 0.662026
3
202.529 126.74
184.25 124.466
189.914 78.9275
208.193 81.2013
2
195.235 104.649
0 0 0.769609 0.638516
3
200.051 128.9
181.948 125.499
190.419 80.3981
208.522 83.7983
2
194.138 106.399
0 0 0.789 0.614394
3
197.445 130.902
179.587 126.388
190.832 81.8971
208.69 86.4108
2
192.935 108.079
0 0 0.807635 0.589683
3
194.72 132.739
177.175 127.129
191.151 83.4188
208.696 89.0286
2
191.631 109.68
0 0 0.825496 0.564407
3
191.887 134.404
174.722 127.719
191.375 84.9573
208.539 91.6417
2
190.23 111.198
0 0 0.842567 0.538591
3
188.955 135.89
172.237 128.156
191.504 86.5067
208.222 94.2402
2
188.737 112.627
0 0 0.858831 0.512259
3
185.938 137.192
169.731 128.439
191.537 88.0612
207.744 96.814
2
187.159 113.96
0 0 0.874272 0.485436
3
182.846 138.305
167.211 128.566
191.473 89.6147
207.108 99.3534
2
186.783 115.991
0 0 0.858831 0.512259
3
183.984 140.557
167.777 131.804
189.583 91.4257
205.79 100.179
2
186.534 118.042
0 0 0.842567 0.538591
3
185.26 142.733
168.542 135
187.808 93.3502
204.526 101.084
2
186.412 120.104
0 0 0.825496 0.564407
3
186.667 144.827
169.503 138.143
186.156 95.3807
203.32 102.065
2
186.417 122.17
0 0 0.807635 0.589683
3
188.202 146.829
170.657 141.22
184.633 97.5096
202.178 103.119
2
186.551 124.231
0 0 0.789 0.614394
3
189.857 148.733
171.999 144.22
183.244 99.7287
201.102 104.242
2
186.811 126.28
0 0 0.769609 0.638516
3
191.627 150.531
173.524 147.131
181.995 102.029
200.098 105.43
2
186.45 128.2
0 0 0.769609 0.638516
3
191.267 152.451
173.163 149.051
181.634 103.95
199.738 107.35
2
186.09 130.121
0 0 0.769609 0.638516
3
190.906 154.371
172.803 150.971
181.274 105.87
199.377 109.27
2
185.729 132.041
0 0 0.769609 0.638516
3
190.545 156.292
172.442 152.891
180.913 107.79
199.016 111.19
2
185.368 133.961
0 0 0.769609 0.638516
3
190.185 158.212
172.081 154.811
180.552 109.71
198.656 113.11
2
185.008 135.881
0 0 0.769609 0.638516
3
189.824 160.132
171.721 156.732
180.192 111.63
198.295 115.031
2
184.647 137.801
0 0 0.769609 0.638516
3
189.463 162.052
171.36 158.652
179.831 113.55
197.934 116.951
2
184.287 139.721
0 0 0.769609 0.638516
3
189.103 163.972
170.999 160.572
179.47 115.471
197.574 118.871
2
183.926 141.642
0 0 0.769609 0.638516
3
188.742 165.892
170.639 162.492
179.11 117.391
197.213 120.791
2
183.565 143.562
0 0 0.769609 0.638516
3
188.381 167.813
170.278 164.412
178.749 119.311
196.852 122.711
2
183.205 145.482
0 0 0.769609 0.638516
3
188.021 169.733
169.917 166.333
178.388 121.231
196.492 124.631
2
182.844 147.402
0 0 0.769609 0.638516
3
187.66 171.653
169.557 168.253
178.028 123.151
196.131 126.552
2
182.483 149.322
0 0 0.769609 0.638516
3
187.299 173.573
169.196 170.173
177.667 125.072
195.771 128.472
2
182.87 151.352
0 0 0.749481 0.662026
3
189.177 175.258
170.898 172.984
176.563 127.445
194.842 129.719
2
183.382 153.353
0 0 0.728635 0.684903
3
191.156 176.823
172.771 175.685
175.608 129.882
193.993 131.021
2
184.016 155.319
0 0 0.70709 0.707123
3
193.227 178.263
174.807 178.264
174.805 132.374
193.225 132.373
2
184.771 157.242
0 0 0.684869 0.728666
3
195.384 179.572
176.999 180.713
174.158 134.911
192.543 133.77
2
185.644 159.114
0 0 0.661992 0.749511
3
197.618 180.746
179.339 183.021
173.67 137.483
191.949 135.207
2
186.63 160.929
0 0 0.63848 0.769638
3
199.919 181.778
181.816 185.18
173.341 140.08
191.444 136.678
2
187.727 162.679
0 0 0.614357 0.789028
3
202.281 182.667
184.423 187.182
173.174 142.692
191.032 138.177
2
188.93 164.359
0 0 0.589646 0.807662
3
204.692 183.407
187.148 189.019
173.168 145.31
190.713 139.699
2
190.235 165.96
0 0 0.564369 0.825522
3
207.145 183.997
189.982 190.683
173.325 147.923
190.488 141.237
2
191.636 167.478
0 0 0.538552 0.842592
3
209.63 184.434
192.913 192.169
173.642 150.521
190.36 142.787
2
193.129 168.906
0 0 0.512219 0.858855
3
212.137 184.717
195.93 193.471
174.12 153.095
190.327 144.341
2
194.707 170.239
0 0 0.485396 0.874294
3
214.657 184.844
199.023 194.584
174.757 155.635
190.391 145.894
2
196.364 171.472
0 0 0.458107 0.888897
3
217.179 184.815
202.178 195.503
175.549 158.13
190.551 147.441
2
198.095 172.6
0 0 0.43038 0.902648
3
219.695 184.63
205.384 196.226
176.494 160.571
190.806 148.975
2
199.892 173.619
0 0 0.402241 0.915534
3
222.195 184.289
208.628 196.748
177.588 162.949
191.155 150.49
2
201.748 174.525
0 0 0.373716 0.927543
3
224.669 183.795
211.899 197.069
178.827 165.255
191.597 151.98
2
203.657 175.314
0 0 0.344833 0.938664
3
227.108 183.148
215.183 197.187
180.207 167.48
192.131 153.44
2
205.146 176.579
0 0 0.344833 0.938664
3
228.597 184.413
216.672 198.452
181.696 168.745
193.62 154.705
2
206.636 177.844
0 0 0.344833 0.938664
3
230.086 185.678
218.162 199.717
183.185 170.009
195.11 155.97
2
208.125 179.108
0 0 0.344833 0.938664
3
231.575 186.942
219.651 200.982
184.674 171.274
196.599 157.235
2
209.614 180.373
0 0 0.344833 0.938664
3
233.064 188.207
221.14 202.247
186.163 172.539
198.088 158.5
2
211.103 181.638
0 0 0.344833 0.938664
3
234.553 189.472
222.629 203.511
187.652 173.804
199.577 159.764
2
212.592 182.903
0 0 0.344833 0.938664
3
236.042 190.737
224.118 204.776
189.142 175.069
201.066 161.029
2
214.081 184.167
0 0 0.344833 0.938664
3
237.532 192.002
225.607 206.041
190.631 176.333
202.555 162.294
2
215.57 185.432
0 0 0.344833 0.938664
3
239.021 193.266
227.096 207.306
192.12 177.598
204.044 163.559
2
217.059 186.697
0 0 0.344833 0.938664
3
240.51 194.531
228.585 208.57
193.609 178.863
205.533 164.824
2
218.548 187.962
0 0 0.344833 0.938664
3
241.999 195.796
230.074 209.835
195.098 180.128
207.022 166.088
2
220.037 189.227
0 0 0.344833 0.938664
3
243.488 197.061
231.563 211.1
196.587 181.393
208.511 167.353
2
221.527 190.491
0 0 0.344833 0.938664
3
244.977 198.325
233.053 212.365
198.076 182.657
210.001 168.618
2
223.016 191.756
0 0 0.344833 0.938664
3
246.466 199.59
234.542 213.63
199.565 183.922
211.49 169.883
2
224.505 193.021
0 0 0.344833 0.938664
3
247.955 200.855
236.031 214.894
201.054 185.187
212.979 171.147
2
225.994 194.286
0 0 0.344833 0.938664
3
249.444 202.12
237.52 216.159
202.543 186.452
214.468 172.412
2
227.483 195.551
0 0 0.344833 0.938664
3
250.933 203.385
239.009 217.424
204.033 187.716
215.957 173.677
2
229.437 196.22
0 0 0.31562 0.948886
3
253.327 202.588
242.294 217.339
205.547 189.852
216.58 175.102
2
231.429 196.767
0 0 0.286104 0.958198
3
255.668 201.646
245.568 217.05
207.191 191.889
217.29 176.485
2
233.451 197.19
0 0 0.256315 0.966593
3
257.945 200.56
248.818 216.56
208.957 193.821
218.085 177.821
2
235.495 197.488
0 0 0.22628 0.974062
3
260.151 199.335
252.031 215.869
210.84 195.64
218.96 179.106
2
237.554 197.658
0 0 0.196028 0.980598
3
262.276 197.977
255.195 214.981
212.832 197.339
219.913 180.334
2
239.619 197.7
0 0 0.165588 0.986195
3
264.314 196.489
258.298 213.899
214.925 198.911
220.941 181.501
2
241.19 199.042
0 0 0.196028 0.980598
3
265.913 199.361
258.831 216.365
216.468 198.723
223.549 181.718
2
242.675 200.478
0 0 0.22628 0.974062
3
267.33 202.326
259.211 218.859
218.02 198.63
226.14 182.096
2
244.068 202.003
0 0 0.256315 0.966593
3
268.562 205.372
259.435 221.372
219.575 198.633
228.702 182.634
2
245.365 203.611
0 0 0.286104 0.958198
3
269.603 208.49
259.504 223.894
221.126 198.733
231.226 183.329
2
246.999 204.683
0 0 0.286104 0.958198
3
271.237 209.561
261.137 224.965
222.76 199.804
232.86 184.4
2
248.632 205.754
0 0 0.286104 0.958198
3
272.871 210.632
262.771 226.037
224.394 200.876
234.494 185.471
2
250.266 206.825
0 0 0.286104 0.958198
3
274.505 211.703
264.405 227.108
226.028 201.947
236.127 186.542
2
251.9 207.896
0 0 0.286104 0.958198
3
276.139 212.775
266.039 228.179
227.662 203.018
237.761 187.614
2
253.534 208.967
0 0 0.286104 0.958198
3
277.773 213.846
267.673 229.25
229.296 204.089
239.395 188.685
2
255.168 210.039
0 0 0.286104 0.958198
3
279.406 214.917
269.307 230.321
230.93 205.16
241.029 189.756
2
256.802 211.11
0 0 0.286104 0.958198
3
281.04 215.988
270.941 231.393
232.564 206.232
242.663 190.827
2
258.436 212.181
0 0 0.286104 0.958198
3
282.674 217.059
272.575 232.464
234.197 207.303
244.297 191.898
2
260.07 213.252
0 0 0.286104 0.958198
3
284.308 218.131
274.209 233.535
235.831 208.374
245.931 192.97
2
261.704 214.324
0 0 0.286104 0.958198
3
285.942 219.202
275.843 234.606
237.465 209.445
247.565 194.041
2
263.338 215.395
0 0 0.286104 0.958198
3
287.576 220.273
277.476 235.678
239.099 210.517
249.199 195.112
2
264.971 216.466
0 0 0.286104 0.958198
3
289.21 221.344
279.11 236.749
240.733 211.588
250.833 196.183
2
266.605 217.537
0 0 0.286104 0.958198
3
290.844 222.416
280.744 237.82
242.367 212.659
252.466 197.255
2
268.239 218.609
0 0 0.286104 0.958198
3
292.478 223.487
282.378 238.891
244.001 213.73
254.1 198.326
2
269.873 219.68
0 0 0.286104 0.958198
3
294.112 224.558
284.012 239.962
245.635 214.801
255.734 199.397
2
271.507 220.751
0 0 0.286104 0.958198
3
295.745 225.629
285.646 241.034
247.269 215.873
257.368 200.468
2
273.141 221.822
0 0 0.286104 0.958198
3
297.379 226.7
287.28 242.105
248.903 216.944
259.002 201.539
2
274.775 222.893
0 0 0.286104 0.958198
3
299.013 227.772
288.914 243.176
250.537 218.015
260.636 202.611
2
276.409 223.965
0 0 0.286104 0.958198
3
300.647 228.843
290.548 244.247
252.17 219.086
262.27 203.682
2
278.043 225.036
0 0 0.286104 0.958198
3
302.281 229.914
292.182 245.319
253.804 220.158
263.904 204.753
2
279.677 226.107
0 0 0.286104 0.958198
3
303.915 230.985
293.816 246.39
255.438 221.229
265.538 205.824
2
281.311 227.178
0 0 0.286104 0.958198
3
305.549 232.057
295.449 247.461
257.072 222.3
267.172 206.896
2
282.944 228.25
0 0 0.286104 0.958198
3
307.183 233.128
297.083 248.532
258.706 223.371
268.806 207.967
2
284.578 229.321
0 0 0.286104 0.958198
3
308.817 234.199
298.717 249.604
260.34 224.443
270.439 209.038
2
286.212 230.392
0 0 0.286104 0.958198
3
310.451 235.27
300.351 250.675
261.974 225.514
272.073 210.109
2
287.846 231.463
0 0 0.286104 0.958198
3
312.085 236.342
301.985 251.746
263.608 226.585
273.707 211.181
2
289.48 232.534
0 0 0.286104 0.958198
3
313.718 237.413
303.619 252.817
265.242 227.656
275.341 212.252
2
291.114 233.606
0 0 0.286104 0.958198
3
315.352 238.484
305.253 253.888
266.876 228.727
276.975 213.323
2
292.748 234.677
0 0 0.286104 0.958198
3
316.986 239.555
306.887 254.96
268.51 229.799
278.609 214.394
2
294.382 235.748
0 0 0.286104 0.958198
3
318.62 240.626
308.521 256.031
270.143 230.87
280.243 215.465
2
296.404 236.171
0 0 0.256315 0.966593
3
320.898 239.541
311.77 255.54
271.91 232.802
281.037 216.802
2
298.448 236.468
0 0 0.22628 0.974062
3
323.103 238.316
314.983 254.85
273.793 234.621
281.913 218.087
2
300.507 236.639
0 0 0.196028 0.980598
3
325.229 236.958
318.148 253.962
275.784 236.32
282.866 219.315
2
302.572 236.681
0 0 0.165588 0.986195
3
327.267 235.47
321.251 252.88
277.877 237.892
283.893 220.482
2
304.636 236.596
0 0 0.13499 0.990847
3
329.209 233.859
324.281 251.608
280.063 239.332
284.991 221.583
2
306.691 236.383
0 0 0.104263 0.99455
3
331.047 232.132
327.227 250.151
282.335 240.634
286.155 222.614
2
308.415 237.52
0 0 0.13499 0.990847
3
332.988 234.784
328.06 252.532
283.843 240.256
288.77 222.508
2
310.066 238.762
0 0 0.165588 0.986195
3
334.761 237.551
328.745 254.961
285.371 239.973
291.387 222.563
2
311.637 240.103
0 0 0.196028 0.980598
3
336.359 240.422
329.278 257.426
286.915 239.784
293.996 222.78
2
313.702 240.146
0 0 0.165588 0.986195
3
338.397 238.935
332.381 256.344
289.008 241.357
295.024 223.947
2
315.766 240.06
0 0 0.13499 0.990847
3
340.339 237.324
335.411 255.072
291.194 242.796
296.121 225.048
2
317.821 239.847
0 0 0.104263 0.99455
3
342.177 235.596
338.357 253.616
293.465 244.098
297.285 226.079
2
319.859 239.508
0 0 0.0734353 0.9973
3
343.905 233.758
341.207 251.979
295.812 245.257
298.51 227.036
2
321.791 239.794
0 0 0.0734353 0.9973
3
345.838 234.044
343.14 252.265
297.745 245.544
300.443 227.322
2
323.724 240.08
0 0 0.0734353 0.9973
3
347.771 234.33
345.073 252.552
299.678 245.83
302.376 227.608
2
325.657 240.366
0 0 0.0734353 0.9973
3
349.703 234.616
347.005 252.838
301.61 246.116
304.308 227.895
2
327.589 240.652
0 0 0.0734353 0.9973
3
351.636 234.903
348.938 253.124
303.543 246.402
306.241 228.181
2
329.522 240.939
0 0 0.0734353 0.9973
3
353.569 235.189
350.871 253.41
305.476 246.688
308.174 228.467
2
331.455 241.225
0 0 0.0734353 0.9973
3
355.501 235.475
352.803 253.696
307.408 246.975
310.106 228.753
2
333.387 241.511
0 0 0.0734353 0.9973
3
357.434 235.761
354.736 253.982
309.341 247.261
312.039 229.039
2
335.32 241.797
0 0 0.0734353 0.9973
3
359.367 236.047
356.669 254.269
311.274 247.547
313.972 229.326
2
337.253 242.083
0 0 0.0734353 0.9973
3
361.299 236.333
358.601 254.555
313.206 247.833
315.904 229.612
2
339.186 242.369
0 0 0.0734353 0.9973
3
363.232 236.62
360.534 254.841
315.139 248.119
317.837 229.898
2
341.118 242.656
0 0 0.0734353 0.9973
3
365.165 236.906
362.467 255.127
317.072 248.405
319.77 230.184
2
343.051 242.942
0 0 0.0734353 0.9973
3
367.097 237.192
364.399 255.413
319.004 248.692
321.702 230.47
2
344.984 243.228
0 0 0.0734353 0.9973
3
369.03 237.478
366.332 255.699
320.937 248.978
323.635 230.756
2
346.916 243.514
0 0 0.0734353 0.9973
3
370.963 237.764
368.265 255.986
322.87 249.264
325.568 231.043
2
348.849 243.8
0 0 0.0734353 0.9973
3
372.895 238.05
370.197 256.272
324.802 249.55
327.5 231.329
2
350.782 244.086
0 0 0.0734353 0.9973
3
374.828 238.337
372.13 256.558
326.735 249.836
329.433 231.615
2
352.714 244.373
0 0 0.0734353 0.9973
3
376.761 238.623
374.063 256.844
328.668 250.122
331.366 231.901
2
354.647 244.659
0 0 0.0734353 0.9973
3
378.694 238.909
375.995 257.13
330.6 250.409
333.298 232.187
2
356.58 244.945
0 0 0.0734353 0.9973
3
380.626 239.195
377.928 257.417
332.533 250.695
335.231 232.474
2
358.592 244.48
0 0 0.0425376 0.999095
3
382.237 237.254
380.671 255.607
334.948 251.706
336.513 233.353
2
360.572 243.891
0 0 0.0115992 0.999933
3
383.725 235.216
383.298 253.631
337.42 252.567
337.847 234.152
2
362.512 243.181
0 0 0.0193504 -0.999813
3
385.084 233.09
385.797 251.497
339.941 253.272
339.228 234.866
2
364.405 242.353
0 0 0.0502814 -0.998735
3
386.309 230.885
388.159 249.212
342.501 253.821
340.651 235.494
2
366.242 241.409
0 0 0.0811643 -0.996701
3
387.395 228.608
390.375 246.785
345.089 254.21
342.109 236.032
2
368.017 240.353
0 0 0.111969 -0.993712
3
388.338 226.268
392.437 244.226
347.697 254.438
343.598 236.48
2
369.724 239.189
0 0 0.142667 -0.989771
3
389.134 223.874
394.336 241.544
350.314 254.504
345.112 236.834
2
371.356 237.922
0 0 0.173228 -0.984882
3
389.781 221.435
396.066 238.75
352.93 254.408
346.645 237.094
2
372.906 236.556
0 0 0.203624 -0.979049
3
390.276 218.961
397.62 235.854
355.535 254.151
348.191 237.258
2
374.368 235.097
0 0 0.233824 -0.972279
3
390.616 216.462
398.992 232.867
358.12 253.733
349.744 237.327
2
375.737 233.551
0 0 0.2638 -0.964577
3
390.802 213.946
400.176 229.802
360.673 253.156
351.299 237.3
2
377.009 231.922
0 0 0.293524 -0.955952
3
390.831 211.423
401.168 226.669
363.186 252.422
352.849 237.176
2
378.177 230.219
0 0 0.322966 -0.946411
3
390.705 208.903
401.965 223.481
365.648 251.534
354.388 236.957
2
379.237 228.446
0 0 0.352099 -0.935963
3
390.422 206.396
402.563 220.249
368.051 250.495
355.911 236.642
2
380.186 226.611
0 0 0.380895 -0.924618
3
389.986 203.911
402.96 216.987
370.385 249.31
357.411 236.235
2
381.019 224.72
0 0 0.409326 -0.912388
3
389.396 201.458
403.154 213.706
372.642 247.982
358.883 235.735
2
381.734 222.782
0 0 0.437365 -0.899284
3
388.656 199.047
403.145 210.42
374.812 246.518
360.322 235.145
2
382.327 220.804
0 0 0.464984 -0.885319
3
387.767 196.685
402.933 207.14
376.887 244.922
361.721 234.467
2
382.797 218.792
0 0 0.492159 -0.870505
3
386.735 194.383
402.518 203.88
378.859 243.201
363.076 233.704
2
383.142 216.755
0 0 0.518862 -0.854858
3
385.562 192.15
401.902 200.652
380.721 241.361
364.381 232.859
2
383.36 214.701
0 0 0.545068 -0.838392
3
384.253 189.993
401.088 197.468
382.466 239.409
365.631 231.934
2
383.45 212.637
0 0 0.570752 -0.821123
3
382.813 187.921
400.079 194.34
384.087 237.354
366.821 230.934
2
383.413 210.572
0 0 0.595889 -0.803067
3
381.248 185.942
398.878 191.281
385.577 235.201
367.948 229.863
2
383.248 208.513
0 0 0.620455 -0.784242
3
379.564 184.064
397.489 188.302
386.932 232.961
369.006 228.723
2
382.955 206.468
0 0 0.644427 -0.764666
3
377.766 182.294
395.92 185.415
388.145 230.642
369.991 227.521
2
382.537 204.445
0 0 0.667782 -0.744357
3
375.862 180.639
394.174 182.63
389.212 228.251
370.9 226.259
2
381.995 202.452
0 0 0.690497 -0.723335
3
373.86 179.104
392.26 179.959
390.13 225.799
371.73 224.944
2
382.086 200.5
0 0 0.690497 -0.723335
3
373.951 177.152
392.351 178.007
390.22 223.848
371.82 222.993
2
382.176 198.548
0 0 0.690497 -0.723335
3
374.041 175.2
392.442 176.056
390.311 221.896
371.911 221.041
2
382.267 196.597
0 0 0.690497 -0.723335
3
374.132 173.249
392.532 174.104
390.402 219.945
372.002 219.089
2
382.358 194.645
0 0 0.690497 -0.723335
3
374.223 171.297
392.623 172.152
390.492 217.993
372.092 217.138
2
382.448 192.693
0 0 0.690497 -0.723335
3
374.314 169.346
392.714 170.201
390.583 216.041
372.183 215.186
2
382.539 190.742
0 0 0.690497 -0.723335
3
374.404 167.394
392.804 168.249
390.674 214.09
372.274 213.234
2
382.63 188.79
0 0 0.690497 -0.723335
3
374.495 165.442
392.895 166.297
390.765 212.138
372.364 211.283
2
382.72 186.838
0 0 0.690497 -0.723335
3
374.586 163.491
392.986 164.346
390.855 210.186
372.455 209.331
2
382.811 184.887
0 0 0.690497 -0.723335
3
374.676 161.539
393.076 162.394
390.946 208.235
372.546 207.379
2
382.902 182.935
0 0 0.690497 -0.723335
3
374.767 159.587
393.167 160.443
391.037 206.283
372.636 205.428
2
382.993 180.984
0 0 0.690497 -0.723335
3
374.858 157.636
393.258 158.491
391.127 204.331
372.727 203.476
2
383.083 179.032
0 0 0.690497 -0.723335
3
374.948 155.684
393.349 156.539
391.218 202.38
372.818 201.525
2
383.174 177.08
0 0 0.690497 -0.723335
3
375.039 153.732
393.439 154.588
391.309 200.428
372.909 199.573
2
383.265 175.129
0 0 0.690497 -0.723335
3
375.13 151.781
393.53 152.636
391.399 198.476
372.999 197.621
2
383.355 173.177
0 0 0.690497 -0.723335
3
375.221 149.829
393.621 150.684
391.49 196.525
373.09 195.67
2
383.446 171.225
0 0 0.690497 -0.723335
3
375.311 147.877
393.711 148.733
391.581 194.573
373.181 193.718
2
382.781 169.269
0 0 0.712551 -0.70162
3
373.218 146.47
391.636 146.185
392.345 192.069
373.927 192.354
2
381.997 167.358
0 0 0.733922 -0.679234
3
371.041 145.194
389.406 143.77
392.953 189.523
374.588 190.947
2
381.096 165.5
0 0 0.75459 -0.656196
3
368.79 144.055
387.032 141.498
393.402 186.944
375.16 189.501
2
380.081 163.7
0 0 0.774535 -0.632531
3
366.472 143.058
384.521 139.378
393.69 184.342
375.642 188.023
2
378.958 161.967
0 0 0.793739 -0.608259
3
364.098 142.206
381.884 137.416
393.817 181.727
376.031 186.517
2
377.729 160.306
0 0 0.812182 -0.583404
3
361.675 141.503
379.131 135.622
393.782 179.11
376.327 184.991
2
377.105 158.455
0 0 0.812182 -0.583404
3
361.051 139.651
378.507 133.77
393.159 177.258
375.703 183.14
2
375.776 156.874
0 0 0.829847 -0.557991
3
358.589 139.099
375.648 132.15
392.962 174.648
375.903 181.598
2
374.351 155.378
0 0 0.846717 -0.532043
3
356.098 138.7
372.694 130.709
392.604 172.055
376.008 180.046
2
372.837 153.973
0 0 0.862776 -0.505586
3
353.587 138.457
369.657 129.454
392.087 169.489
376.017 178.492
2
371.238 152.664
0 0 0.878009 -0.478644
3
351.066 138.368
366.548 128.389
391.411 166.959
375.929 176.939
2
369.562 151.457
0 0 0.892401 -0.451244
3
348.544 138.437
363.379 127.518
390.581 164.477
375.746 175.395
2
367.815 150.355
0 0 0.905937 -0.423412
3
346.031 138.66
360.162 126.845
389.598 162.05
375.467 173.866
2
366.002 149.364
0 0 0.918606 -0.395174
3
343.537 139.039
356.91 126.372
388.467 159.689
375.094 172.356
2
364.132 148.487
0 0 0.930396 -0.366557
3
341.071 139.572
353.635 126.102
387.193 157.403
374.629 170.873
2
362.211 147.728
0 0 0.941293 -0.337589
3
338.642 140.256
350.349 126.035
385.779 155.2
374.072 169.421
2
360.246 147.089
0 0 0.95129 -0.308298
3
336.261 141.089
347.065 126.171
384.232 153.088
373.427 168.006
2
358.246 146.572
0 0 0.960375 -0.278712
3
333.936 142.068
343.796 126.51
382.557 151.076
372.696 166.634
2
356.218 146.18
0 0 0.96854 -0.248859
3
331.675 143.188
340.555 127.05
380.761 149.172
371.881 165.31
2
354.169 145.914
0 0 0.975777 -0.218767
3
329.489 144.447
337.353 127.79
378.85 147.382
370.986 164.039
2
352.108 145.776
0 0 0.98208 -0.188466
3
327.384 145.838
334.203 128.727
376.833 145.714
370.014 162.825
2
350.043 145.765
0 0 0.987442 -0.157984
3
325.369 147.357
331.117 129.856
374.716 144.174
368.969 161.674
2
347.98 145.883
0 0 0.991858 -0.127351
3
323.453 148.997
328.106 131.175
372.508 142.768
367.854 160.59
2
345.929 146.127
0 0 0.995324 -0.0965958
3
321.641 150.753
325.183 132.677
370.217 141.501
366.675 159.577
2
343.897 146.498
0 0 0.997836 -0.0657481
3
319.942 152.618
322.359 134.357
367.852 140.378
365.435 158.639
2
341.892 146.994
0 0 0.999393 -0.0348375
3
318.361 154.584
319.644 136.209
365.422 139.404
364.14 157.779
2
340.026 146.107
0 0 0.997836 -0.0657481
3
316.071 152.227
318.488 133.966
363.981 139.987
361.564 158.248
2
338.219 145.107
0 0 0.995324 -0.0965958
3
313.931 149.733
317.473 131.656
362.507 140.48
358.965 158.557
2
336.477 143.996
0 0 0.991858 -0.127351
3
311.949 147.111
316.603 129.288
361.004 140.881
356.351 158.704
2
334.807 142.78
0 0 0.987442 -0.157984
3
310.134 144.371
315.881 126.871
359.48 141.189
353.733 158.689
2
333.216 141.463
0 0 0.98208 -0.188466
3
308.491 141.525
315.31 124.414
357.94 141.401
351.121 158.512
2
331.15 141.452
0 0 0.987442 -0.157984
3
306.477 143.044
312.224 125.543
355.823 139.861
350.076 157.361
2
329.087 141.57
0 0 0.991858 -0.127351
3
304.56 144.684
309.213 126.862
353.615 138.455
348.962 156.277
2
327.036 141.814
0 0 0.995324 -0.0965958
3
302.749 146.44
306.29 128.364
351.324 137.188
347.782 155.264
2
325.004 142.185
0 0 0.997836 -0.0657481
3
301.049 148.305
303.466 130.044
348.959 136.065
346.542 154.326
2
323.067 141.929
0 0 0.997836 -0.0657481
3
299.112 148.048
301.529 129.788
347.022 135.809
344.605 154.07
2
321.13 141.672
0 0 0.997836 -0.0657481
3
297.175 147.792
299.592 129.531
345.086 135.553
342.669 153.813
2
319.194 141.416
0 0 0.997836 -0.0657481
3
295.239 147.536
297.655 129.275
343.149 135.296
340.732 153.557
2
317.257 141.16
0 0 0.997836 -0.0657481
3
293.302 147.279
295.719 129.019
341.212 135.04
338.795 153.301
2
315.32 140.903
0 0 0.997836 -0.0657481
3
291.365 147.023
293.782 128.762
339.275 134.784
336.858 153.044
2
313.513 139.903
0 0 0.995324 -0.0965958
3
289.225 144.529
292.767 126.452
337.8 135.277
334.258 153.353
2
311.771 138.792
0 0 0.991858 -0.127351
3
287.243 141.907
291.897 124.084
336.298 135.678
331.645 153.5
2
310.101 137.576
0 0 0.987442 -0.157984
3
285.428 139.168
291.175 121.667
334.774 135.985
329.027 153.485
2
308.51 136.259
0 0 0.98208 -0.188466
3
283.785 136.321
290.604 119.21
333.234 136.197
326.415 153.308
2
307.003 134.846
0 0 0.975777 -0.218767
3
282.322 133.378
290.186 116.722
331.683 136.314
323.819 152.971
2
305.586 133.343
0 0 0.96854 -0.248859
3
281.043 130.351
289.923 114.212
330.129 136.334
321.249 152.473
2
304.265 131.754
0 0 0.960375 -0.278712
3
279.954 127.25
289.815 111.692
328.576 136.258
318.715 151.817
2
303.045 130.087
0 0 0.95129 -0.308298
3
279.06 124.088
289.864 109.169
327.031 136.087
316.226 151.005
2
301.93 128.348
0 0 0.941293 -0.337589
3
278.362 120.876
290.069 106.655
325.499 135.82
313.792 150.041
2
300.926 126.543
0 0 0.930396 -0.366557
3
277.865 117.628
290.429 104.158
323.987 135.459
311.423 148.929
2
300.034 124.68
0 0 0.918606 -0.395174
3
277.569 114.355
290.942 101.688
322.5 135.005
309.126 147.672
2
299.26 122.765
0 0 0.905937 -0.423412
3
277.476 111.07
291.608 99.2543
321.044 134.46
306.912 146.275
2
298.606 120.805
0 0 0.892401 -0.451244
3
277.587 107.785
292.422 96.8665
319.624 133.825
304.789 144.744
2
298.074 118.809
0 0 0.878009 -0.478644
3
277.901 104.514
293.383 94.5338
318.246 133.105
302.764 143.085
2
297.666 116.784
0 0 0.862776 -0.505586
3
278.417 101.268
294.486 92.265
316.916 132.3
300.846 141.303
2
297.385 114.738
0 0 0.846717 -0.532043
3
279.132 98.0604
295.728 90.0687
315.638 131.415
299.042 139.406
2
297.231 112.678
0 0 0.829847 -0.557991
3
280.044 94.9032
297.103 87.9535
314.417 130.452
297.358 137.402
2
297.204 110.612
0 0 0.812182 -0.583404
3
281.15 91.8085
298.606 85.9274
313.258 129.416
295.802 135.297
2
297.306 108.549
0 0 0.793739 -0.608259
3
282.446 88.7882
300.232 83.9982
312.165 128.309
294.379 133.099
2
297.534 106.496
0 0 0.774535 -0.632531
3
283.925 85.8537
301.974 82.1732
311.143 127.138
293.095 130.818
2
297.89 104.461
0 0 0.75459 -0.656196
3
285.584 83.0164
303.826 80.4595
310.196 125.905
291.954 128.462
2
298.37 102.452
0 0 0.733922 -0.679234
3
287.415 80.2872
305.78 78.8636
309.326 124.616
290.961 126.04
2
298.974 100.476
0 0 0.712551 -0.70162
3
289.411 77.6764
307.828 77.3917
308.538 123.276
290.12 123.561
2
299.699 98.542
0 0 0.690497 -0.723335
3
291.564 75.1941
309.965 76.0493
307.834 121.89
289.434 121.035
2
299.79 96.5903
0 0 0.690497 -0.723335
3
291.655 73.2425
310.055 74.0977
307.925 119.938
289.525 119.083
2
299.881 94.6387
0 0 0.690497 -0.723335
3
291.746 71.2908
310.146 72.146
308.015 117.987
289.615 117.131
2
299.216 92.6828
0 0 0.712551 -0.70162
3
289.652 69.8829
308.07 69.5982
308.779 115.483
290.362 115.767
2
299.941 90.7485
0 0 0.690497 -0.723335
3
291.806 67.4006
310.206 68.2558
308.076 114.096
289.676 113.241
2
300.032 88.7968
0 0 0.690497 -0.723335
3
291.897 65.449
310.297 66.3042
308.166 112.145
289.766 111.289
2
300.122 86.8452
0 0 0.690497 -0.723335
3
291.988 63.4973
310.388 64.3525
308.257 110.193
289.857 109.338
2
300.213 84.8935
0 0 0.690497 -0.723335
3
292.078 61.5457
310.478 62.4009
308.348 108.241
289.948 107.386
2
300.304 82.9419
0 0 0.690497 -0.723335
3
292.169 59.594
310.569 60.4492
308.438 106.29
290.038 105.435
2
300.394 80.9902
0 0 0.690497 -0.723335
3
292.26 57.6424
310.66 58.4976
308.529 104.338
290.129 103.483
2
299.73 79.0344
0 0 0.712551 -0.70162
3
290.166 56.2345
308.584 55.9498
309.293 101.834
290.875 102.119
2
299.699 77.0809
0 0 0.712551 -0.70162
3
290.136 54.281
308.554 53.9963
309.263 99.8808
290.845 100.165
2
299.669 75.1274
0 0 0.712551 -0.70162
3
290.106 52.3275
308.523 52.0427
309.233 97.9273
290.815 98.212
2
299.639 73.1738
0 0 0.712551 -0.70162
3
290.075 50.374
308.493 50.0892
309.203 95.9737
290.785 96.2585
2
299.609 71.2203
0 0 0.712551 -0.70162
3
290.045 48.4204
308.463 48.1357
309.172 94.0202
290.755 94.305
2
299.579 69.2668
0 0 0.712551 -0.70162
3
290.015 46.4669
308.433 46.1822
309.142 92.0667
290.724 92.3514
2
300.304 67.3325
0 0 0.690497 -0.723335
3
292.169 43.9846
310.569 44.8398
308.438 90.6803
290.038 89.8251
2
301.147 65.4467
0 0 0.667782 -0.744357
3
294.472 41.6403
312.784 43.6322
307.822 89.2531
289.51 87.2612
2
302.105 63.6167
0 0 0.644427 -0.764666
3
296.916 39.443
315.07 42.5638
307.295 87.7904
289.141 84.6696
2
303.175 61.8495
0 0 0.620455 -0.784242
3
299.491 37.4011
317.417 41.639
306.859 86.2979
288.933 82.06
2
304.352 60.1518
0 0 0.595889 -0.803067
3
302.187 35.5223
319.817 40.8611
306.516 84.7813
288.887 79.4426
2
305.632 58.5302
0 0 0.570752 -0.821123
3
304.995 33.814
322.26 40.2331
306.268 83.2465
289.003 76.8274
2
307.009 56.9909
0 0 0.545068 -0.838392
3
307.903 32.2826
324.738 39.7575
306.116 81.6992
289.28 74.2243
2
308.479 55.5398
0 0 0.518862 -0.854858
3
310.9 30.9341
327.24 39.4361
306.059 80.1454
289.718 71.6434
2
310.036 54.1823
0 0 0.492159 -0.870505
3
313.974 29.7735
329.758 39.2701
306.099 78.5912
290.315 69.0946
2
311.675 52.9238
0 0 0.464984 -0.885319
3
317.115 28.8054
332.28 39.2602
306.234 77.0423
291.069 66.5875
2
313.387 51.7691
0 0 0.437365 -0.899284
3
320.309 28.0334
334.799 39.4063
306.465 75.5048
291.976 64.1318
2
315.168 50.7225
0 0 0.409326 -0.912388
3
323.545 27.4605
337.304 39.708
306.791 73.9846
293.033 61.737
2
317.011 49.7881
0 0 0.380895 -0.924618
3
326.811 27.0889
339.785 40.1641
307.211 72.4874
294.236 59.4122
2
318.907 48.9695
0 0 0.352099 -0.935963
3
330.093 26.92
342.234 40.7728
307.722 71.019
295.581 57.1662
2
320.851 48.2698
0 0 0.322966 -0.946411
3
333.379 26.9544
344.64 41.5317
308.323 69.5851
297.062 55.0078
2
322.834 47.6916
0 0 0.293524 -0.955952
3
336.657 27.1921
346.994 42.4381
309.011 68.1911
298.674 52.9451
2
324.849 47.2372
0 0 0.2638 -0.964577
3
339.914 27.6321
349.288 43.4884
309.785 66.8423
300.411 50.986
2
326.889 46.9084
0 0 0.233824 -0.972279
3
343.137 28.2727
351.512 44.6786
310.64 65.544
302.265 49.1382
2
328.944 46.7063
0 0 0.203624 -0.979049
3
346.315 29.1116
353.659 46.0041
311.574 64.3011
304.23 47.4086
2
331.009 46.6319
0 0 0.173228 -0.984882
3
349.434 30.1453
355.719 47.4598
312.584 63.1184
306.298 45.8039
2
333.074 46.6852
0 0 0.142667 -0.989771
3
352.484 31.3701
357.686 49.0403
313.664 62.0003
308.462 44.3302
2
335.132 46.8662
0 0 0.111969 -0.993712
3
355.452 32.7812
359.551 50.7393
314.812 60.9513
310.713 42.9931
2
337.174 47.1742
0 0 0.0811643 -0.996701
3
358.327 34.3732
361.307 52.5505
316.022 59.9752
313.042 41.7979
2
339.194 47.608
0 0 0.0502814 -0.998735
3
361.098 36.14
362.948 54.4669
317.29 59.0759
315.44 40.749
2
341.183 48.1658
0 0 0.0193504 -0.999813
3
363.754 38.0749
364.467 56.4811
318.612 58.2567
317.899 39.8505
2
343.075 47.3372
0 0 0.0502814 -0.998735
3
364.979 35.8692
366.829 54.1961
321.171 58.8051
319.321 40.4782
2
344.913 46.3931
0 0 0.0811643 -0.996701
3
366.065 33.5921
369.045 51.7694
323.76 59.1941
320.78 41.0167
2
346.688 45.3371
0 0 0.111969 -0.993712
3
367.008 31.2521
371.107 49.2102
326.368 59.4221
322.269 41.464
2
348.395 44.1733
0 0 0.142667 -0.989771
3
367.805 28.8582
373.007 46.5284
328.985 59.4884
323.783 41.8183
2
350.026 42.9062
0 0 0.173228 -0.984882
3
368.452 26.4197
374.737 43.7342
331.601 59.3927
325.316 42.0782
2
351.576 41.5406
0 0 0.203624 -0.979049
3
368.946 23.9458
376.291 40.8383
334.206 59.1353
326.862 42.2428
2
353.039 40.0817
0 0 0.233824 -0.972279
3
369.287 21.446
377.662 37.8518
336.79 58.7173
328.415 42.3115
2
354.408 38.5351
0 0 0.2638 -0.964577
3
369.473 18.93
378.847 34.7863
339.344 58.1402
329.97 42.2839
2
356.447 38.2062
0 0 0.233824 -0.972279
3
372.696 19.5706
381.071 35.9764
340.199 56.8419
331.824 40.4361
2
358.503 38.0042
0 0 0.203624 -0.979049
3
375.873 20.4094
383.218 37.3019
341.133 55.599
333.789 38.7065
2
360.568 37.9297
0 0 0.173228 -0.984882
3
378.993 21.4432
385.278 38.7577
342.142 54.4162
335.857 37.1017
2
362.633 37.9831
0 0 0.142667 -0.989771
3
382.043 22.668
387.245 40.3381
343.223 53.2982
338.021 35.628
2
364.691 38.1641
0 0 0.111969 -0.993712
3
385.011 24.0791
389.11 42.0372
344.37 52.2491
340.271 34.291
2
366.733 38.4721
0 0 0.0811643 -0.996701
3
387.886 25.6711
390.866 43.8484
345.581 51.2731
342.6 33.0958
2
368.753 38.9058
0 0 0.0502814 -0.998735
3
390.657 27.4379
392.507 45.7648
346.849 50.3737
344.999 32.0469
2
370.742 39.4637
0 0 0.0193504 -0.999813
3
393.313 29.3727
394.026 47.779
348.17 49.5546
347.458 31.1484
2
372.693 40.1435
0 0 0.0115991 0.999933
3
395.845 31.4682
395.418 49.8833
349.54 48.8188
349.967 30.4037
2
374.597 40.9427
0 0 0.0425376 0.999095
3
398.242 33.7163
396.677 52.0697
350.953 48.1691
352.518 29.8158
2
376.578 40.3541
0 0 0.0115991 0.999933
3
399.73 31.6788
399.303 50.0939
353.425 49.0294
353.852 30.6143
2
378.517 39.6441
0 0 0.0193504 -0.999813
3
401.089 29.5532
401.802 47.9594
355.946 49.735
355.233 31.3288
2
380.41 38.8155
0 0 0.0502814 -0.998735
3
402.314 27.3475
404.164 45.6744
358.506 50.2834
356.656 31.9565
2
382.399 39.3733
0 0 0.0193504 -0.999813
3
404.97 29.2824
405.683 47.6886
359.827 49.4642
359.114 31.058
2
384.349 40.0531
0 0 0.0115991 0.999933
3
407.502 31.3779
407.075 49.7929
361.197 48.7284
361.624 30.3134
2
386.254 40.8523
0 0 0.0425376 0.999095
3
409.899 33.626
408.333 51.9793
362.609 48.0787
364.175 29.7254
2
388.201 41.0184
0 0 0.0425376 0.999095
3
411.846 33.792
410.28 52.1454
364.556 48.2448
366.122 29.8915
2
390.148 41.1845
0 0 0.0425376 0.999095
3
413.792 33.9581
412.227 52.3114
366.503 48.4109
368.068 30.0575
2
392.094 41.3505
0 0 0.0425376 0.999095
3
415.739 34.1242
414.173 52.4775
368.449 48.5769
370.015 30.2236
