0
85 175
0
86 174
0
87 173
0
88 172
0
88 171
0
88 170
0
88 169
0
89 168
0
90 167
0
91 166
0
92 165
0
93 164
0
93 163
0
93 162
0
94 161
0
95 160
0
96 159
0
96 158
0
96 157
0
96 156
0
96 155
0
96 154
0
96 153
0
96 152
0
96 151
0
96 150
0
96 149
0
96 148
0
96 147
0
96 146
0
96 145
0
96 144
0
96 143
0
96 142
0
96 141
0
96 140
0
96 139
0
96 138
0
96 137
0
96 136
0
96 135
0
96 134
0
96 133
0
96 132
0
96 131
0
96 130
0
96 129
0
96 128
0
96 127
0
96 126
0
96 125
0
96 124
0
96 123
0
96 122
0
96 121
0
96 120
0
96 119
0
96 118
0
96 117
0
96 116
0
96 115
0
96 114
0
96 113
0
96 112
0
96 111
0
96 110
0
96 109
0
96 108
0
96 107
0
96 106
0
96 105
0
96 104
0
96 103
0
96 102
0
96 101
0
96 100
0
96 99
0
96 98
0
96 97
0
96 96
0
96 95
0
96 94
0
96 93
0
96 92
0
96 91
0
96 90
0
96 89
0
96 88
0
96 87
0
96 86
0
96 85
0
96 84
0
96 83
0
96 82
0
97 81
0
97 80
0
97 79
0
97 78
0
97 77
0
98 76
0
98 75
0
99 74
0
100 73
0
101 72
0
102 71
0
103 71
0
104 70
0
105 70
0
106 69
0
107 69
0
108 69
0
109 69
0
110 69
0
111 69
0
112 69
0
113 69
0
114 69
0
115 69
0
116 70
0
117 70
0
118 71
0
119 71
0
120 72
0
121 73
0
122 74
0
123 75
0
124 76
0
125 77
0
126 78
0
127 79
0
128 80
0
129 81
0
130 82
0
131 83
0
132 84
0
133 85
0
134 86
0
135 87
0
136 88
0
137 89
0
138 90
0
139 91
0
140 92
0
141 93
0
142 94
0
143 95
0
144 96
0
145 97
0
146 98
0
147 99
0
148 100
0
149 101
0
150 102
0
151 103
0
152 104
0
153 105
0
154 106
0
155 107
0
156 108
0
157 109
0
158 110
0
159 111
0
160 112
0
161 113
0
162 114
0
163 115
0
164 116
0
165 117
0
166 118
0
167 119
0
168 120
0
169 121
0
170 122
0
171 123
0
172 124
0
173 125
0
174 125
0
175 125
0
176 126
0
177 126
0
178 127
0
179 127
0
180 128
0
181 128
0
182 129
0
183 129
0
184 130
0
185 130
0
186 130
0
187 131
0
188 131
0
189 132
0
190 132
0
191 133
0
192 133
0
193 134
0
194 134
0
195 135
0
196 135
0
197 135
0
198 136
0
199 136
0
200 137
0
201 137
0
202 138
0
203 138
0
204 139
0
205 139
0
206 140
0
207 140
0
208 140
0
209 141
0
210 141
0
211 142
0
212 142
0
213 143
0
214 143
0
215 144
0
216 144
0
217 145
0
218 145
0
219 145
0
220 146
0
221 146
0
222 147
0
223 147
0
224 148
0
225 148
0
226 149
0
227 149
0
228 150
0
229 150
0
230 150
0
231 151
0
232 151
0
233 152
0
234 152
0
235 153
0
236 153
0
237 154
0
238 154
0
239 154
0
240 155
1
85 175 4.71225
1
84.8794 176.95 4.65035
1
84.8797 178.904 4.58845
1
84.7585 176.954 4.52654
1
84.517 175.015 4.46464
1
83.9217 173.154 4.52654
1
83.4426 171.26 4.58845
1
83.0816 169.34 4.65035
1
83.0813 167.386 4.58845
1
82.9601 165.436 4.52654
1
82.7186 163.497 4.46464
1
82.3576 161.577 4.40274
1
81.8785 159.683 4.34084
1
81.2831 157.822 4.27894
1
80.5738 156.002 4.21703
1
79.7532 154.229 4.15513
1
78.8245 152.51 4.09323
1
77.7913 150.852 4.03133
1
76.6574 149.261 3.96943
1
75.2493 147.906 4.03133
1
73.9276 146.468 4.09323
1
72.6975 144.95 4.15513
1
71.5636 143.359 4.21703
1
70.5304 141.7 4.27894
1
69.6017 139.982 4.34084
1
68.7811 138.208 4.40274
1
68.0717 136.388 4.46464
1
67.7107 134.468 4.40274
1
67.2316 132.574 4.34084
1
66.6363 130.713 4.27894
1
65.927 128.893 4.21703
1
64.8937 127.234 4.27894
1
63.965 125.516 4.34084
1
63.1444 123.742 4.40274
1
62.549 121.882 4.40274
1
61.9537 120.021 4.40274
1
61.3583 118.16 4.40274
1
60.763 116.299 4.40274
1
60.1676 114.438 4.40274
1
59.5723 112.577 4.40274
1
58.8629 110.757 4.46464
1
58.2676 108.896 4.52654
1
57.7885 107.002 4.58845
1
57.4275 105.082 4.65035
1
57.4272 103.128 4.58845
1
57.3061 101.178 4.52654
1
56.827 99.2841 4.58845
1
56.466 97.364 4.65035
1
56.2244 95.4253 4.71225
1
56.1033 93.4753 4.77415
1
56.103 91.5215 4.83605
1
56.2236 89.5715 4.89796
1
56.4646 87.6327 4.95986
1
56.8251 85.7125 5.02176
1
57.3037 83.8183 5.08366
1
57.8985 81.9573 5.14556
1
58.6073 80.1366 5.20747
1
57.7872 81.9099 5.26937
1
56.859 83.6291 5.33127
1
55.8262 85.2875 5.39317
1
56.9596 83.6962 5.45507
1
58.1893 82.1779 5.51698
1
59.5106 80.7387 5.57888
1
60.9183 79.3839 5.64078
1
62.4072 78.1189 5.70268
1
63.9715 76.9484 5.76459
1
65.6052 75.8768 5.82649
1
67.3021 74.9084 5.88839
1
69.0556 74.0468 5.95029
1
70.859 73.2954 6.01219
1
72.7055 72.657 6.0741
1
74.588 72.134 6.136
1
76.4992 71.7284 6.1979
1
78.4524 71.6827 6.136
1
80.399 71.5163 6.0741
1
82.2815 70.9933 6.136
1
84.1927 70.5878 6.1979
1
86.1253 70.3012 6.2598
1
88.0785 70.2556 6.2598
1
90.0317 70.2099 6.2598
1
91.985 70.1642 6.2598
1
93.9382 70.1185 6.2598
1
95.8914 70.0728 6.2598
1
97.8446 70.0271 6.2598
1
99.7978 69.9814 6.2598
1
101.751 69.9358 6.2598
1
103.704 69.8901 6.2598
1
105.657 69.8444 6.2598
1
107.611 69.7987 6.2598
1
109.557 69.6323 0.0385181
1
111.511 69.5866 0.10042
1
113.463 69.6618 0.162322
1
115.407 69.8577 0.224224
1
117.335 70.1734 0.286126
1
119.24 70.6079 0.348028
1
121.114 71.1593 0.409931
1
122.951 71.8256 0.471833
1
124.742 72.6042 0.533735
1
126.483 73.4923 0.595637
1
128.165 74.4862 0.657539
1
129.782 75.5824 0.719441
1
131.169 76.9583 0.657539
1
132.639 78.2457 0.595637
1
134.185 79.4398 0.533735
1
135.802 80.5359 0.471833
1
137.484 81.5299 0.409931
1
139.225 82.4179 0.348028
1
141.017 83.1965 0.286126
1
142.853 83.8629 0.224224
1
144.728 84.4143 0.162322
1
146.632 84.8487 0.10042
1
148.585 84.9239 0.162322
1
150.529 85.1198 0.224224
1
152.457 85.4355 0.286126
1
154.361 85.87 0.348028
1
156.236 86.4214 0.409931
1
158.072 87.0877 0.471833
1
159.864 87.8664 0.533735
1
161.605 88.7544 0.595637
1
163.287 89.7483 0.657539
1
164.904 90.8445 0.719441
1
166.45 92.0385 0.781343
1
167.92 93.326 0.843245
1
169.307 94.7019 0.905147
1
170.416 96.3102 0.843245
1
171.623 97.8469 0.781343
1
173.01 99.2228 0.781343
1
174.397 100.599 0.781343
1
175.784 101.975 0.781343
1
177.171 103.35 0.781343
1
178.558 104.726 0.781343
1
179.945 106.102 0.781343
1
181.332 107.478 0.781343
1
182.72 108.854 0.781343
1
184.107 110.23 0.781343
1
185.494 111.606 0.781343
1
186.881 112.982 0.781343
1
188.268 114.358 0.781343
1
189.655 115.734 0.781343
1
191.042 117.109 0.781343
1
192.429 118.485 0.781343
1
193.816 119.861 0.781343
1
195.203 121.237 0.781343
1
196.591 122.613 0.781343
1
197.978 123.989 0.781343
1
199.365 125.365 0.781343
1
200.752 126.741 0.781343
1
202.139 128.117 0.781343
1
203.526 129.492 0.781343
1
204.913 130.868 0.781343
1
206.3 132.244 0.781343
1
207.687 133.62 0.781343
1
209.074 134.996 0.781343
1
210.462 136.372 0.781343
1
211.849 137.748 0.781343
1
213.236 139.124 0.781343
1
214.623 140.5 0.781343
1
215.922 141.959 0.719441
1
217.309 143.335 0.657539
1
218.779 144.622 0.595637
1
220.461 145.616 0.657539
1
222.078 146.712 0.719441
1
223.465 148.088 0.657539
1
224.935 149.376 0.595637
1
226.481 150.57 0.533735
1
228.098 151.666 0.471833
1
229.78 152.66 0.409931
1
231.521 153.548 0.348028
1
233.313 154.326 0.286126
1
235.149 154.993 0.224224
1
237.024 155.544 0.162322
1
238.928 155.979 0.10042
1
240.857 156.294 0.0385181
1
240.857 156.294 0.0385181
1
240 155 0.000100002
2
84.998 160.845
0 0 0.707156 -0.707058
3
75.7849 137.901
94.2049 137.899
94.2112 183.789
75.7912 183.791
2
84.0018 162.822
0 0 0.728698 -0.684835
3
73.3869 140.492
91.7715 139.35
94.6167 185.152
76.2321 186.294
2
83.1298 164.857
0 0 0.749542 -0.661957
3
71.1538 143.227
89.4325 140.95
95.1057 186.488
76.827 188.765
2
82.143 163.043
0 0 0.769668 -0.638445
3
68.8519 142.194
86.9547 138.791
95.4341 183.891
77.3313 187.294
2
81.0459 161.292
0 0 0.789056 -0.614321
3
66.4905 141.306
84.3481 136.789
95.6013 181.278
77.7437 185.795
2
81.3061 159.243
0 0 0.769668 -0.638445
3
68.015 138.395
86.1178 134.991
94.5973 180.091
76.4944 183.495
2
81.6926 157.214
0 0 0.749542 -0.661957
3
69.7167 135.583
87.9954 133.306
93.6686 178.844
75.3899 181.121
2
82.2039 155.212
0 0 0.728698 -0.684835
3
71.589 132.882
89.9736 131.74
92.8188 177.542
74.4343 178.684
2
81.3314 153.34
0 0 0.749542 -0.661957
3
69.3554 131.709
87.6341 129.432
93.3073 174.97
75.0286 177.247
2
80.3446 151.525
0 0 0.769668 -0.638445
3
67.0535 130.677
85.1563 127.273
93.6357 172.373
75.5329 175.777
2
79.2475 149.775
0 0 0.789056 -0.614321
3
64.6921 129.789
82.5497 125.272
93.8029 169.761
75.9453 174.278
2
78.0442 148.096
0 0 0.807689 -0.589608
3
62.2804 129.048
79.8243 123.435
93.8081 167.143
76.2642 172.756
2
76.7394 146.494
0 0 0.825549 -0.564331
3
59.8274 128.459
76.9905 121.771
93.6514 164.53
76.4882 171.217
2
75.338 144.976
0 0 0.842617 -0.538513
3
57.3426 128.022
74.0592 120.285
93.3333 161.931
76.6167 169.668
2
73.8453 143.548
0 0 0.858878 -0.51218
3
54.8356 127.739
71.0415 118.984
92.8551 159.358
76.6491 168.113
2
72.2672 142.215
0 0 0.874317 -0.485355
3
52.3159 127.613
67.9491 117.871
92.2185 156.818
76.5853 166.56
2
70.6097 140.983
0 0 0.888918 -0.458066
3
49.7932 127.642
64.7938 116.952
91.4261 154.323
76.4255 165.013
2
68.879 139.855
0 0 0.902668 -0.430338
3
47.2771 127.827
61.5877 116.23
90.4809 151.882
76.1703 163.48
2
67.0819 138.836
0 0 0.915553 -0.402198
3
44.7774 128.168
58.3431 115.708
89.3865 149.504
75.8207 161.965
2
66.337 136.909
0 0 0.902668 -0.430338
3
44.7351 124.882
59.0457 113.284
87.9389 148.937
73.6283 160.534
2
65.7127 134.94
0 0 0.888918 -0.458066
3
44.8963 121.6
59.8969 110.91
86.5292 148.281
71.5286 158.971
2
65.2115 132.936
0 0 0.874317 -0.485355
3
45.2602 118.333
60.8934 108.592
85.1628 147.539
69.5296 157.281
2
64.8351 130.905
0 0 0.858878 -0.51218
3
45.8254 115.096
62.0313 106.34
83.8449 146.714
67.6389 155.47
2
64.5852 128.855
0 0 0.842617 -0.538513
3
46.5898 111.9
63.3064 104.163
82.5805 145.809
65.864 153.546
2
64.4625 126.792
0 0 0.825549 -0.564331
3
47.5505 108.757
64.7137 102.069
81.3745 144.828
64.2114 151.516
2
64.4677 124.727
0 0 0.807689 -0.589608
3
48.7038 105.679
66.2478 100.066
80.2316 143.774
62.6876 149.387
2
64.6007 122.665
0 0 0.789056 -0.614321
3
50.0453 102.679
67.9029 98.1623
79.156 142.651
61.2984 147.168
2
63.3974 120.986
0 0 0.807689 -0.589608
3
47.6335 101.939
65.1774 96.3259
79.1612 140.033
61.6173 145.646
2
62.0925 119.385
0 0 0.825549 -0.564331
3
45.1805 101.349
62.3436 94.6616
79.0045 137.42
61.8414 144.108
2
60.6911 117.867
0 0 0.842617 -0.538513
3
42.6958 100.912
59.4123 93.1757
78.6864 134.822
61.9699 142.558
2
59.1985 116.439
0 0 0.858878 -0.51218
3
40.1887 100.63
56.3946 91.8741
78.2082 132.248
62.0023 141.004
2
58.9485 114.388
0 0 0.842617 -0.538513
3
40.9532 97.4337
57.6697 89.6971
76.9438 131.343
60.2273 139.08
2
58.8259 112.326
0 0 0.825549 -0.564331
3
41.9139 94.2908
59.077 87.6032
75.7379 130.362
58.5747 137.05
2
58.831 110.261
0 0 0.807689 -0.589608
3
43.0671 91.2134
60.6111 85.6004
74.5949 129.308
57.0509 134.921
2
58.2357 108.4
0 0 0.807689 -0.589608
3
42.4718 89.3526
60.0157 83.7396
73.9995 127.447
56.4556 133.06
2
57.6403 106.539
0 0 0.807689 -0.589608
3
41.8764 87.4917
59.4204 81.8787
73.4042 125.586
55.8602 131.199
2
57.045 104.678
0 0 0.807689 -0.589608
3
41.2811 85.6309
58.825 80.0179
72.8088 123.725
55.2649 129.338
2
56.4496 102.817
0 0 0.807689 -0.589608
3
40.6857 83.7701
58.2297 78.1571
72.2135 121.865
54.6695 127.478
2
55.8542 100.956
0 0 0.807689 -0.589608
3
40.0904 81.9093
57.6343 76.2962
71.6181 120.004
54.0742 125.617
2
55.2589 99.0957
0 0 0.807689 -0.589608
3
39.495 80.0484
57.039 74.4354
71.0228 118.143
53.4788 123.756
2
55.3918 97.0342
0 0 0.789056 -0.614321
3
40.8365 77.0483
58.6941 72.5313
69.9472 117.02
52.0896 121.537
2
55.6521 94.9849
0 0 0.769668 -0.638445
3
42.3609 74.1368
60.4638 70.7332
68.9432 115.833
50.8404 119.237
2
56.0386 92.9557
0 0 0.749542 -0.661957
3
44.0626 71.3253
62.3413 69.0481
68.0145 114.586
49.7358 116.863
2
56.5498 90.9542
0 0 0.728698 -0.684835
3
45.935 68.6244
64.3195 67.4823
67.1647 113.284
48.7802 114.426
2
55.6773 89.0818
0 0 0.749542 -0.661957
3
43.7013 67.4514
61.98 65.1742
67.6532 110.712
49.3745 112.989
2
54.6906 87.267
0 0 0.769668 -0.638445
3
41.3994 66.4189
59.5023 63.0153
67.9817 108.115
49.8788 111.519
2
55.077 85.2377
0 0 0.749542 -0.661957
3
43.1011 63.6073
61.3798 61.3302
67.053 106.868
48.7743 109.145
2
55.5883 83.2363
0 0 0.728698 -0.684835
3
44.9734 60.9065
63.358 59.7644
66.2032 105.566
47.8187 106.708
2
56.2225 81.2703
0 0 0.707156 -0.707058
3
47.0093 58.3266
65.4293 58.324
65.4356 104.214
47.0156 104.217
2
56.977 79.3473
0 0 0.684936 -0.728603
3
49.2008 55.8776
67.5857 57.0145
64.7532 102.817
46.3683 101.68
2
57.849 77.4746
0 0 0.662061 -0.74945
3
51.5397 53.5688
69.819 55.8409
64.1584 101.38
45.8791 99.1084
2
58.8353 75.6595
0 0 0.638551 -0.769579
3
54.0168 51.4092
72.1206 54.8077
63.6537 99.9099
45.5499 96.5113
2
59.9319 73.9089
0 0 0.61443 -0.788971
3
56.6229 49.4069
74.4817 53.9189
63.2409 98.4109
45.3821 93.8989
2
61.1347 72.2295
0 0 0.58972 -0.807608
3
59.3478 47.5697
76.8933 53.1779
62.9216 96.8893
45.3761 91.2811
2
62.4391 70.6277
0 0 0.564446 -0.82547
3
62.1811 45.9046
79.3461 52.5874
62.6971 95.3508
45.5321 88.668
2
63.8401 69.1097
0 0 0.53863 -0.842542
3
65.1121 44.418
81.8307 52.1499
62.5682 93.8013
45.8495 86.0695
2
65.3324 67.6812
0 0 0.512299 -0.858807
3
68.1294 43.1155
84.3377 51.8668
62.5354 92.2469
46.327 83.4956
2
65.2699 69.8944
0 0 0.485477 -0.87425
3
69.5812 45.5488
85.2172 55.286
60.9586 94.24
45.3227 84.5027
2
65.0707 72.0994
0 0 0.45819 -0.888855
3
70.8798 48.0672
85.8834 58.7531
59.2615 96.1317
44.2579 85.4458
2
64.7354 74.288
0 0 0.430464 -0.902608
3
72.0201 50.6611
86.3339 62.2547
57.4507 97.9149
43.1368 86.3213
2
66.5322 73.2688
0 0 0.402325 -0.915497
3
75.2646 50.1378
88.8338 62.5947
57.7998 96.3998
44.2306 83.9429
2
68.3886 72.3627
0 0 0.373801 -0.927509
3
78.5352 49.8163
91.3078 63.0887
58.242 94.9092
45.4694 81.6368
2
70.2975 71.5733
0 0 0.34492 -0.938632
3
81.8195 49.6977
93.7465 63.7348
58.7756 93.4488
46.8485 79.4117
2
72.2516 70.9034
0 0 0.315707 -0.948857
3
85.1048 49.7825
96.1406 64.5306
59.3985 92.0243
48.3626 77.2762
2
74.2434 70.3557
0 0 0.286193 -0.958172
3
88.3786 50.0703
98.4809 65.4729
60.1083 90.641
50.006 75.2384
2
76.2653 69.9322
0 0 0.256404 -0.96657
3
91.6283 50.5602
100.758 66.5582
60.9023 89.3043
51.7722 73.3062
2
78.3095 69.6347
0 0 0.22637 -0.974041
3
94.8415 51.2501
102.964 67.7823
61.7775 88.0192
53.6546 71.487
2
80.3682 69.4641
0 0 0.196119 -0.98058
3
98.0058 52.1375
105.09 69.1405
62.7306 86.7908
55.6459 69.7877
2
82.4335 69.4213
0 0 0.16568 -0.98618
3
101.109 53.2189
107.128 70.6277
63.7578 85.6236
57.7385 68.2149
2
84.4975 69.5063
0 0 0.135082 -0.990834
3
104.14 54.4903
109.07 72.2381
64.8552 84.5223
59.9244 66.7745
2
86.5522 69.7188
0 0 0.104355 -0.99454
3
107.086 55.9467
110.909 73.9655
66.0187 83.4909
62.1952 65.4721
2
88.5899 70.058
0 0 0.0735276 -0.997293
3
109.936 57.5826
112.638 75.8034
67.2437 82.5335
64.5423 64.3127
2
90.6027 70.5227
0 0 0.0426301 -0.999091
3
112.68 59.3916
114.249 77.7447
68.5257 81.6537
66.9566 63.3006
2
92.4543 69.6068
0 0 0.0735276 -0.997293
3
113.801 57.1313
116.502 75.3522
71.1081 82.0823
68.4067 63.8614
2
94.2457 68.5782
0 0 0.104355 -0.99454
3
114.779 54.8061
118.603 72.8249
73.7122 82.3503
69.8888 64.3314
2
96.2834 68.9174
0 0 0.0735276 -0.997293
3
117.63 56.4419
120.331 74.6627
74.9372 81.3928
72.2358 63.172
2
98.2962 69.382
0 0 0.0426301 -0.999091
3
120.373 58.251
121.942 76.604
76.2192 80.513
74.6501 62.16
2
100.276 69.9703
0 0 0.0116917 -0.999932
3
123 60.2263
123.431 78.6413
77.5531 79.7142
77.1224 61.2993
2
102.23 69.9246
0 0 0.0116917 -0.999932
3
124.953 60.1806
125.384 78.5956
79.5063 79.6686
79.0756 61.2536
2
104.183 69.8789
0 0 0.0116917 -0.999932
3
126.906 60.1349
127.337 78.5499
81.4595 79.6229
81.0288 61.2079
2
106.136 69.8332
0 0 0.0116917 -0.999932
3
128.859 60.0892
129.29 78.5042
83.4127 79.5772
82.982 61.1622
2
108.089 69.7875
0 0 0.0116917 -0.999932
3
130.813 60.0436
131.243 78.4585
85.3659 79.5315
84.9352 61.1165
2
110.043 69.7418
0 0 0.0116917 -0.999932
3
132.766 59.9979
133.197 78.4128
87.3191 79.4858
86.8885 61.0709
2
111.996 69.6962
0 0 0.0116917 -0.999932
3
134.719 59.9522
135.15 78.3671
89.2724 79.4401
88.8417 61.0252
2
113.949 69.6505
0 0 0.0116917 -0.999932
3
136.672 59.9065
137.103 78.3215
91.2256 79.3945
90.7949 60.9795
2
115.902 69.6048
0 0 0.0116917 -0.999932
3
138.626 59.8608
139.056 78.2758
93.1788 79.3488
92.7481 60.9338
2
117.855 69.5591
0 0 0.0116917 -0.999932
3
140.579 59.8151
141.009 78.2301
95.132 79.3031
94.7013 60.8881
2
119.809 69.5134
0 0 0.0116917 -0.999932
3
142.532 59.7694
142.963 78.1844
97.0852 79.2574
96.6545 60.8424
2
121.762 69.4677
0 0 0.0116917 -0.999932
3
144.485 59.7238
144.916 78.1387
99.0384 79.2117
98.6078 60.7967
2
123.702 70.1774
0 0 0.0192579 0.999815
3
146.984 61.8578
146.275 80.2641
100.419 78.497
101.129 60.0906
2
125.594 71.0057
0 0 0.050189 0.99874
3
149.347 64.1423
147.5 82.4695
101.842 77.869
103.688 59.5418
2
127.432 71.9494
0 0 0.0810721 0.996708
3
151.564 66.5686
148.587 84.7465
103.3 77.3302
106.277 59.1523
2
129.207 73.0051
0 0 0.111877 0.993722
3
153.626 69.1274
149.53 87.0863
104.789 76.8827
108.885 58.9238
2
130.914 74.1685
0 0 0.142576 0.989784
3
155.526 71.8089
150.327 89.48
106.303 76.5281
111.502 58.857
2
132.546 75.4353
0 0 0.173137 0.984898
3
157.256 74.6028
150.974 91.9185
107.836 76.2679
114.118 58.9522
2
134.096 76.8007
0 0 0.203533 0.979068
3
158.811 77.4984
151.47 94.3923
109.382 76.103
116.723 59.2091
2
135.559 78.2593
0 0 0.233734 0.972301
3
160.183 80.4846
151.811 96.8919
110.935 76.0341
119.307 59.6267
2
136.929 79.8056
0 0 0.263711 0.964602
3
161.368 83.5499
151.997 99.408
112.489 76.0613
121.861 60.2033
2
138.2 81.4337
0 0 0.293435 0.955979
3
162.361 86.6827
152.027 101.931
114.039 76.1847
124.374 60.9368
2
139.368 83.1374
0 0 0.322879 0.94644
3
163.158 89.871
151.901 104.45
115.579 76.4038
126.836 61.8243
2
140.429 84.91
0 0 0.352013 0.935995
3
163.757 93.1024
151.619 106.957
117.101 76.7176
129.24 62.8625
2
142.373 85.6094
0 0 0.322879 0.94644
3
166.163 92.343
154.905 106.922
118.583 78.8758
129.841 64.2964
2
144.356 86.1872
0 0 0.293435 0.955979
3
168.517 91.4362
158.183 106.684
120.195 80.9382
130.53 65.6902
2
146.371 86.6412
0 0 0.263711 0.964602
3
170.811 90.3855
161.439 106.243
121.932 82.8969
131.303 67.0388
2
148.411 86.9696
0 0 0.233734 0.972301
3
173.035 89.1949
164.663 105.602
123.787 84.7444
132.159 68.337
2
150.467 87.1713
0 0 0.203533 0.979068
3
175.181 87.869
167.84 104.763
125.752 86.4736
133.093 69.5797
2
152.531 87.2454
0 0 0.173137 0.984898
3
177.241 86.4128
170.959 103.728
127.821 88.0779
134.103 70.7623
2
154.596 87.1916
0 0 0.142576 0.989784
3
179.208 84.832
174.009 102.503
129.985 89.5512
135.183 71.8801
2
156.654 87.0102
0 0 0.111877 0.993722
3
181.072 83.1326
176.977 101.091
132.235 90.8878
136.331 72.929
2
158.696 86.7019
0 0 0.081072 0.996708
3
182.828 81.3211
179.851 99.499
134.565 92.0827
137.542 73.9048
2
160.716 86.2678
0 0 0.050189 0.99874
3
184.469 79.4044
182.622 97.7316
136.963 93.1311
138.81 74.8039
2
162.554 87.2115
0 0 0.081072 0.996708
3
186.685 81.8307
183.709 100.009
138.422 92.5923
141.399 74.4144
2
164.329 88.2672
0 0 0.111877 0.993722
3
188.748 84.3895
184.652 102.348
139.911 92.1448
144.006 74.1859
2
166.036 89.4306
0 0 0.142576 0.989784
3
190.648 87.071
185.449 104.742
141.425 91.7902
146.623 74.1191
2
167.668 90.6975
0 0 0.173137 0.984898
3
192.378 89.8649
186.096 107.181
142.957 91.53
149.24 74.2143
2
169.218 92.0628
0 0 0.203533 0.979068
3
193.933 92.7605
186.591 109.654
144.503 91.3651
151.845 74.4712
2
170.681 93.5214
0 0 0.233734 0.972301
3
195.305 95.7467
186.933 112.154
146.057 91.2962
154.429 74.8888
2
172.051 95.0677
0 0 0.263711 0.964602
3
196.49 98.8121
187.119 114.67
147.611 91.3234
156.982 75.4654
2
173.322 96.6958
0 0 0.293435 0.955979
3
197.483 101.945
187.149 117.193
149.161 91.4468
159.495 76.1989
2
174.49 98.3995
0 0 0.322879 0.94644
3
198.28 105.133
187.022 119.712
150.7 91.6659
161.958 77.0864
2
175.551 100.172
0 0 0.352013 0.935995
3
198.879 108.365
186.74 122.22
152.223 91.9797
164.361 78.1246
2
176.5 102.007
0 0 0.380809 0.924654
3
199.276 111.627
186.304 124.704
153.724 92.3871
166.696 79.3095
2
177.334 103.897
0 0 0.409241 0.912426
3
199.471 114.907
185.715 127.158
155.196 92.8866
168.952 80.6365
2
178.049 105.835
0 0 0.437281 0.899325
3
199.463 118.194
184.975 129.569
156.635 93.4762
171.122 82.1006
2
179.83 106.881
0 0 0.409241 0.912426
3
201.967 117.892
188.211 130.142
157.692 95.8709
171.448 83.6208
2
181.672 107.815
0 0 0.380809 0.924654
3
204.449 117.435
191.477 130.513
158.896 98.1955
171.868 85.1179
2
183.059 109.191
0 0 0.380809 0.924654
3
205.836 118.811
192.864 131.889
160.283 99.5714
173.255 86.4938
2
184.447 110.567
0 0 0.380809 0.924654
3
207.223 120.187
194.251 133.265
161.67 100.947
174.642 87.8697
2
185.834 111.943
0 0 0.380809 0.924654
3
208.61 121.563
195.638 134.64
163.057 102.323
176.029 89.2456
2
187.221 113.319
0 0 0.380809 0.924654
3
209.997 122.939
197.025 136.016
164.445 103.699
177.417 90.6214
2
188.608 114.695
0 0 0.380809 0.924654
3
211.384 124.315
198.412 137.392
165.832 105.075
178.804 91.9973
2
189.995 116.071
0 0 0.380809 0.924654
3
212.771 125.691
199.799 138.768
167.219 106.451
180.191 93.3732
2
191.382 117.447
0 0 0.380809 0.924654
3
214.158 127.066
201.186 140.144
168.606 107.827
181.578 94.7491
2
192.769 118.822
0 0 0.380809 0.924654
3
215.545 128.442
202.573 141.52
169.993 109.203
182.965 96.125
2
194.156 120.198
0 0 0.380809 0.924654
3
216.932 129.818
203.96 142.896
171.38 110.579
184.352 97.5009
2
195.543 121.574
0 0 0.380809 0.924654
3
218.32 131.194
205.348 144.272
172.767 111.954
185.739 98.8768
2
196.93 122.95
0 0 0.380809 0.924654
3
219.707 132.57
206.735 145.648
174.154 113.33
187.126 100.253
2
198.318 124.326
0 0 0.380809 0.924654
3
221.094 133.946
208.122 147.023
175.541 114.706
188.513 101.629
2
199.705 125.702
0 0 0.380809 0.924654
3
222.481 135.322
209.509 148.399
176.928 116.082
189.9 103.004
2
201.092 127.078
0 0 0.380809 0.924654
3
223.868 136.698
210.896 149.775
178.316 117.458
191.288 104.38
2
202.479 128.454
0 0 0.380809 0.924654
3
225.255 138.074
212.283 151.151
179.703 118.834
192.675 105.756
2
203.866 129.83
0 0 0.380809 0.924654
3
226.642 139.449
213.67 152.527
181.09 120.21
194.062 107.132
2
205.253 131.206
0 0 0.380809 0.924654
3
228.029 140.825
215.057 153.903
182.477 121.586
195.449 108.508
2
206.64 132.581
0 0 0.380809 0.924654
3
229.416 142.201
216.444 155.279
183.864 122.962
196.836 109.884
2
208.027 133.957
0 0 0.380809 0.924654
3
230.803 143.577
217.831 156.655
185.251 124.337
198.223 111.26
2
209.414 135.333
0 0 0.380809 0.924654
3
232.191 144.953
219.219 158.031
186.638 125.713
199.61 112.636
2
210.801 136.709
0 0 0.380809 0.924654
3
233.578 146.329
220.606 159.407
188.025 127.089
200.997 114.012
2
212.189 138.085
0 0 0.380809 0.924654
3
234.965 147.705
221.993 160.782
189.412 128.465
202.384 115.388
2
213.576 139.461
0 0 0.380809 0.924654
3
236.352 149.081
223.38 162.158
190.799 129.841
203.771 116.763
2
214.963 140.837
0 0 0.380809 0.924654
3
237.739 150.457
224.767 163.534
192.187 131.217
205.159 118.139
2
216.35 142.213
0 0 0.380809 0.924654
3
239.126 151.832
226.154 164.91
193.574 132.593
206.546 119.515
2
217.737 143.589
0 0 0.380809 0.924654
3
240.513 153.208
227.541 166.286
194.961 133.969
207.933 120.891
2
219.124 144.964
0 0 0.380809 0.924654
3
241.9 154.584
228.928 167.662
196.348 135.345
209.32 122.267
2
220.511 146.34
0 0 0.380809 0.924654
3
243.287 155.96
230.315 169.038
197.735 136.721
210.707 123.643
2
221.898 147.716
0 0 0.380809 0.924654
3
244.674 157.336
231.702 170.414
199.122 138.096
212.094 125.019
2
223.285 149.092
0 0 0.380809 0.924654
3
246.062 158.712
233.09 171.79
200.509 139.472
213.481 126.395
2
224.672 150.468
0 0 0.380809 0.924654
3
247.449 160.088
234.477 173.166
201.896 140.848
214.868 127.771
2
226.569 151.286
0 0 0.352013 0.935995
3
249.897 159.479
237.759 173.334
203.242 143.094
215.38 129.239
2
228.513 151.986
0 0 0.322879 0.94644
3
252.303 158.719
241.045 173.299
204.723 145.252
215.981 130.673
2
230.496 152.564
0 0 0.293435 0.955979
3
254.657 157.813
244.323 173.06
206.335 147.315
216.67 132.067
2
231.665 154.267
0 0 0.322879 0.94644
3
255.454 161.001
244.197 175.58
207.875 147.534
219.132 132.954
2
232.725 156.04
0 0 0.352013 0.935995
3
256.053 164.232
243.915 178.087
209.397 147.847
221.536 133.992
2
234.669 156.739
0 0 0.322879 0.94644
3
258.459 163.473
247.201 178.052
210.879 150.006
222.137 135.426
2
236.652 157.317
0 0 0.293435 0.955979
3
260.813 162.566
250.479 177.814
212.491 152.068
222.826 136.82
2
238.667 157.771
0 0 0.263711 0.964602
3
263.107 161.515
253.735 177.373
214.228 154.027
223.599 138.169
2
240.707 158.099
0 0 0.233734 0.972301
3
265.331 160.325
256.959 176.732
216.083 155.874
224.455 139.467
2
242.763 158.301
0 0 0.203533 0.979068
3
267.477 158.999
260.136 175.893
218.048 157.603
225.389 140.71
2
244.827 158.375
0 0 0.173137 0.984898
3
269.538 157.543
263.255 174.858
220.117 159.208
226.399 141.892
2
246.892 158.321
0 0 0.142576 0.989784
3
271.504 155.962
266.305 173.633
222.281 160.681
227.479 143.01
2
248.95 158.14
0 0 0.111877 0.993722
3
273.368 154.262
269.273 172.221
224.531 162.018
228.627 144.059
2
250.993 157.832
0 0 0.081072 0.996708
3
275.124 152.451
272.147 170.629
226.861 163.212
229.838 145.035
2
253.012 157.398
0 0 0.050189 0.99874
3
276.765 150.534
274.918 168.861
229.259 164.261
231.106 145.934
2
255.001 156.839
0 0 0.0192579 0.999815
3
278.284 148.52
277.574 166.926
231.718 165.159
232.428 146.753
2
255.001 156.839
0 0 0.0192579 0.999815
3
278.284 148.52
277.574 166.926
231.718 165.159
232.428 146.753
2
254.155 155.001
0 0 5.00008e-05 1
3
277.101 145.794
277.099 164.214
231.209 164.209
231.211 145.789
