0
120 364
0
119 364
0
118 364
0
117 364
0
116 364
0
115 364
0
114 364
0
113 364
0
112 364
0
111 364
0
110 364
0
109 364
0
108 364
0
107 364
0
106 364
0
105 364
0
104 364
0
103 364
0
102 364
0
101 364
0
100 364
0
99 364
0
98 364
0
97 364
0
96 364
0
95 364
0
94 364
0
93 364
0
92 363
0
91 362
0
90 361
0
89 361
0
88 361
0
87 361
0
86 361
0
85 361
0
84 361
0
83 361
0
82 361
0
81 360
0
80 359
0
79 358
0
78 357
0
77 356
0
77 355
0
76 354
0
76 353
0
76 352
0
76 351
0
76 350
0
75 349
0
75 348
0
75 347
0
75 346
0
75 345
0
75 344
0
75 343
0
75 342
0
75 341
0
75 340
0
75 339
0
75 338
0
75 337
0
75 336
0
75 335
0
75 334
0
75 333
0
75 332
0
75 331
0
75 330
0
75 329
0
75 328
0
75 327
0
75 326
0
75 325
0
75 324
0
75 323
0
75 322
0
75 321
0
75 320
0
75 319
0
75 318
0
75 317
0
75 316
0
75 315
0
75 314
0
75 313
0
75 312
0
75 311
0
75 310
0
75 309
0
75 308
0
75 307
0
75 306
0
75 305
0
75 304
0
75 303
0
75 302
0
75 301
0
75 300
0
75 299
0
75 298
0
75 297
0
75 296
0
75 295
0
75 294
0
75 293
0
75 292
0
75 291
0
75 290
0
75 289
0
75 288
0
75 287
0
75 286
0
75 285
0
75 284
0
75 283
0
75 282
0
75 281
0
75 280
0
75 279
0
75 278
0
75 277
0
75 276
0
74 275
0
74 274
0
74 273
0
74 272
0
74 271
0
74 270
0
74 269
0
74 268
0
74 267
0
74 266
0
74 265
0
74 264
0
74 263
0
74 262
0
74 261
0
74 260
0
74 259
0
73 258
0
72 257
0
71 256
0
70 255
0
69 254
0
68 253
0
67 252
0
66 251
0
65 250
0
64 249
0
63 248
0
62 247
0
62 246
0
61 245
0
61 244
0
61 243
0
61 242
0
61 241
0
60 240
0
60 239
0
60 238
0
60 237
0
60 236
0
60 235
0
60 234
0
60 233
0
60 232
0
60 231
0
60 230
0
60 229
0
60 228
0
60 227
0
60 226
0
60 225
0
61 224
0
61 223
0
61 222
0
61 221
0
61 220
0
62 219
0
62 218
0
63 217
0
64 216
0
65 215
0
66 214
0
67 213
0
68 212
0
69 211
0
70 210
0
71 209
0
72 208
0
73 207
0
74 206
0
74 205
0
74 204
0
74 203
0
74 202
0
74 201
0
74 200
0
74 199
0
74 198
0
74 197
0
74 196
0
74 195
0
74 194
0
74 193
0
74 192
0
74 191
0
74 190
0
74 189
0
74 188
0
74 187
0
74 186
0
74 185
0
74 184
0
74 183
0
74 182
0
74 181
0
74 180
0
74 179
0
74 178
0
74 177
0
74 176
0
74 175
0
74 174
0
74 173
0
74 172
0
74 171
0
74 170
0
74 169
0
74 168
0
74 167
0
74 166
0
74 165
0
74 164
0
74 163
0
74 162
0
74 161
0
74 160
0
75 159
0
75 158
0
75 157
0
75 156
0
75 155
0
75 154
0
75 153
0
75 152
0
75 151
0
75 150
0
75 149
0
75 148
0
75 147
0
75 146
0
75 145
0
75 144
0
75 143
0
75 142
0
75 141
0
75 140
0
75 139
0
75 138
0
75 137
0
75 136
0
75 135
0
76 134
0
76 133
0
76 132
0
76 131
0
76 130
0
77 129
0
77 128
0
78 127
0
79 126
0
80 125
0
81 124
0
82 123
0
83 122
0
84 121
0
85 120
0
86 119
0
87 118
0
88 117
0
89 116
0
90 115
0
91 114
0
91 113
0
91 112
0
91 111
0
91 110
0
91 109
0
91 108
0
91 107
0
91 106
0
91 105
0
91 104
0
91 103
0
91 102
0
91 101
0
92 100
0
92 99
0
92 98
0
92 97
0
92 96
0
93 95
0
93 94
0
94 93
0
95 92
0
96 91
0
97 90
0
98 89
0
99 88
0
100 87
0
101 86
0
102 85
0
102 84
0
102 83
0
102 82
0
102 81
0
102 80
0
102 79
0
102 78
0
102 77
0
102 76
0
102 75
0
102 74
0
102 73
0
102 72
0
102 71
0
102 70
0
102 69
0
102 68
0
102 67
0
103 66
0
103 65
0
103 64
0
103 63
0
103 62
0
103 61
0
104 60
0
104 59
0
105 58
0
106 57
0
107 57
0
108 56
0
109 55
0
110 55
0
111 55
0
112 54
0
113 54
0
114 54
0
115 54
0
116 54
0
117 54
0
118 54
0
119 54
0
120 54
0
121 54
0
122 54
0
123 54
0
124 54
0
125 54
0
126 54
0
127 54
0
128 54
0
129 54
0
130 54
0
131 54
0
132 54
0
133 54
0
134 54
0
135 54
0
136 54
0
137 54
0
138 54
0
139 54
0
140 54
0
141 54
0
142 54
0
143 54
0
144 54
0
145 54
0
146 54
0
147 54
0
148 54
0
149 54
0
150 54
0
151 54
0
152 54
0
153 54
0
154 54
0
155 54
0
156 54
0
157 54
0
158 54
0
159 54
0
160 54
0
161 54
0
162 54
0
163 54
0
164 54
0
165 54
0
166 54
0
167 54
0
168 54
0
169 54
0
170 54
0
171 54
0
172 54
0
173 54
0
174 54
0
175 54
0
176 54
0
177 54
0
178 54
0
179 54
0
180 54
0
181 54
0
182 55
0
183 56
0
184 57
0
185 58
0
186 59
0
187 60
0
188 61
0
189 62
0
190 63
0
191 64
0
192 65
0
193 66
0
194 67
0
195 68
0
196 69
0
197 70
0
198 71
0
199 72
0
200 73
0
201 74
0
202 75
0
203 76
0
204 77
0
205 78
0
206 79
0
207 80
0
208 81
0
209 82
0
210 83
0
211 84
0
212 85
0
213 86
0
214 87
0
215 88
0
216 89
0
217 90
0
218 91
0
219 92
0
220 93
0
221 94
0
222 95
0
223 96
0
224 97
0
225 98
0
226 99
0
227 100
0
228 101
0
229 102
0
230 103
0
231 104
0
232 105
0
233 106
0
234 107
0
235 108
0
236 109
0
237 110
0
238 111
0
239 112
0
240 113
0
241 114
0
242 115
0
243 116
0
244 117
0
245 118
0
246 119
0
247 120
0
248 121
0
249 122
0
250 123
0
251 124
0
252 125
0
253 126
0
254 127
0
255 128
0
256 129
0
257 130
0
258 131
0
259 132
0
260 133
0
261 134
0
262 135
0
263 136
0
264 137
0
265 138
0
266 139
0
266 140
0
266 141
0
266 142
0
266 143
0
266 144
0
266 145
0
266 146
0
266 147
0
266 148
0
266 149
0
266 150
0
266 151
0
266 152
0
266 153
0
266 154
0
266 155
0
266 156
0
266 157
0
266 158
0
266 159
0
266 160
0
266 161
0
266 162
0
266 163
0
266 164
0
266 165
0
266 166
0
266 167
0
266 168
0
266 169
0
266 170
0
266 171
0
266 172
0
266 173
0
266 174
0
266 175
0
266 176
0
266 177
0
266 178
0
266 179
0
266 180
0
266 181
0
266 182
0
266 183
0
266 184
0
266 185
0
266 186
0
266 187
0
266 188
0
266 189
0
266 190
0
266 191
0
266 192
0
266 193
0
266 194
0
266 195
0
266 196
0
266 197
0
266 198
0
266 199
0
266 200
0
266 201
0
266 202
0
266 203
0
266 204
0
266 205
0
266 206
0
266 207
0
266 208
0
266 209
0
266 210
0
266 211
0
266 212
0
266 213
0
266 214
0
266 215
0
266 216
0
266 217
0
266 218
0
266 219
0
266 220
0
266 221
0
266 222
0
266 223
0
266 224
0
266 225
0
266 226
0
266 227
0
266 228
0
266 229
0
266 230
0
266 231
0
266 232
0
266 233
0
266 234
0
266 235
0
266 236
0
266 237
0
266 238
0
266 239
0
266 240
0
266 241
0
266 242
0
266 243
0
266 244
0
266 245
0
266 246
0
266 247
0
266 248
0
266 249
0
266 250
0
266 251
0
266 252
0
266 253
0
266 254
0
266 255
0
266 256
0
266 257
0
266 258
0
266 259
0
266 260
0
266 261
0
266 262
0
266 263
0
266 264
0
266 265
0
266 266
0
266 267
0
266 268
0
266 269
0
266 270
0
266 271
0
266 272
0
266 273
0
266 274
0
266 275
0
266 276
0
266 277
0
266 278
0
266 279
0
266 280
0
266 281
0
266 282
0
266 283
0
266 284
0
266 285
0
266 286
0
266 287
0
266 288
0
266 289
0
266 290
0
266 291
0
266 292
0
266 293
0
266 294
0
266 295
0
266 296
0
266 297
0
266 298
0
266 299
0
266 300
0
266 301
0
266 302
0
266 303
0
266 304
0
266 305
0
266 306
0
266 307
0
266 308
0
266 309
0
266 310
0
266 311
0
266 312
0
266 313
0
266 314
0
267 315
0
267 316
0
267 317
0
267 318
0
267 319
0
268 320
0
268 321
0
269 322
0
270 323
0
271 324
0
272 325
0
273 325
0
274 326
0
275 326
0
276 326
0
277 327
0
278 327
0
279 327
0
280 327
0
281 327
0
282 327
0
283 327
0
284 327
0
285 327
0
286 327
0
287 327
0
288 327
0
289 327
0
290 327
0
291 327
0
292 327
0
293 327
0
294 327
0
295 327
0
296 327
0
297 327
0
298 327
0
299 327
0
300 327
0
301 327
0
302 327
0
303 327
0
304 327
0
305 327
0
306 327
0
307 327
0
308 327
0
309 327
0
310 327
0
311 327
0
312 327
0
313 327
0
314 327
0
315 327
0
316 327
0
317 327
0
318 327
0
319 327
0
320 327
0
321 327
0
322 327
0
323 327
0
324 327
0
325 327
0
326 327
0
327 327
0
328 327
0
329 327
0
330 327
0
331 327
0
332 327
0
333 327
0
334 327
0
335 327
0
336 327
0
337 327
0
338 327
0
339 327
0
340 327
0
341 327
0
342 327
0
343 327
0
344 327
0
345 327
0
346 327
0
347 328
0
348 329
0
349 330
0
350 330
0
351 331
0
352 332
0
353 332
0
354 332
0
355 332
0
356 332
0
357 332
0
358 332
0
359 332
0
360 332
0
361 332
0
362 333
0
363 333
0
364 333
0
365 333
0
366 333
0
367 333
0
368 333
0
369 333
0
370 333
0
371 333
0
372 333
0
373 333
0
374 333
0
375 333
0
376 333
0
377 333
0
378 333
0
379 333
0
380 333
0
381 333
0
382 333
0
383 333
0
384 333
0
385 333
0
386 333
0
387 333
0
388 333
0
389 333
0
390 333
0
391 333
0
392 333
0
393 333
0
394 332
0
395 332
0
396 332
0
397 332
0
398 332
0
399 332
0
400 332
0
401 332
0
402 332
0
403 332
0
404 332
0
405 331
0
406 330
0
407 330
0
408 329
0
409 328
0
410 327
0
411 326
0
412 325
0
413 324
0
414 323
0
415 322
0
416 321
0
417 320
0
418 319
0
419 318
0
420 317
0
421 316
0
422 315
0
423 314
0
424 313
0
425 312
0
426 311
0
427 310
0
428 309
0
429 308
0
430 307
0
431 306
0
432 305
0
433 304
0
434 303
0
435 302
0
436 301
0
437 301
0
438 301
0
439 300
0
440 300
0
441 300
0
442 300
0
443 300
0
444 300
0
445 300
0
446 300
0
447 300
0
448 300
0
449 300
0
450 299
0
451 299
0
452 298
0
453 297
0
454 296
0
455 295
0
456 294
0
457 293
0
458 292
0
459 291
0
460 290
0
461 289
0
462 288
0
463 287
0
464 286
0
465 285
0
466 284
0
467 283
0
468 282
0
469 281
0
470 280
0
471 279
0
472 278
0
473 277
0
474 276
0
475 275
0
476 274
0
477 273
0
478 272
0
479 271
0
480 270
0
481 269
0
482 268
0
483 267
0
484 266
0
485 265
0
486 264
0
487 263
0
488 262
0
489 261
0
490 260
0
491 259
0
492 258
0
493 257
0
494 256
0
495 255
0
496 254
0
497 253
0
498 252
0
499 251
0
500 250
0
501 249
0
501 248
0
502 247
0
503 246
0
504 245
0
505 244
0
506 243
0
507 242
0
508 241
0
509 240
0
510 239
0
511 238
0
512 237
0
513 236
0
514 235
0
515 234
0
516 233
0
517 232
0
518 231
0
519 230
0
520 229
0
521 228
0
522 227
0
523 226
0
524 225
0
525 224
0
526 223
0
527 222
0
528 221
0
529 220
0
530 219
0
531 218
0
532 217
0
533 216
0
534 215
0
535 214
0
535 213
0
535 212
0
535 211
0
536 210
0
536 209
0
536 208
0
536 207
0
536 206
0
537 205
0
537 204
0
538 203
0
539 202
0
540 201
0
541 200
0
542 200
0
543 199
0
544 199
0
545 198
0
546 198
0
547 198
0
548 198
0
549 198
0
550 198
0
551 198
0
552 198
0
553 198
0
554 198
0
555 198
0
556 198
0
557 198
0
558 198
0
559 198
0
560 198
0
561 198
0
562 198
0
563 198
0
564 198
0
565 198
0
566 198
0
567 198
0
568 198
0
569 198
0
570 198
0
571 198
0
572 198
0
573 198
0
574 198
0
575 198
0
576 198
0
577 197
0
578 197
0
579 196
0
580 196
1
120 364 3.1415
1
118.046 364 3.1415
1
116.092 364 3.1415
1
114.139 364.001 3.1415
1
112.185 364.001 3.1415
1
110.235 363.88 3.0796
1
108.281 363.88 3.0177
1
106.331 364.001 2.95579
1
104.437 364.48 3.0177
1
102.517 364.841 3.0796
1
100.578 365.083 3.1415
1
98.6282 365.204 3.2034
1
96.6745 365.204 3.2653
1
94.7245 365.083 3.32721
1
92.7856 364.842 3.38911
1
90.8655 364.482 3.45101
1
88.9712 364.003 3.51291
1
87.1103 363.408 3.57481
1
85.2897 362.699 3.63672
1
83.5164 361.879 3.69862
1
81.7973 360.951 3.76052
1
80.1389 359.918 3.82242
1
78.5476 358.784 3.88432
1
77.0294 357.554 3.94623
1
75.5902 356.233 4.00813
1
74.2355 354.825 4.07003
1
72.9706 353.336 4.13193
1
71.8001 351.772 4.19383
1
70.7286 350.138 4.25574
1
69.7603 348.441 4.31764
1
68.8988 346.688 4.37954
1
68.1474 344.884 4.44144
1
67.5091 343.038 4.50335
1
66.9862 341.155 4.56525
1
66.5807 339.244 4.62715
1
66.2943 337.311 4.68905
1
66.1279 335.365 4.75095
1
66.0824 333.411 4.81286
1
66.3982 331.483 4.75095
1
66.5941 329.54 4.68905
1
66.6695 327.587 4.62715
1
66.6239 325.634 4.56525
1
66.4575 323.687 4.50335
1
66.1711 321.755 4.44144
1
65.7656 319.844 4.37954
1
65.2427 317.961 4.31764
1
64.3812 316.207 4.37954
1
63.6299 314.404 4.44144
1
62.9915 312.557 4.50335
1
62.4686 310.675 4.56525
1
62.1822 308.742 4.56525
1
61.8957 306.81 4.56525
1
61.6093 304.877 4.56525
1
61.3228 302.944 4.56525
1
61.0364 301.012 4.56525
1
60.7499 299.079 4.56525
1
60.4635 297.146 4.56525
1
60.1771 295.214 4.56525
1
59.8906 293.281 4.56525
1
59.6042 291.348 4.56525
1
59.3177 289.416 4.56525
1
59.0313 287.483 4.56525
1
58.7449 285.551 4.56525
1
58.4584 283.618 4.56525
1
58.172 281.685 4.56525
1
57.8855 279.753 4.56525
1
57.5991 277.82 4.56525
1
57.3126 275.887 4.56525
1
57.0262 273.955 4.56525
1
56.7398 272.022 4.56525
1
56.4533 270.089 4.56525
1
56.1669 268.157 4.56525
1
55.8804 266.224 4.56525
1
55.594 264.291 4.56525
1
55.3075 262.359 4.56525
1
55.0211 260.426 4.56525
1
54.7347 258.493 4.56525
1
54.4482 256.561 4.56525
1
54.1618 254.628 4.56525
1
53.8753 252.696 4.56525
1
53.5889 250.763 4.56525
1
53.3025 248.83 4.56525
1
53.016 246.898 4.56525
1
52.7296 244.965 4.56525
1
52.4431 243.032 4.56525
1
52.1567 241.1 4.56525
1
51.8702 239.167 4.56525
1
51.5838 237.234 4.56525
1
51.2974 235.302 4.56525
1
51.0109 233.369 4.56525
1
50.7245 231.437 4.56525
1
50.438 229.504 4.56525
1
50.1516 227.571 4.56525
1
49.8652 225.639 4.56525
1
49.5787 223.706 4.56525
1
49.2923 221.773 4.56525
1
49.0058 219.841 4.56525
1
48.7194 217.908 4.56525
1
48.4329 215.976 4.56525
1
48.1465 214.043 4.56525
1
47.8601 212.11 4.56525
1
47.5736 210.178 4.56525
1
47.2872 208.245 4.56525
1
47.0007 206.312 4.56525
1
46.7143 204.38 4.56525
1
46.4279 202.447 4.56525
1
46.1414 200.514 4.56525
1
45.855 198.582 4.56525
1
45.5685 196.649 4.56525
1
45.2821 194.717 4.56525
1
44.9956 192.784 4.56525
1
44.7092 190.851 4.56525
1
44.4228 188.919 4.56525
1
44.1363 186.986 4.56525
1
43.8499 185.053 4.56525
1
43.5634 183.121 4.56525
1
43.277 181.188 4.56525
1
42.9906 179.256 4.56525
1
42.7041 177.323 4.56525
1
42.4177 175.39 4.56525
1
42.1312 173.458 4.56525
1
41.8448 171.525 4.56525
1
41.5583 169.592 4.56525
1
41.2719 167.66 4.56525
1
40.9855 165.727 4.56525
1
40.699 163.794 4.56525
1
40.4126 161.862 4.56525
1
40.1261 159.929 4.56525
1
39.8397 157.997 4.56525
1
39.5532 156.064 4.56525
1
39.2668 154.131 4.56525
1
38.9804 152.199 4.56525
1
38.6939 150.266 4.56525
1
38.4075 148.333 4.56525
1
38.121 146.401 4.56525
1
37.8346 144.468 4.56525
1
37.5482 142.536 4.56525
1
37.2617 140.603 4.56525
1
36.9753 138.67 4.56525
1
36.6888 136.738 4.56525
1
36.4024 134.805 4.56525
1
36.1159 132.872 4.56525
1
35.8295 130.94 4.56525
1
35.5431 129.007 4.56525
1
35.2566 127.074 4.56525
1
34.9702 125.142 4.56525
1
34.6837 123.209 4.56525
1
34.3973 121.277 4.56525
1
34.1109 119.344 4.56525
1
33.8244 117.411 4.56525
1
33.538 115.479 4.56525
1
33.2515 113.546 4.56525
1
32.9651 111.613 4.56525
1
32.7988 109.667 4.50335
1
32.5123 107.734 4.44144
1
31.8739 105.888 4.50335
1
31.351 104.005 4.56525
1
30.9456 102.094 4.62715
1
30.6591 100.161 4.68905
1
30.4928 98.2145 4.75095
1
30.4472 96.2613 4.81286
1
30.5225 94.309 4.87476
1
30.7185 92.3651 4.93666
1
31.0343 90.437 4.99856
1
31.4688 88.5322 5.06046
1
32.0204 86.6579 5.12237
1
32.6868 84.8213 5.18427
1
33.4655 83.0295 5.24617
1
34.3536 81.2893 5.30807
1
35.3476 79.6073 5.36997
1
36.4438 77.9901 5.43188
1
37.638 76.4437 5.49378
1
38.9255 74.9742 5.55568
1
40.3015 73.5872 5.61758
1
41.7606 72.2879 5.67948
1
43.2973 71.0814 5.74139
1
44.9057 69.9723 5.80329
1
46.5796 68.9648 5.86519
1
48.3127 68.0628 5.92709
1
50.0982 67.2697 5.98899
1
51.9995 66.8199 5.92709
1
53.8693 66.2534 5.86519
1
55.7005 65.5723 5.80329
1
57.3745 64.5648 5.86519
1
59.1075 63.6628 5.92709
1
60.8931 62.8697 5.98899
1
62.7242 62.1886 6.0509
1
64.6497 61.8573 5.98899
1
66.551 61.4075 5.92709
1
68.4208 60.841 5.86519
1
70.1538 59.939 5.92709
1
71.9394 59.1459 5.98899
1
73.8092 58.5794 5.98899
1
75.6404 57.8983 6.0509
1
77.5102 57.3317 6.1128
1
79.4115 56.882 6.1747
1
81.3369 56.5507 6.2366
1
83.2885 56.4597 6.2366
1
85.2402 56.3687 6.2366
1
87.1918 56.2777 6.2366
1
89.1434 56.1868 6.2366
1
91.0951 56.0958 6.2366
1
93.0467 56.0048 6.2366
1
94.9983 55.9138 6.2366
1
96.95 55.8228 6.2366
1
98.9016 55.7319 6.2366
1
100.853 55.6409 6.2366
1
102.805 55.5499 6.2366
1
104.756 55.4589 6.2366
1
106.708 55.3679 6.2366
1
108.66 55.277 6.2366
1
110.611 55.186 6.2366
1
112.563 55.095 6.2366
1
114.515 55.004 6.2366
1
116.466 54.913 6.2366
1
118.418 54.8221 6.2366
1
120.37 54.7311 6.2366
1
122.321 54.6401 6.2366
1
124.273 54.5491 6.2366
1
126.224 54.4581 6.2366
1
128.176 54.3672 6.2366
1
130.128 54.2762 6.2366
1
132.079 54.1852 6.2366
1
134.031 54.0942 6.2366
1
135.983 54.0032 6.2366
1
137.934 53.9123 6.2366
1
139.886 53.8213 6.2366
1
141.837 53.7303 6.2366
1
143.789 53.6393 6.2366
1
145.741 53.5483 6.2366
1
147.692 53.4574 6.2366
1
149.644 53.3664 6.2366
1
151.596 53.2754 6.2366
1
153.547 53.1844 6.2366
1
155.499 53.0934 6.2366
1
157.45 53.0024 6.2366
1
159.404 53.0324 6.1747
1
161.356 52.9414 6.1128
1
163.298 52.7299 6.0509
1
165.223 52.3986 5.98899
1
167.055 51.7175 6.0509
1
168.924 51.151 6.1128
1
170.826 50.7012 6.1747
1
172.751 50.3699 6.2366
1
174.693 50.1584 0.015319
1
176.645 50.0674 0.0772211
1
178.598 50.0973 0.139123
1
180.546 50.248 0.201025
1
182.481 50.519 0.262927
1
184.396 50.9091 0.324829
1
186.282 51.4169 0.386731
1
188.134 52.0404 0.448634
1
189.943 52.7773 0.510536
1
191.704 53.6247 0.572438
1
193.408 54.5794 0.63434
1
195.051 55.6377 0.696242
1
196.624 56.7956 0.758144
1
198.123 58.0486 0.820046
1
199.542 59.392 0.881948
1
200.875 60.8205 0.94385
1
201.921 62.4706 0.881948
1
203.067 64.0528 0.820046
1
204.309 65.561 0.758144
1
205.808 66.814 0.820046
1
207.227 68.1574 0.881948
1
208.56 69.5859 0.94385
1
209.801 71.0942 1.00575
1
210.848 72.7442 1.00575
1
211.894 74.3943 1.00575
1
212.94 76.0444 1.00575
1
213.986 77.6944 1.00575
1
215.032 79.3445 1.00575
1
215.974 81.0561 0.94385
1
217.02 82.7062 0.881948
1
218.167 84.2884 0.820046
1
219.585 85.6317 0.881948
1
220.918 87.0603 0.94385
1
222.16 88.5685 1.00575
1
223.306 90.1507 1.06765
1
224.352 91.8008 1.12956
1
225.187 93.5674 1.12956
1
226.021 95.334 1.12956
1
226.855 97.1007 1.12956
1
227.69 98.8673 1.12956
1
228.524 100.634 1.12956
1
229.359 102.401 1.12956
1
230.193 104.167 1.12956
1
231.027 105.934 1.12956
1
231.969 107.645 1.19146
1
232.804 109.412 1.25336
1
233.527 111.227 1.31526
1
234.137 113.083 1.37716
1
234.513 115 1.37716
1
234.889 116.918 1.37716
1
235.265 118.835 1.37716
1
235.641 120.752 1.37716
1
236.017 122.669 1.37716
1
236.393 124.586 1.37716
1
236.769 126.504 1.37716
1
237.145 128.421 1.37716
1
237.521 130.338 1.37716
1
237.896 132.255 1.37716
1
238.272 134.173 1.37716
1
238.648 136.09 1.37716
1
239.024 138.007 1.37716
1
239.4 139.924 1.37716
1
239.776 141.842 1.37716
1
240.152 143.759 1.37716
1
240.528 145.676 1.37716
1
240.904 147.593 1.37716
1
241.28 149.511 1.37716
1
241.656 151.428 1.37716
1
242.032 153.345 1.37716
1
242.526 155.235 1.43907
1
242.902 157.153 1.50097
1
243.158 159.089 1.56287
1
243.295 161.038 1.62477
1
243.189 162.989 1.62477
1
243.084 164.94 1.62477
1
242.978 166.891 1.62477
1
242.873 168.842 1.62477
1
242.768 170.793 1.62477
1
242.662 172.744 1.62477
1
242.557 174.695 1.62477
1
242.451 176.646 1.62477
1
242.346 178.596 1.62477
1
242.241 180.547 1.62477
1
242.135 182.498 1.62477
1
242.03 184.449 1.62477
1
241.924 186.4 1.62477
1
241.819 188.351 1.62477
1
241.714 190.302 1.62477
1
241.608 192.253 1.62477
1
241.503 194.204 1.62477
1
241.397 196.155 1.62477
1
241.292 198.105 1.62477
1
241.186 200.056 1.62477
1
241.081 202.007 1.62477
1
240.976 203.958 1.62477
1
240.87 205.909 1.62477
1
240.765 207.86 1.62477
1
240.659 209.811 1.62477
1
240.554 211.762 1.62477
1
240.449 213.713 1.62477
1
240.343 215.663 1.62477
1
240.238 217.614 1.62477
1
240.132 219.565 1.62477
1
240.027 221.516 1.62477
1
239.922 223.467 1.62477
1
239.816 225.418 1.62477
1
239.711 227.369 1.62477
1
239.605 229.32 1.62477
1
239.5 231.271 1.62477
1
239.395 233.222 1.62477
1
239.289 235.172 1.62477
1
239.063 237.113 1.56287
1
239.079 239.067 1.56287
1
239.094 241.02 1.56287
1
239.11 242.974 1.56287
1
239.125 244.928 1.56287
1
239.141 246.882 1.56287
1
239.156 248.835 1.56287
1
239.172 250.789 1.56287
1
239.187 252.743 1.56287
1
239.203 254.696 1.56287
1
239.218 256.65 1.56287
1
239.234 258.604 1.56287
1
239.249 260.557 1.56287
1
239.265 262.511 1.56287
1
239.28 264.465 1.56287
1
239.296 266.418 1.56287
1
239.311 268.372 1.56287
1
239.327 270.326 1.56287
1
239.342 272.279 1.56287
1
239.358 274.233 1.56287
1
239.373 276.187 1.56287
1
239.388 278.14 1.56287
1
239.404 280.094 1.56287
1
239.419 282.048 1.56287
1
239.314 283.999 1.50097
1
239.33 285.952 1.43907
1
239.466 287.901 1.37716
1
239.722 289.838 1.31526
1
240.098 291.755 1.25336
1
240.592 293.646 1.19146
1
241.202 295.502 1.12956
1
241.926 297.317 1.06765
1
242.76 299.083 1.00575
1
243.702 300.795 0.94385
1
244.748 302.445 0.881948
1
245.894 304.027 0.820046
1
247.136 305.535 0.758144
1
248.555 306.879 0.758144
1
250.054 308.132 0.820046
1
251.296 309.64 0.758144
1
252.714 310.983 0.758144
1
254.133 312.327 0.758144
1
255.552 313.67 0.758144
1
257.051 314.923 0.820046
1
258.293 316.431 0.758144
1
259.625 317.86 0.696242
1
261.044 319.203 0.63434
1
262.543 320.456 0.572438
1
264.117 321.614 0.510536
1
265.759 322.672 0.448634
1
267.464 323.627 0.386731
1
269.224 324.475 0.324829
1
271.034 325.211 0.262927
1
272.92 325.719 0.262927
1
274.772 326.343 0.201025
1
276.658 326.851 0.139123
1
278.573 327.241 0.0772211
1
280.526 327.271 0.139123
1
282.461 327.542 0.139123
1
284.396 327.812 0.139123
1
286.331 328.083 0.139123
1
288.266 328.354 0.139123
1
290.201 328.625 0.139123
1
292.136 328.896 0.139123
1
294.07 329.167 0.139123
1
296.005 329.438 0.139123
1
297.94 329.709 0.139123
1
299.875 329.98 0.139123
1
301.81 330.251 0.139123
1
303.758 330.402 0.201025
1
305.693 330.673 0.262927
1
307.607 331.063 0.324829
1
309.494 331.57 0.386731
1
311.345 332.194 0.448634
1
313.05 333.149 0.386731
1
314.81 333.996 0.324829
1
316.62 334.733 0.262927
1
318.471 335.356 0.201025
1
320.358 335.864 0.139123
1
322.272 336.254 0.0772211
1
324.207 336.525 0.015319
1
326.155 336.676 6.2366
1
328.107 336.585 6.2366
1
330.058 336.494 6.2366
1
332.01 336.403 6.2366
1
333.962 336.312 6.2366
1
335.913 336.221 6.2366
1
337.865 336.13 6.2366
1
339.817 336.039 6.2366
1
341.768 335.948 6.2366
1
343.72 335.857 6.2366
1
345.671 335.766 6.2366
1
347.623 335.675 6.2366
1
349.575 335.584 6.2366
1
351.526 335.493 6.2366
1
353.478 335.402 6.2366
1
355.43 335.311 6.2366
1
357.381 335.22 6.2366
1
359.333 335.129 6.2366
1
361.284 335.038 6.2366
1
363.236 334.948 6.2366
1
365.188 334.857 6.2366
1
367.139 334.766 6.2366
1
369.091 334.675 6.2366
1
371.043 334.584 6.2366
1
372.994 334.493 6.2366
1
374.946 334.402 6.2366
1
376.897 334.311 6.2366
1
378.849 334.22 6.2366
1
380.801 334.129 6.2366
1
382.752 334.038 6.2366
1
384.704 333.947 6.2366
1
386.656 333.856 6.2366
1
388.607 333.765 6.2366
1
390.559 333.674 6.2366
1
392.511 333.583 6.2366
1
394.462 333.492 6.2366
1
396.414 333.401 6.2366
1
398.365 333.31 6.2366
1
400.317 333.219 6.2366
1
402.269 333.128 6.2366
1
404.22 333.037 6.2366
1
406.172 332.946 6.2366
1
408.124 332.855 6.2366
1
410.075 332.764 6.2366
1
412.029 332.794 6.1747
1
413.98 332.703 6.1128
1
415.923 332.492 6.0509
1
417.848 332.16 5.98899
1
419.749 331.711 5.92709
1
421.619 331.144 5.86519
1
423.45 330.463 5.80329
1
425.236 329.67 5.74139
1
426.969 328.768 5.67948
1
428.643 327.76 5.61758
1
430.251 326.651 5.55568
1
431.788 325.445 5.49378
1
433.247 324.145 5.43188
1
434.535 322.676 5.43188
1
435.822 321.206 5.43188
1
437.11 319.737 5.43188
1
438.397 318.267 5.43188
1
439.685 316.798 5.43188
1
440.972 315.328 5.43188
1
442.26 313.859 5.43188
1
443.547 312.389 5.43188
1
444.835 310.92 5.43188
1
446.122 309.45 5.43188
1
447.41 307.981 5.43188
1
448.697 306.511 5.43188
1
449.985 305.042 5.43188
1
451.272 303.572 5.43188
1
452.56 302.103 5.43188
1
453.847 300.633 5.43188
1
455.135 299.164 5.43188
1
456.422 297.694 5.43188
1
457.71 296.225 5.43188
1
458.997 294.755 5.43188
1
460.285 293.286 5.43188
1
461.572 291.816 5.43188
1
462.86 290.347 5.43188
1
464.147 288.877 5.43188
1
465.435 287.408 5.43188
1
466.722 285.938 5.43188
1
468.01 284.469 5.43188
1
469.297 282.999 5.43188
1
470.585 281.529 5.43188
1
471.872 280.06 5.43188
1
473.16 278.59 5.43188
1
474.447 277.121 5.43188
1
475.735 275.651 5.43188
1
477.022 274.182 5.43188
1
478.31 272.712 5.43188
1
479.597 271.243 5.43188
1
480.885 269.773 5.43188
1
482.172 268.304 5.43188
1
483.46 266.834 5.43188
1
484.747 265.365 5.43188
1
485.942 263.819 5.49378
1
487.229 262.349 5.55568
1
488.605 260.962 5.61758
1
490.064 259.663 5.67948
1
491.601 258.456 5.74139
1
493.209 257.347 5.80329
1
494.883 256.34 5.86519
1
496.714 255.658 5.80329
1
498.5 254.865 5.74139
1
500.233 253.963 5.67948
1
501.907 252.956 5.61758
1
503.515 251.847 5.55568
1
504.891 250.46 5.61758
1
506.35 249.16 5.67948
1
508.024 248.153 5.61758
1
509.633 247.044 5.55568
1
511.169 245.837 5.49378
1
512.629 244.538 5.43188
1
514.005 243.151 5.36997
1
515.292 241.681 5.30807
1
516.486 240.135 5.24617
1
517.582 238.518 5.18427
1
518.47 236.778 5.18427
1
519.359 235.037 5.18427
1
520.247 233.297 5.18427
1
521.135 231.557 5.18427
1
522.023 229.817 5.18427
1
522.911 228.076 5.18427
1
523.799 226.336 5.18427
1
524.793 224.654 5.12237
1
525.681 222.914 5.06046
1
526.46 221.122 4.99856
1
527.126 219.286 4.93666
1
527.678 217.411 4.87476
1
528.112 215.507 4.81286
1
528.428 213.578 4.75095
1
528.624 211.635 4.68905
1
528.7 209.682 4.62715
1
528.654 207.729 4.56525
1
528.488 205.782 4.50335
1
528.201 203.85 4.44144
1
527.796 201.939 4.37954
1
527.273 200.056 4.31764
1
526.635 198.21 4.25574
1
525.883 196.406 4.19383
1
525.022 194.652 4.13193
1
524.053 192.956 4.07003
1
522.982 191.322 4.00813
1
521.811 189.758 3.94623
1
520.546 188.269 3.88432
1
521.901 189.676 3.82242
1
523.34 190.998 3.76052
1
524.858 192.227 3.69862
1
526.45 193.361 3.63672
1
528.108 194.394 3.57481
1
529.827 195.322 3.51291
1
531.601 196.142 3.45101
1
533.421 196.851 3.38911
1
535.282 197.446 3.32721
1
537.176 197.925 3.2653
1
539.096 198.285 3.2034
1
541.035 198.526 3.1415
1
542.985 198.647 3.0796
1
544.939 198.647 3.0177
1
546.889 198.526 2.95579
1
548.783 198.047 3.0177
1
550.703 197.686 3.0796
1
552.657 197.686 3.0177
1
554.596 197.444 3.0177
1
556.535 197.203 3.0177
1
558.473 196.962 3.0177
1
560.412 196.72 3.0177
1
562.351 196.479 3.0177
1
564.29 196.237 3.0177
1
566.229 195.996 3.0177
1
568.167 195.754 3.0177
1
570.087 195.393 3.0796
1
572.026 195.152 3.1415
1
573.98 195.152 3.1415
1
575.934 195.152 3.1415
1
577.887 195.151 3.1415
2
105.845 364.001
0 0 1 4.63287e-05
3
82.9009 373.213
82.8991 354.793
128.789 354.789
128.791 373.209
2
103.891 364.001
0 0 1 4.63287e-05
3
80.9471 373.214
80.9454 354.794
126.835 354.789
126.837 373.209
2
101.938 364.002
0 0 1 4.63287e-05
3
78.9934 373.214
78.9916 354.794
124.882 354.79
124.883 373.21
2
99.9837 364.002
0 0 1 4.63287e-05
3
77.0396 373.214
77.0379 354.794
122.928 354.79
122.93 373.21
2
98.03 364.002
0 0 1 4.63287e-05
3
75.0859 373.214
75.0841 354.794
120.974 354.79
120.976 373.21
2
96.1072 364.757
0 0 0.99952 0.0309924
3
73.7769 375.371
72.6357 356.986
118.437 354.143
119.579 372.528
2
94.2347 365.629
0 0 0.998082 0.0619088
3
72.6038 377.604
70.3275 359.326
115.866 353.655
118.142 371.933
2
92.4199 366.616
0 0 0.995688 0.0927658
3
71.5712 379.906
68.1684 361.803
113.269 353.326
116.671 371.429
2
90.3906 366.23
0 0 0.998082 0.0619088
3
68.7597 378.204
66.4833 359.926
112.022 354.255
114.298 372.533
2
88.3892 365.718
0 0 0.99952 0.0309924
3
66.0589 376.332
64.9177 357.947
110.72 355.104
111.861 373.489
2
86.4232 365.084
0 0 1 4.63287e-05
3
63.4791 374.296
63.4774 355.876
109.367 355.872
109.369 374.292
2
84.5003 364.329
0 0 0.999522 -0.0308998
3
61.0302 372.104
62.168 353.72
107.97 356.554
106.833 374.939
2
82.6277 363.457
0 0 0.998088 -0.0618163
3
58.7215 369.765
60.9945 351.486
106.534 357.149
104.261 375.428
2
80.8126 362.471
0 0 0.995697 -0.0926736
3
56.562 367.288
59.9614 349.185
105.063 357.654
101.664 375.757
2
79.062 361.374
0 0 0.992352 -0.123442
3
54.5599 364.682
59.0727 346.823
103.564 358.066
99.0513 375.925
2
77.3827 360.171
0 0 0.988056 -0.154092
3
52.7228 361.957
58.3318 344.412
102.043 358.385
96.4335 375.931
2
75.7809 358.867
0 0 0.982815 -0.184595
3
51.0578 359.124
57.7414 341.959
100.504 358.61
93.8204 375.775
2
74.2629 357.466
0 0 0.976631 -0.214921
3
49.5713 356.193
57.304 339.474
98.9546 358.739
91.2219 375.457
2
72.8346 355.973
0 0 0.969513 -0.245041
3
48.269 353.175
57.0211 336.967
97.4001 358.772
88.648 374.979
2
71.5012 354.396
0 0 0.961465 -0.274926
3
47.1558 350.083
56.8938 334.448
95.8466 358.708
86.1087 374.344
2
70.268 352.738
0 0 0.952497 -0.304548
3
46.236 346.928
56.9226 331.925
94.3001 358.549
83.6135 373.552
2
69.1397 351.008
0 0 0.942616 -0.333878
3
45.5132 343.722
57.1074 329.409
92.7663 358.294
81.1721 372.607
2
68.1207 349.211
0 0 0.931833 -0.362889
3
44.9901 340.478
57.4476 326.909
91.2512 357.945
78.7937 371.513
2
67.2147 347.355
0 0 0.920156 -0.391551
3
44.6687 337.207
57.9417 324.435
89.7607 357.502
76.4877 370.274
2
66.4253 345.446
0 0 0.907599 -0.419839
3
44.5502 333.923
58.5879 321.996
88.3003 356.969
74.2626 368.895
2
65.7555 343.492
0 0 0.894172 -0.447725
3
44.6352 330.637
59.3838 319.602
86.8758 356.346
72.1272 367.381
2
65.2079 341.5
0 0 0.879888 -0.475181
3
44.9232 327.364
60.3262 317.262
85.4926 355.636
70.0895 365.737
2
64.7845 339.478
0 0 0.864762 -0.502183
3
45.4132 324.114
61.4116 314.985
84.1559 354.842
68.1574 363.971
2
64.4871 337.434
0 0 0.848807 -0.528703
3
46.1033 320.901
62.6358 312.779
82.8708 353.966
66.3383 362.089
2
64.3166 335.375
0 0 0.832039 -0.554717
3
46.9908 317.737
63.9942 310.653
81.6424 353.013
64.6391 360.097
2
64.2739 333.31
0 0 0.814474 -0.5802
3
48.0724 314.633
65.4814 308.615
80.4753 351.986
63.0663 358.005
2
64.359 331.246
0 0 0.796129 -0.605127
3
49.3439 311.603
67.0919 306.673
79.374 350.889
61.626 355.819
2
64.5716 329.191
0 0 0.777021 -0.629474
3
50.8004 308.657
68.8194 304.834
78.3427 349.725
60.3237 353.548
2
64.9109 327.153
0 0 0.75717 -0.653218
3
52.4364 305.806
70.6574 303.106
77.3854 348.5
59.1644 351.201
2
65.3756 325.14
0 0 0.736592 -0.676337
3
54.2456 303.063
72.5987 301.495
76.5056 347.218
58.1525 348.786
2
65.964 323.16
0 0 0.71531 -0.698808
3
56.221 300.436
74.636 300.007
75.7069 345.884
57.2919 346.314
2
66.6737 321.22
0 0 0.693342 -0.720609
3
58.3552 297.937
76.7615 298.647
74.9922 344.503
56.5859 343.793
2
67.5021 319.328
0 0 0.67071 -0.74172
3
60.6398 295.575
78.9669 297.422
74.3643 343.081
56.0372 341.233
2
66.9439 317.339
0 0 0.693342 -0.720609
3
58.6254 294.056
77.0317 294.766
75.2624 340.622
56.8561 339.912
2
66.2638 315.388
0 0 0.71531 -0.698808
3
56.5209 292.665
74.9359 292.235
76.0068 338.112
57.5918 338.542
2
65.4644 313.484
0 0 0.736592 -0.676337
3
54.3343 291.406
72.6875 289.838
76.5944 335.561
58.2413 337.129
2
64.5486 311.632
0 0 0.75717 -0.653218
3
52.0741 290.285
70.2951 287.585
77.0231 332.979
58.8021 335.679
2
63.52 309.841
0 0 0.777021 -0.629474
3
49.7489 289.306
67.7679 285.484
77.2912 330.375
59.2722 334.197
2
62.3826 308.116
0 0 0.796129 -0.605127
3
47.3675 288.473
65.1155 283.543
77.3977 327.759
59.6497 332.689
2
61.1407 306.465
0 0 0.814474 -0.5802
3
44.9392 287.789
62.3483 281.77
77.3422 325.142
59.9331 331.16
2
59.799 304.895
0 0 0.832039 -0.554717
3
42.4732 287.256
59.4766 280.172
77.1249 322.533
60.1215 329.617
2
59.7563 302.829
0 0 0.814474 -0.5802
3
43.5548 284.153
60.9638 278.134
75.9578 321.506
58.5487 327.524
2
59.8414 300.765
0 0 0.796129 -0.605127
3
44.8263 281.122
62.5743 276.192
74.8564 320.408
57.1084 325.338
2
60.054 298.711
0 0 0.777021 -0.629474
3
46.2828 278.176
64.3018 274.354
73.8251 319.245
55.8061 323.067
2
60.3933 296.673
0 0 0.75717 -0.653218
3
47.9188 275.326
66.1398 272.626
72.8678 318.02
54.6468 320.72
2
60.1069 294.74
0 0 0.75717 -0.653218
3
47.6324 273.393
65.8533 270.693
72.5813 316.087
54.3604 318.788
2
59.8204 292.808
0 0 0.75717 -0.653218
3
47.3459 271.461
65.5669 268.76
72.2949 314.154
54.0739 316.855
2
59.534 290.875
0 0 0.75717 -0.653218
3
47.0595 269.528
65.2805 266.828
72.0085 312.222
53.7875 314.922
2
59.2475 288.942
0 0 0.75717 -0.653218
3
46.7731 267.596
64.994 264.895
71.722 310.289
53.5011 312.99
2
58.9611 287.01
0 0 0.75717 -0.653218
3
46.4866 265.663
64.7076 262.962
71.4356 308.356
53.2146 311.057
2
58.6747 285.077
0 0 0.75717 -0.653218
3
46.2002 263.73
64.4211 261.03
71.1491 306.424
52.9282 309.124
2
58.3882 283.144
0 0 0.75717 -0.653218
3
45.9137 261.798
64.1347 259.097
70.8627 304.491
52.6417 307.192
2
58.1018 281.212
0 0 0.75717 -0.653218
3
45.6273 259.865
63.8482 257.164
70.5763 302.558
52.3553 305.259
2
57.8153 279.279
0 0 0.75717 -0.653218
3
45.3409 257.932
63.5618 255.232
70.2898 300.626
52.0689 303.326
2
57.5289 277.346
0 0 0.75717 -0.653218
3
45.0544 256
63.2754 253.299
70.0034 298.693
51.7824 301.394
2
57.2424 275.414
0 0 0.75717 -0.653218
3
44.768 254.067
62.9889 251.366
69.7169 296.761
51.496 299.461
2
56.956 273.481
0 0 0.75717 -0.653218
3
44.4815 252.134
62.7025 249.434
69.4305 294.828
51.2095 297.528
2
56.6696 271.548
0 0 0.75717 -0.653218
3
44.1951 250.202
62.416 247.501
69.144 292.895
50.9231 295.596
2
56.3831 269.616
0 0 0.75717 -0.653218
3
43.9086 248.269
62.1296 245.568
68.8576 290.963
50.6366 293.663
2
56.0967 267.683
0 0 0.75717 -0.653218
3
43.6222 246.336
61.8432 243.636
68.5712 289.03
50.3502 291.731
2
55.8102 265.751
0 0 0.75717 -0.653218
3
43.3358 244.404
61.5567 241.703
68.2847 287.097
50.0638 289.798
2
55.5238 263.818
0 0 0.75717 -0.653218
3
43.0493 242.471
61.2703 239.771
67.9983 285.165
49.7773 287.865
2
55.2374 261.885
0 0 0.75717 -0.653218
3
42.7629 240.538
60.9838 237.838
67.7118 283.232
49.4909 285.933
2
54.9509 259.953
0 0 0.75717 -0.653218
3
42.4764 238.606
60.6974 235.905
67.4254 281.299
49.2044 284
2
54.6645 258.02
0 0 0.75717 -0.653218
3
42.19 236.673
60.4109 233.973
67.139 279.367
48.918 282.067
2
54.378 256.087
0 0 0.75717 -0.653218
3
41.9035 234.741
60.1245 232.04
66.8525 277.434
48.6316 280.135
2
54.0916 254.155
0 0 0.75717 -0.653218
3
41.6171 232.808
59.8381 230.107
66.5661 275.501
48.3451 278.202
2
53.8051 252.222
0 0 0.75717 -0.653218
3
41.3307 230.875
59.5516 228.175
66.2796 273.569
48.0587 276.269
2
53.5187 250.289
0 0 0.75717 -0.653218
3
41.0442 228.943
59.2652 226.242
65.9932 271.636
47.7722 274.337
2
53.2323 248.357
0 0 0.75717 -0.653218
3
40.7578 227.01
58.9787 224.309
65.7067 269.703
47.4858 272.404
2
52.9458 246.424
0 0 0.75717 -0.653218
3
40.4713 225.077
58.6923 222.377
65.4203 267.771
47.1993 270.471
2
52.6594 244.491
0 0 0.75717 -0.653218
3
40.1849 223.145
58.4059 220.444
65.1339 265.838
46.9129 268.539
2
52.3729 242.559
0 0 0.75717 -0.653218
3
39.8985 221.212
58.1194 218.511
64.8474 263.906
46.6265 266.606
2
52.0865 240.626
0 0 0.75717 -0.653218
3
39.612 219.279
57.833 216.579
64.561 261.973
46.34 264.673
2
51.8001 238.694
0 0 0.75717 -0.653218
3
39.3256 217.347
57.5465 214.646
64.2745 260.04
46.0536 262.741
2
51.5136 236.761
0 0 0.75717 -0.653218
3
39.0391 215.414
57.2601 212.714
63.9881 258.108
45.7671 260.808
2
51.2272 234.828
0 0 0.75717 -0.653218
3
38.7527 213.481
56.9736 210.781
63.7016 256.175
45.4807 258.876
2
50.9407 232.896
0 0 0.75717 -0.653218
3
38.4662 211.549
56.6872 208.848
63.4152 254.242
45.1943 256.943
2
50.6543 230.963
0 0 0.75717 -0.653218
3
38.1798 209.616
56.4008 206.916
63.1288 252.31
44.9078 255.01
2
50.3678 229.03
0 0 0.75717 -0.653218
3
37.8934 207.684
56.1143 204.983
62.8423 250.377
44.6214 253.078
2
50.0814 227.098
0 0 0.75717 -0.653218
3
37.6069 205.751
55.8279 203.05
62.5559 248.444
44.3349 251.145
2
49.795 225.165
0 0 0.75717 -0.653218
3
37.3205 203.818
55.5414 201.118
62.2694 246.512
44.0485 249.212
2
49.5085 223.232
0 0 0.75717 -0.653218
3
37.034 201.886
55.255 199.185
61.983 244.579
43.762 247.28
2
49.2221 221.3
0 0 0.75717 -0.653218
3
36.7476 199.953
54.9686 197.252
61.6966 242.647
43.4756 245.347
2
48.9356 219.367
0 0 0.75717 -0.653218
3
36.4612 198.02
54.6821 195.32
61.4101 240.714
43.1892 243.415
2
48.6492 217.435
0 0 0.75717 -0.653218
3
36.1747 196.088
54.3957 193.387
61.1237 238.781
42.9027 241.482
2
48.3628 215.502
0 0 0.75717 -0.653218
3
35.8883 194.155
54.1092 191.455
60.8372 236.849
42.6163 239.549
2
48.0763 213.569
0 0 0.75717 -0.653218
3
35.6018 192.223
53.8228 189.522
60.5508 234.916
42.3298 237.617
2
47.7899 211.637
0 0 0.75717 -0.653218
3
35.3154 190.29
53.5363 187.589
60.2643 232.983
42.0434 235.684
2
47.5034 209.704
0 0 0.75717 -0.653218
3
35.0289 188.357
53.2499 185.657
59.9779 231.051
41.7569 233.751
2
47.217 207.771
0 0 0.75717 -0.653218
3
34.7425 186.425
52.9635 183.724
59.6915 229.118
41.4705 231.819
2
46.9305 205.839
0 0 0.75717 -0.653218
3
34.4561 184.492
52.677 181.791
59.405 227.186
41.1841 229.886
2
46.6441 203.906
0 0 0.75717 -0.653218
3
34.1696 182.559
52.3906 179.859
59.1186 225.253
40.8976 227.953
2
46.3577 201.973
0 0 0.75717 -0.653218
3
33.8832 180.627
52.1041 177.926
58.8321 223.32
40.6112 226.021
2
46.0712 200.041
0 0 0.75717 -0.653218
3
33.5967 178.694
51.8177 175.994
58.5457 221.388
40.3247 224.088
2
45.7848 198.108
0 0 0.75717 -0.653218
3
33.3103 176.761
51.5313 174.061
58.2593 219.455
40.0383 222.156
2
45.4983 196.176
0 0 0.75717 -0.653218
3
33.0239 174.829
51.2448 172.128
57.9728 217.522
39.7519 220.223
2
45.2119 194.243
0 0 0.75717 -0.653218
3
32.7374 172.896
50.9584 170.196
57.6864 215.59
39.4654 218.29
2
44.9254 192.31
0 0 0.75717 -0.653218
3
32.451 170.964
50.6719 168.263
57.3999 213.657
39.179 216.358
2
44.639 190.378
0 0 0.75717 -0.653218
3
32.1645 169.031
50.3855 166.33
57.1135 211.724
38.8925 214.425
2
44.3526 188.445
0 0 0.75717 -0.653218
3
31.8781 167.098
50.099 164.398
56.827 209.792
38.6061 212.492
2
44.0661 186.512
0 0 0.75717 -0.653218
3
31.5916 165.166
49.8126 162.465
56.5406 207.859
38.3196 210.56
2
43.7797 184.58
0 0 0.75717 -0.653218
3
31.3052 163.233
49.5262 160.532
56.2542 205.927
38.0332 208.627
2
43.4932 182.647
0 0 0.75717 -0.653218
3
31.0188 161.3
49.2397 158.6
55.9677 203.994
37.7468 206.695
2
43.2068 180.715
0 0 0.75717 -0.653218
3
30.7323 159.368
48.9533 156.667
55.6813 202.061
37.4603 204.762
2
42.9204 178.782
0 0 0.75717 -0.653218
3
30.4459 157.435
48.6668 154.735
55.3948 200.129
37.1739 202.829
2
42.6339 176.849
0 0 0.75717 -0.653218
3
30.1594 155.503
48.3804 152.802
55.1084 198.196
36.8874 200.897
2
42.3475 174.917
0 0 0.75717 -0.653218
3
29.873 153.57
48.0939 150.869
54.822 196.263
36.601 198.964
2
42.061 172.984
0 0 0.75717 -0.653218
3
29.5866 151.637
47.8075 148.937
54.5355 194.331
36.3146 197.031
2
41.7746 171.051
0 0 0.75717 -0.653218
3
29.3001 149.705
47.5211 147.004
54.2491 192.398
36.0281 195.099
2
41.4881 169.119
0 0 0.75717 -0.653218
3
29.0137 147.772
47.2346 145.071
53.9626 190.466
35.7417 193.166
2
41.2017 167.186
0 0 0.75717 -0.653218
3
28.7272 145.839
46.9482 143.139
53.6762 188.533
35.4552 191.233
2
40.9153 165.253
0 0 0.75717 -0.653218
3
28.4408 143.907
46.6617 141.206
53.3897 186.6
35.1688 189.301
2
40.6288 163.321
0 0 0.75717 -0.653218
3
28.1543 141.974
46.3753 139.273
53.1033 184.668
34.8823 187.368
2
40.3424 161.388
0 0 0.75717 -0.653218
3
27.8679 140.041
46.0889 137.341
52.8169 182.735
34.5959 185.436
2
40.0559 159.456
0 0 0.75717 -0.653218
3
27.5815 138.109
45.8024 135.408
52.5304 180.802
34.3095 183.503
2
39.7695 157.523
0 0 0.75717 -0.653218
3
27.295 136.176
45.516 133.476
52.244 178.87
34.023 181.57
2
39.4831 155.59
0 0 0.75717 -0.653218
3
27.0086 134.244
45.2295 131.543
51.9575 176.937
33.7366 179.638
2
39.1966 153.658
0 0 0.75717 -0.653218
3
26.7221 132.311
44.9431 129.61
51.6711 175.004
33.4501 177.705
2
38.9102 151.725
0 0 0.75717 -0.653218
3
26.4357 130.378
44.6566 127.678
51.3847 173.072
33.1637 175.772
2
38.6237 149.792
0 0 0.75717 -0.653218
3
26.1493 128.446
44.3702 125.745
51.0982 171.139
32.8773 173.84
2
38.3373 147.86
0 0 0.75717 -0.653218
3
25.8628 126.513
44.0838 123.812
50.8118 169.207
32.5908 171.907
2
38.0508 145.927
0 0 0.75717 -0.653218
3
25.5764 124.58
43.7973 121.88
50.5253 167.274
32.3044 169.975
2
37.7644 143.995
0 0 0.75717 -0.653218
3
25.2899 122.648
43.5109 119.947
50.2389 165.341
32.0179 168.042
2
37.478 142.062
0 0 0.75717 -0.653218
3
25.0035 120.715
43.2244 118.015
49.9524 163.409
31.7315 166.109
2
37.1915 140.129
0 0 0.75717 -0.653218
3
24.717 118.782
42.938 116.082
49.666 161.476
31.445 164.177
2
36.9051 138.197
0 0 0.75717 -0.653218
3
24.4306 116.85
42.6516 114.149
49.3796 159.543
31.1586 162.244
2
36.6186 136.264
0 0 0.75717 -0.653218
3
24.1442 114.917
42.3651 112.217
49.0931 157.611
30.8722 160.311
2
36.3322 134.331
0 0 0.75717 -0.653218
3
23.8577 112.985
42.0787 110.284
48.8067 155.678
30.5857 158.379
2
36.0458 132.399
0 0 0.75717 -0.653218
3
23.5713 111.052
41.7922 108.351
48.5202 153.745
30.2993 156.446
2
35.7593 130.466
0 0 0.75717 -0.653218
3
23.2848 109.119
41.5058 106.419
48.2338 151.813
30.0128 154.513
2
35.4729 128.533
0 0 0.75717 -0.653218
3
22.9984 107.187
41.2193 104.486
47.9474 149.88
29.7264 152.581
2
35.1864 126.601
0 0 0.75717 -0.653218
3
22.7119 105.254
40.9329 102.553
47.6609 147.948
29.44 150.648
2
34.9 124.668
0 0 0.75717 -0.653218
3
22.4255 103.321
40.6465 100.621
47.3745 146.015
29.1535 148.716
2
34.6135 122.736
0 0 0.75717 -0.653218
3
22.1391 101.389
40.36 98.6882
47.088 144.082
28.8671 146.783
2
34.3271 120.803
0 0 0.75717 -0.653218
3
21.8526 99.4562
40.0736 96.7556
46.8016 142.15
28.5806 144.85
2
34.0407 118.87
0 0 0.75717 -0.653218
3
21.5662 97.5235
39.7871 94.8229
46.5151 140.217
28.2942 142.918
2
33.7542 116.938
0 0 0.75717 -0.653218
3
21.2797 95.5909
39.5007 92.8903
46.2287 138.284
28.0077 140.985
2
33.4678 115.005
0 0 0.75717 -0.653218
3
20.9933 93.6583
39.2143 90.9577
45.9423 136.352
27.7213 139.052
2
33.1813 113.072
0 0 0.75717 -0.653218
3
20.7069 91.7256
38.9278 89.025
45.6558 134.419
27.4349 137.12
2
32.8949 111.14
0 0 0.75717 -0.653218
3
20.4204 89.793
38.6414 87.0924
45.3694 132.487
27.1484 135.187
2
32.6085 109.207
0 0 0.75717 -0.653218
3
20.134 87.8603
38.3549 85.1598
45.0829 130.554
26.862 133.254
2
32.322 107.274
0 0 0.75717 -0.653218
3
19.8475 85.9277
38.0685 83.2271
44.7965 128.621
26.5755 131.322
2
32.0356 105.342
0 0 0.75717 -0.653218
3
19.5611 83.9951
37.782 81.2945
44.51 126.689
26.2891 129.389
2
31.7491 103.409
0 0 0.75717 -0.653218
3
19.2746 82.0624
37.4956 79.3618
44.2236 124.756
26.0027 127.457
2
31.4627 101.477
0 0 0.75717 -0.653218
3
18.9882 80.1298
37.2092 77.4292
43.9372 122.823
25.7162 125.524
2
31.1762 99.5439
0 0 0.75717 -0.653218
3
18.7018 78.1971
36.9227 75.4966
43.6507 120.891
25.4298 123.591
2
30.8898 97.6113
0 0 0.75717 -0.653218
3
18.4153 76.2645
36.6363 73.5639
43.3643 118.958
25.1433 121.659
2
29.8612 95.8198
0 0 0.777021 -0.629474
3
16.0901 75.2856
34.1091 71.463
43.6324 116.354
25.6134 120.177
2
28.7238 94.0954
0 0 0.796129 -0.605127
3
13.7088 74.4525
31.4568 69.5225
43.7389 113.738
25.9909 118.668
2
28.9364 92.0407
0 0 0.777021 -0.629474
3
15.1653 71.5065
33.1843 67.6839
42.7076 112.575
24.6886 116.397
2
29.2758 90.003
0 0 0.75717 -0.653218
3
16.8013 68.6562
35.0222 65.9556
41.7502 111.35
23.5293 114.05
2
29.7405 87.9902
0 0 0.736592 -0.676337
3
18.6105 65.9126
36.9636 64.3444
40.8705 110.068
22.5174 111.636
2
30.3288 86.01
0 0 0.71531 -0.698808
3
20.5859 63.2862
39.0009 62.8564
40.0718 108.734
21.6568 109.164
2
31.0386 84.07
0 0 0.693342 -0.720609
3
22.72 60.787
41.1263 61.4972
39.3571 107.353
20.9508 106.643
2
31.8669 82.1777
0 0 0.67071 -0.74172
3
25.0047 58.4246
43.3318 60.2721
38.7292 105.931
20.402 104.083
2
32.8108 80.3402
0 0 0.647435 -0.762121
3
27.4311 56.2081
45.6088 59.1858
38.1905 104.472
20.0127 101.495
2
33.8665 78.5646
0 0 0.62354 -0.781791
3
29.99 54.1459
47.9487 58.2425
37.743 102.983
19.7843 98.8867
2
35.03 76.8577
0 0 0.599048 -0.800713
3
32.6716 52.246
50.3425 57.4457
37.3885 101.469
19.7176 96.2697
2
36.2969 75.2261
0 0 0.573982 -0.818868
3
35.4655 50.5156
52.7809 56.7985
37.1284 99.9365
19.813 93.6537
2
37.6624 73.6759
0 0 0.548367 -0.836238
3
38.3612 48.9614
55.2547 56.3034
36.9635 98.3905
20.07 91.0485
2
39.1211 72.2133
0 0 0.522226 -0.852807
3
41.3474 47.5893
57.7544 55.9623
36.8947 96.8372
20.4877 88.4642
2
40.6674 70.8436
0 0 0.495585 -0.86856
3
44.4129 46.4045
60.2705 55.7765
36.922 95.2827
21.0644 85.9108
2
42.2956 69.5722
0 0 0.468469 -0.88348
3
47.5457 45.4117
62.7932 55.7467
37.0455 93.7328
21.798 83.3978
2
43.9993 68.404
0 0 0.440904 -0.897554
3
50.734 44.6145
65.3129 55.873
37.2646 92.1936
22.6857 80.9351
2
45.772 67.3435
0 0 0.412917 -0.910769
3
53.9654 44.0161
67.8199 56.1549
37.5785 90.6708
23.724 78.532
2
47.6069 66.3946
0 0 0.384535 -0.923111
3
57.2277 43.6188
70.3048 56.5914
37.986 89.1704
24.909 76.1978
2
49.497 65.561
0 0 0.355784 -0.934568
3
60.5084 43.424
72.7578 57.1808
38.4856 87.698
26.2361 73.9413
2
51.435 64.846
0 0 0.326692 -0.945131
3
63.7948 43.4326
75.1697 57.9208
39.0752 86.2594
27.7003 71.7712
2
53.4136 64.2522
0 0 0.297288 -0.954788
3
67.0743 43.6445
77.5313 58.8085
39.7528 84.86
29.2959 69.6959
2
55.4251 63.782
0 0 0.267598 -0.963531
3
70.3345 44.0588
79.8333 59.8407
40.5156 83.5052
31.0168 67.7233
2
57.4618 63.4371
0 0 0.237653 -0.97135
3
73.5628 44.674
82.0671 61.0133
41.3608 82.2002
32.8565 65.8609
2
59.516 63.2189
0 0 0.207479 -0.978239
3
76.7469 45.4878
84.2241 62.3219
42.285 80.95
34.8078 64.1158
2
61.5797 63.1281
0 0 0.177107 -0.984192
3
79.8745 46.4969
86.296 63.7614
43.2849 79.7593
36.8634 62.4949
2
63.6451 63.1652
0 0 0.146566 -0.989201
3
82.9337 47.6976
88.2749 65.3263
44.3565 78.6328
39.0153 61.0042
2
65.2665 61.8853
0 0 0.177107 -0.984192
3
83.5613 45.2541
89.9828 62.5185
46.9717 78.5165
40.5502 61.252
2
66.8056 60.5075
0 0 0.207479 -0.978239
3
84.0366 42.7764
91.5138 59.6105
49.5747 78.2386
42.0975 61.4044
2
68.2566 59.0371
0 0 0.237653 -0.97135
3
84.3576 40.274
92.8619 56.6133
52.1556 77.8002
43.6513 61.4609
2
70.3108 58.8188
0 0 0.207479 -0.978239
3
87.5417 41.0877
95.0189 57.9219
53.0798 76.55
45.6026 59.7158
2
72.3745 58.7281
0 0 0.177107 -0.984192
3
90.6693 42.0969
97.0908 59.3613
54.0797 75.3593
47.6582 58.0949
2
74.4399 58.7652
0 0 0.146566 -0.989201
3
93.7285 43.2976
99.0697 60.9262
55.1513 74.2328
49.8101 56.6042
2
76.4991 58.93
0 0 0.115884 -0.993263
3
96.7076 44.6853
100.948 62.6106
56.2905 73.1747
52.0501 55.2494
2
78.1966 57.7528
0 0 0.146566 -0.989201
3
97.4852 42.2852
102.826 59.9139
58.9079 73.2204
53.5668 55.5918
2
79.818 56.4729
0 0 0.177107 -0.984192
3
98.1128 39.8417
104.534 57.1061
61.5232 73.1041
55.1017 55.8396
2
81.3571 55.0951
0 0 0.207479 -0.978239
3
98.588 37.364
106.065 54.1981
64.1262 72.8262
56.649 55.992
2
83.4208 55.0043
0 0 0.177107 -0.984192
3
101.716 38.3731
108.137 55.6376
65.126 71.6355
58.7045 54.3711
2
85.4862 55.0414
0 0 0.146566 -0.989201
3
104.775 39.5738
110.116 57.2025
66.1976 70.509
60.8564 52.8804
2
87.356 54.4749
0 0 0.146566 -0.989201
3
106.645 39.0073
111.986 56.6359
68.0674 69.9425
62.7262 52.3139
2
89.4152 54.6397
0 0 0.115884 -0.993263
3
109.624 40.395
113.864 58.3203
69.2066 68.8844
64.9663 50.9591
2
91.4602 54.9316
0 0 0.0850905 -0.996373
3
112.511 41.9643
115.635 60.1176
70.4091 67.8988
67.2858 49.7456
2
93.4832 55.3494
0 0 0.0542159 -0.998529
3
115.296 43.7092
117.291 62.0209
71.6703 66.9895
69.6759 48.6778
2
95.4766 55.8915
0 0 0.0232894 -0.999729
3
117.968 45.6231
118.826 64.0231
72.9853 66.16
72.1276 47.76
2
97.4282 55.8006
0 0 0.0232894 -0.999729
3
119.919 45.5321
120.777 63.9321
74.937 66.069
74.0792 47.669
2
99.3798 55.7096
0 0 0.0232894 -0.999729
3
121.871 45.4411
122.729 63.8411
76.8886 65.9781
76.0308 47.578
2
101.331 55.6186
0 0 0.0232894 -0.999729
3
123.823 45.3501
124.68 63.7502
78.8402 65.8871
77.9825 47.4871
2
103.283 55.5276
0 0 0.0232894 -0.999729
3
125.774 45.2592
126.632 63.6592
80.7918 65.7961
79.9341 47.3961
2
105.235 55.4366
0 0 0.0232894 -0.999729
3
127.726 45.1682
128.584 63.5682
82.7435 65.7051
81.8857 47.3051
2
107.186 55.3457
0 0 0.0232894 -0.999729
3
129.678 45.0772
130.535 63.4772
84.6951 65.6141
83.8374 47.2141
2
109.138 55.2547
0 0 0.0232894 -0.999729
3
131.629 44.9862
132.487 63.3862
86.6467 65.5232
85.789 47.1231
2
111.09 55.1637
0 0 0.0232894 -0.999729
3
133.581 44.8952
134.439 63.2953
88.5984 65.4322
87.7406 47.0322
2
113.041 55.0727
0 0 0.0232894 -0.999729
3
135.532 44.8043
136.39 63.2043
90.55 65.3412
89.6922 46.9412
2
114.993 54.9817
0 0 0.0232894 -0.999729
3
137.484 44.7133
138.342 63.1133
92.5016 65.2502
91.6439 46.8502
2
116.944 54.8908
0 0 0.0232894 -0.999729
3
139.436 44.6223
140.293 63.0223
94.4532 65.1592
93.5955 46.7592
2
118.896 54.7998
0 0 0.0232894 -0.999729
3
141.387 44.5313
142.245 62.9313
96.4049 65.0682
95.5471 46.6682
2
120.848 54.7088
0 0 0.0232894 -0.999729
3
143.339 44.4403
144.197 62.8403
98.3565 64.9773
97.4988 46.5773
2
122.799 54.6178
0 0 0.0232894 -0.999729
3
145.291 44.3493
146.148 62.7494
100.308 64.8863
99.4504 46.4863
2
124.751 54.5268
0 0 0.0232894 -0.999729
3
147.242 44.2584
148.1 62.6584
102.26 64.7953
101.402 46.3953
2
126.703 54.4359
0 0 0.0232894 -0.999729
3
149.194 44.1674
150.052 62.5674
104.211 64.7043
103.354 46.3043
2
128.654 54.3449
0 0 0.0232894 -0.999729
3
151.145 44.0764
152.003 62.4764
106.163 64.6133
105.305 46.2133
2
130.606 54.2539
0 0 0.0232894 -0.999729
3
153.097 43.9854
153.955 62.3854
108.115 64.5224
107.257 46.1223
2
132.558 54.1629
0 0 0.0232894 -0.999729
3
155.049 43.8944
155.907 62.2945
110.066 64.4314
109.209 46.0314
2
134.509 54.0719
0 0 0.0232894 -0.999729
3
157 43.8035
157.858 62.2035
112.018 64.3404
111.16 45.9404
2
136.461 53.981
0 0 0.0232894 -0.999729
3
158.952 43.7125
159.81 62.1125
113.97 64.2494
113.112 45.8494
2
138.412 53.89
0 0 0.0232894 -0.999729
3
160.904 43.6215
161.761 62.0215
115.921 64.1584
115.063 45.7584
2
140.364 53.799
0 0 0.0232894 -0.999729
3
162.855 43.5305
163.713 61.9305
117.873 64.0675
117.015 45.6674
2
142.316 53.708
0 0 0.0232894 -0.999729
3
164.807 43.4395
165.665 61.8396
119.824 63.9765
118.967 45.5765
2
144.267 53.617
0 0 0.0232894 -0.999729
3
166.759 43.3486
167.616 61.7486
121.776 63.8855
120.918 45.4855
2
146.219 53.5261
0 0 0.0232894 -0.999729
3
168.71 43.2576
169.568 61.6576
123.728 63.7945
122.87 45.3945
2
148.171 53.4351
0 0 0.0232894 -0.999729
3
170.662 43.1666
171.52 61.5666
125.679 63.7035
124.822 45.3035
2
150.122 53.3441
0 0 0.0232894 -0.999729
3
172.613 43.0756
173.471 61.4756
127.631 63.6126
126.773 45.2125
2
152.074 53.2531
0 0 0.0232894 -0.999729
3
174.565 42.9846
175.423 61.3847
129.583 63.5216
128.725 45.1216
2
154.025 53.1621
0 0 0.0232894 -0.999729
3
176.517 42.8937
177.374 61.2937
131.534 63.4306
130.676 45.0306
2
155.977 53.0711
0 0 0.0232894 -0.999729
3
178.468 42.8027
179.326 61.2027
133.486 63.3396
132.628 44.9396
2
157.929 52.9802
0 0 0.0232894 -0.999729
3
180.42 42.7117
181.278 61.1117
135.437 63.2486
134.58 44.8486
2
159.88 52.8892
0 0 0.0232894 -0.999729
3
182.372 42.6207
183.229 61.0207
137.389 63.1577
136.531 44.7576
2
161.832 52.7982
0 0 0.0232894 -0.999729
3
184.323 42.5297
185.181 60.9298
139.341 63.0667
138.483 44.6667
2
163.784 52.7072
0 0 0.0232894 -0.999729
3
186.275 42.4388
187.133 60.8388
141.292 62.9757
140.435 44.5757
2
165.735 52.6162
0 0 0.0232894 -0.999729
3
188.226 42.3478
189.084 60.7478
143.244 62.8847
142.386 44.4847
2
167.687 52.5253
0 0 0.0232894 -0.999729
3
190.178 42.2568
191.036 60.6568
145.196 62.7937
144.338 44.3937
2
169.638 52.4343
0 0 0.0232894 -0.999729
3
192.13 42.1658
192.987 60.5658
147.147 62.7028
146.29 44.3027
2
171.59 52.3433
0 0 0.0232894 -0.999729
3
194.081 42.0748
194.939 60.4749
149.099 62.6118
148.241 44.2118
2
173.476 51.4998
0 0 0.0542159 -0.998529
3
195.289 39.8596
197.283 58.1713
151.663 63.14
149.668 44.8282
2
175.306 50.5412
0 0 0.0850905 -0.996373
3
196.357 37.574
199.48 55.7272
154.255 63.5085
151.131 45.3552
2
177.073 49.4713
0 0 0.115884 -0.993263
3
197.281 35.2266
201.522 53.1519
156.864 63.716
152.624 45.7907
2
178.77 48.2941
0 0 0.146566 -0.989201
3
198.059 32.8265
203.4 50.4552
159.482 63.7617
154.14 46.1331
2
180.829 48.4589
0 0 0.115884 -0.993263
3
201.038 34.2142
205.278 52.1395
160.621 62.7036
156.38 44.7783
2
182.874 48.7508
0 0 0.0850905 -0.996373
3
203.925 35.7835
207.049 53.9368
161.823 61.7181
158.7 43.5648
2
184.897 49.1686
0 0 0.0542159 -0.998529
3
206.71 37.5284
208.705 55.8401
163.084 60.8088
161.09 42.497
2
186.891 49.7108
0 0 0.0232894 -0.999729
3
209.382 39.4423
210.24 57.8423
164.399 59.9792
163.542 41.5792
2
188.847 50.3752
0 0 0.00765945 0.999971
3
211.93 41.5178
211.648 59.9356
165.763 59.2326
166.045 40.8148
2
190.758 51.1594
0 0 0.038601 0.999255
3
214.345 43.7469
212.924 62.112
167.171 58.5718
168.592 40.2067
2
192.617 52.0603
0 0 0.0695055 0.997582
3
216.617 46.1211
214.063 64.3632
168.616 57.9994
171.171 39.7574
2
194.416 53.0744
0 0 0.100343 0.994953
3
218.738 48.6314
215.06 66.6805
170.094 57.5174
173.772 39.4684
2
196.15 54.198
0 0 0.131085 0.991371
3
220.7 51.2681
215.912 69.0551
171.6 57.1279
176.387 39.3409
2
197.81 55.4266
0 0 0.161702 0.98684
3
222.495 54.0211
216.616 71.4778
173.126 56.8322
179.005 39.3754
2
199.392 56.7556
0 0 0.192163 0.981363
3
224.116 56.8798
217.169 73.9395
174.668 56.6314
181.615 39.5718
2
200.888 58.1799
0 0 0.22244 0.974946
3
225.557 59.8334
217.568 76.4306
176.219 56.5265
184.208 39.9293
2
202.293 59.6941
0 0 0.252505 0.967596
3
226.813 62.8705
217.812 78.9416
177.774 56.5177
186.775 40.4466
2
203.602 61.2922
0 0 0.282327 0.959318
3
227.878 65.9794
217.9 81.4629
179.326 56.6051
189.304 41.1216
2
204.81 62.9683
0 0 0.311879 0.950122
3
228.749 69.1482
217.833 83.9849
180.87 56.7884
191.787 41.9517
2
205.911 64.7159
0 0 0.341132 0.940015
3
229.423 72.3649
217.609 86.4978
182.4 57.0668
194.213 42.9339
2
206.902 66.5282
0 0 0.370058 0.929008
3
229.896 75.6171
217.231 88.9921
183.909 57.4393
196.574 44.0643
2
207.78 68.3984
0 0 0.39863 0.917112
3
230.167 78.8923
216.698 91.4582
185.393 57.9045
198.861 45.3386
2
208.54 70.3193
0 0 0.42682 0.904336
3
230.234 82.178
216.015 93.8867
186.845 58.4606
201.065 46.7519
2
209.179 72.2835
0 0 0.454602 0.890695
3
230.099 85.4616
215.182 96.2682
188.259 59.1054
203.176 48.2989
2
210.919 73.3979
0 0 0.42682 0.904336
3
232.613 85.2566
218.394 96.9653
189.224 61.5392
203.444 49.8306
2
212.724 74.4026
0 0 0.39863 0.917112
3
235.11 84.8965
221.642 97.4624
190.337 63.9087
203.805 51.3428
2
214.587 75.2936
0 0 0.370058 0.929008
3
237.58 84.3825
224.915 97.7575
191.594 66.2047
204.259 52.8297
2
215.464 77.1638
0 0 0.39863 0.917112
3
237.851 87.6577
224.383 100.224
193.078 66.6699
206.546 54.104
2
216.224 79.0847
0 0 0.42682 0.904336
3
237.919 90.9435
223.699 102.652
194.529 67.226
208.749 55.5174
2
216.864 81.049
0 0 0.454602 0.890695
3
237.784 94.2271
222.867 105.034
195.944 67.8708
210.861 57.0643
2
217.381 83.049
0 0 0.481947 0.8762
3
237.445 97.496
221.888 107.359
197.316 68.602
212.873 58.7389
2
218.427 84.6991
0 0 0.481947 0.8762
3
238.491 99.1461
222.935 109.009
198.363 70.252
213.919 60.389
2
219.473 86.3491
0 0 0.481947 0.8762
3
239.538 100.796
223.981 110.659
199.409 71.9021
214.966 62.0391
2
220.519 87.9992
0 0 0.481947 0.8762
3
240.584 102.446
225.027 112.309
200.455 73.5522
216.012 63.6891
2
221.565 89.6493
0 0 0.481947 0.8762
3
241.63 104.096
226.073 113.959
201.501 75.2022
217.058 65.3392
2
222.612 91.2993
0 0 0.481947 0.8762
3
242.676 105.746
227.119 115.609
202.547 76.8523
218.104 66.9893
2
224.279 92.5192
0 0 0.454602 0.890695
3
245.198 105.697
230.281 116.504
203.359 79.3411
218.276 68.5345
2
226.018 93.6336
0 0 0.42682 0.904336
3
247.713 105.492
233.493 117.201
204.323 81.7748
218.543 70.0662
2
227.823 94.6382
0 0 0.39863 0.917112
3
250.21 105.132
236.742 117.698
205.436 84.1443
218.904 71.5784
2
228.583 96.5591
0 0 0.42682 0.904336
3
250.278 108.418
236.058 120.126
206.888 84.7004
221.108 72.9917
2
229.222 98.5233
0 0 0.454602 0.890695
3
250.142 111.701
235.225 122.508
208.303 85.3452
223.22 74.5387
2
229.739 100.523
0 0 0.481947 0.8762
3
249.804 114.97
234.247 124.833
209.675 86.0763
225.232 76.2133
2
230.132 102.552
0 0 0.508832 0.860866
3
249.264 118.212
233.127 127.094
210.999 86.8909
227.136 78.0092
2
230.397 104.6
0 0 0.535228 0.844707
3
248.524 121.414
231.868 129.281
212.271 87.7859
228.926 79.9194
2
231.232 106.367
0 0 0.535228 0.844707
3
249.359 123.181
232.703 131.047
213.105 89.5525
229.761 81.6861
2
232.066 108.133
0 0 0.535228 0.844707
3
250.193 124.947
233.537 132.814
213.939 91.3192
230.595 83.4527
2
232.901 109.9
0 0 0.535228 0.844707
3
251.027 126.714
234.372 134.581
214.774 93.0858
231.429 85.2193
2
233.735 111.667
0 0 0.535228 0.844707
3
251.862 128.481
235.206 136.347
215.608 94.8524
232.264 86.9859
2
234.569 113.433
0 0 0.535228 0.844707
3
252.696 130.247
236.04 138.114
216.442 96.619
233.098 88.7526
2
235.404 115.2
0 0 0.535228 0.844707
3
253.53 132.014
236.875 139.88
217.277 98.3857
233.933 90.5192
2
236.238 116.966
0 0 0.535228 0.844707
3
254.365 133.781
237.709 141.647
218.111 100.152
234.767 92.2858
2
237.072 118.733
0 0 0.535228 0.844707
3
255.199 135.547
238.543 143.414
218.946 101.919
235.601 94.0524
2
237.211 120.794
0 0 0.561112 0.82774
3
254.263 138.697
237.152 145.518
220.159 102.891
237.27 96.0698
2
237.222 122.86
0 0 0.586459 0.809979
3
253.134 141.784
235.634 147.533
221.31 103.936
238.81 98.1865
2
237.105 124.922
0 0 0.611244 0.791442
3
251.816 144.794
233.994 149.45
222.394 105.05
240.216 100.394
2
236.861 126.974
0 0 0.635443 0.772148
3
250.314 147.717
232.238 151.262
223.408 106.23
241.484 102.685
2
237.237 128.891
0 0 0.635443 0.772148
3
250.69 149.635
232.614 153.179
223.784 108.147
241.859 104.602
2
237.613 130.808
0 0 0.635443 0.772148
3
251.066 151.552
232.99 155.096
224.16 110.064
242.235 106.52
2
237.989 132.725
0 0 0.635443 0.772148
3
251.442 153.469
233.366 157.014
224.536 111.981
242.611 108.437
2
238.365 134.642
0 0 0.635443 0.772148
3
251.818 155.386
233.742 158.931
224.912 113.898
242.987 110.354
2
238.741 136.56
0 0 0.635443 0.772148
3
252.194 157.304
234.118 160.848
225.287 115.816
243.363 112.271
2
239.116 138.477
0 0 0.635443 0.772148
3
252.57 159.221
234.494 162.765
225.663 117.733
243.739 114.188
2
239.492 140.394
0 0 0.635443 0.772148
3
252.945 161.138
234.87 164.683
226.039 119.65
244.115 116.106
2
239.868 142.311
0 0 0.635443 0.772148
3
253.321 163.055
235.246 166.6
226.415 121.567
244.491 118.023
2
240.244 144.229
0 0 0.635443 0.772148
3
253.697 164.973
235.622 168.517
226.791 123.485
244.867 119.94
2
240.62 146.146
0 0 0.635443 0.772148
3
254.073 166.89
235.998 170.434
227.167 125.402
245.243 121.857
2
240.996 148.063
0 0 0.635443 0.772148
3
254.449 168.807
236.374 172.352
227.543 127.319
245.619 123.775
2
241.372 149.98
0 0 0.635443 0.772148
3
254.825 170.724
236.749 174.269
227.919 129.236
245.995 125.692
2
241.748 151.898
0 0 0.635443 0.772148
3
255.201 172.642
237.125 176.186
228.295 131.154
246.371 127.609
2
242.124 153.815
0 0 0.635443 0.772148
3
255.577 174.559
237.501 178.103
228.671 133.071
246.747 129.526
2
242.5 155.732
0 0 0.635443 0.772148
3
255.953 176.476
237.877 180.02
229.047 134.988
247.123 131.444
2
242.876 157.649
0 0 0.635443 0.772148
3
256.329 178.393
238.253 181.938
229.423 136.905
247.499 133.361
2
243.252 159.567
0 0 0.635443 0.772148
3
256.705 180.31
238.629 183.855
229.799 138.823
247.875 135.278
2
243.628 161.484
0 0 0.635443 0.772148
3
257.081 182.228
239.005 185.772
230.175 140.74
248.251 137.195
2
244.004 163.401
0 0 0.635443 0.772148
3
257.457 184.145
239.381 187.689
230.551 142.657
248.626 139.113
2
244.38 165.318
0 0 0.635443 0.772148
3
257.833 186.062
239.757 189.607
230.927 144.574
249.002 141.03
2
244.756 167.235
0 0 0.635443 0.772148
3
258.209 187.979
240.133 191.524
231.303 146.491
249.378 142.947
2
244.385 169.268
0 0 0.659034 0.752113
3
256.529 190.804
238.269 193.224
232.241 147.731
250.501 145.312
2
243.889 171.273
0 0 0.681993 0.731359
3
254.678 193.52
236.303 194.805
233.101 149.027
251.476 147.741
2
243.271 173.244
0 0 0.704299 0.709903
3
252.662 196.115
234.243 196.261
233.879 150.373
252.298 150.227
2
242.531 175.173
0 0 0.72593 0.687768
3
250.49 198.581
232.097 197.587
234.572 151.764
252.965 152.758
2
242.426 177.124
0 0 0.72593 0.687768
3
250.384 200.532
231.991 199.538
234.467 153.715
252.86 154.709
2
242.32 179.075
0 0 0.72593 0.687768
3
250.279 202.483
231.886 201.489
234.361 155.666
252.755 156.66
2
242.215 181.025
0 0 0.72593 0.687768
3
250.173 204.434
231.78 203.44
234.256 157.617
252.649 158.611
2
242.109 182.976
0 0 0.72593 0.687768
3
250.068 206.385
231.675 205.391
234.151 159.568
252.544 160.562
2
242.004 184.927
0 0 0.72593 0.687768
3
249.963 208.336
231.569 207.342
234.045 161.519
252.438 162.513
2
241.899 186.878
0 0 0.72593 0.687768
3
249.857 210.287
231.464 209.293
233.94 163.47
252.333 164.463
2
241.793 188.829
0 0 0.72593 0.687768
3
249.752 212.237
231.359 211.244
233.834 165.421
252.228 166.414
2
241.688 190.78
0 0 0.72593 0.687768
3
249.646 214.188
231.253 213.195
233.729 167.371
252.122 168.365
2
241.582 192.731
0 0 0.72593 0.687768
3
249.541 216.139
231.148 215.146
233.624 169.322
252.017 170.316
2
241.477 194.682
0 0 0.72593 0.687768
3
249.436 218.09
231.042 217.096
233.518 171.273
251.911 172.267
2
241.371 196.633
0 0 0.72593 0.687768
3
249.33 220.041
230.937 219.047
233.413 173.224
251.806 174.218
2
241.266 198.584
0 0 0.72593 0.687768
3
249.225 221.992
230.832 220.998
233.307 175.175
251.701 176.169
2
241.161 200.534
0 0 0.72593 0.687768
3
249.119 223.943
230.726 222.949
233.202 177.126
251.595 178.12
2
241.055 202.485
0 0 0.72593 0.687768
3
249.014 225.894
230.621 224.9
233.097 179.077
251.49 180.071
2
240.95 204.436
0 0 0.72593 0.687768
3
248.909 227.845
230.515 226.851
232.991 181.028
251.384 182.021
2
240.844 206.387
0 0 0.72593 0.687768
3
248.803 229.796
230.41 228.802
232.886 182.979
251.279 183.972
2
240.739 208.338
0 0 0.72593 0.687768
3
248.698 231.746
230.305 230.753
232.78 184.93
251.174 185.923
2
240.634 210.289
0 0 0.72593 0.687768
3
248.592 233.697
230.199 232.704
232.675 186.88
251.068 187.874
2
240.528 212.24
0 0 0.72593 0.687768
3
248.487 235.648
230.094 234.654
232.57 188.831
250.963 189.825
2
240.423 214.191
0 0 0.72593 0.687768
3
248.382 237.599
229.988 236.605
232.464 190.782
250.857 191.776
2
240.317 216.142
0 0 0.72593 0.687768
3
248.276 239.55
229.883 238.556
232.359 192.733
250.752 193.727
2
240.212 218.092
0 0 0.72593 0.687768
3
248.171 241.501
229.778 240.507
232.253 194.684
250.646 195.678
2
240.107 220.043
0 0 0.72593 0.687768
3
248.065 243.452
229.672 242.458
232.148 196.635
250.541 197.629
2
240.001 221.994
0 0 0.72593 0.687768
3
247.96 245.403
229.567 244.409
232.042 198.586
250.436 199.58
2
239.896 223.945
0 0 0.72593 0.687768
3
247.854 247.354
229.461 246.36
231.937 200.537
250.33 201.53
2
239.79 225.896
0 0 0.72593 0.687768
3
247.749 249.305
229.356 248.311
231.832 202.488
250.225 203.481
2
239.685 227.847
0 0 0.72593 0.687768
3
247.644 251.255
229.25 250.262
231.726 204.439
250.119 205.432
2
239.58 229.798
0 0 0.72593 0.687768
3
247.538 253.206
229.145 252.213
231.621 206.389
250.014 207.383
2
239.474 231.749
0 0 0.72593 0.687768
3
247.433 255.157
229.04 254.163
231.515 208.34
249.909 209.334
2
239.369 233.7
0 0 0.72593 0.687768
3
247.327 257.108
228.934 256.114
231.41 210.291
249.803 211.285
2
239.263 235.651
0 0 0.72593 0.687768
3
247.222 259.059
228.829 258.065
231.305 212.242
249.698 213.236
2
239.158 237.601
0 0 0.72593 0.687768
3
247.117 261.01
228.723 260.016
231.199 214.193
249.592 215.187
2
239.053 239.552
0 0 0.72593 0.687768
3
247.011 262.961
228.618 261.967
231.094 216.144
249.487 217.138
2
238.947 241.503
0 0 0.72593 0.687768
3
246.906 264.912
228.513 263.918
230.988 218.095
249.382 219.089
2
238.842 243.454
0 0 0.72593 0.687768
3
246.8 266.863
228.407 265.869
230.883 220.046
249.276 221.039
2
238.736 245.405
0 0 0.72593 0.687768
3
246.695 268.814
228.302 267.82
230.778 221.997
249.171 222.99
2
238.631 247.356
0 0 0.72593 0.687768
3
246.59 270.764
228.196 269.771
230.672 223.947
249.065 224.941
2
238.525 249.307
0 0 0.72593 0.687768
3
246.484 272.715
228.091 271.722
230.567 225.898
248.96 226.892
2
239.175 251.268
0 0 0.704299 0.709903
3
248.567 274.139
230.148 274.285
229.784 228.396
248.203 228.25
2
239.191 253.221
0 0 0.704299 0.709903
3
248.582 276.093
230.163 276.239
229.799 230.35
248.219 230.204
2
239.206 255.175
0 0 0.704299 0.709903
3
248.598 278.046
230.179 278.192
229.815 232.304
248.234 232.158
2
239.222 257.129
0 0 0.704299 0.709903
3
248.613 280
230.194 280.146
229.83 234.257
248.25 234.111
2
239.237 259.082
0 0 0.704299 0.709903
3
248.629 281.954
230.21 282.1
229.846 236.211
248.265 236.065
2
239.253 261.036
0 0 0.704299 0.709903
3
248.644 283.907
230.225 284.053
229.861 238.165
248.281 238.019
2
239.268 262.99
0 0 0.704299 0.709903
3
248.66 285.861
230.241 286.007
229.877 240.119
248.296 239.973
2
239.284 264.943
0 0 0.704299 0.709903
3
248.675 287.815
230.256 287.961
229.892 242.072
248.312 241.926
2
239.299 266.897
0 0 0.704299 0.709903
3
248.691 289.768
230.271 289.914
229.908 244.026
248.327 243.88
2
239.315 268.851
0 0 0.704299 0.709903
3
248.706 291.722
230.287 291.868
229.923 245.98
248.343 245.834
2
239.33 270.805
0 0 0.704299 0.709903
3
248.722 293.676
230.302 293.822
229.939 247.933
248.358 247.787
2
239.346 272.758
0 0 0.704299 0.709903
3
248.737 295.63
230.318 295.776
229.954 249.887
248.374 249.741
2
239.361 274.712
0 0 0.704299 0.709903
3
248.753 297.583
230.333 297.729
229.97 251.841
248.389 251.695
2
239.377 276.666
0 0 0.704299 0.709903
3
248.768 299.537
230.349 299.683
229.985 253.794
248.405 253.648
2
239.392 278.619
0 0 0.704299 0.709903
3
248.784 301.491
230.364 301.637
230.001 255.748
248.42 255.602
2
239.408 280.573
0 0 0.704299 0.709903
3
248.799 303.444
230.38 303.59
230.016 257.702
248.436 257.556
2
239.423 282.527
0 0 0.704299 0.709903
3
248.815 305.398
230.395 305.544
230.032 259.655
248.451 259.509
2
239.439 284.48
0 0 0.704299 0.709903
3
248.83 307.352
230.411 307.498
230.047 261.609
248.467 261.463
2
239.454 286.434
0 0 0.704299 0.709903
3
248.846 309.305
230.426 309.451
230.063 263.563
248.482 263.417
2
239.47 288.388
0 0 0.704299 0.709903
3
248.861 311.259
230.442 311.405
230.078 265.516
248.498 265.37
2
239.485 290.341
0 0 0.704299 0.709903
3
248.877 313.213
230.457 313.359
230.094 267.47
248.513 267.324
2
239.501 292.295
0 0 0.704299 0.709903
3
248.892 315.166
230.473 315.312
230.109 269.424
248.529 269.278
2
239.516 294.249
0 0 0.704299 0.709903
3
248.908 317.12
230.488 317.266
230.125 271.377
248.544 271.231
2
239.532 296.202
0 0 0.704299 0.709903
3
248.923 319.074
230.504 319.22
230.14 273.331
248.56 273.185
2
240.302 298.119
0 0 0.681993 0.731359
3
251.09 320.366
232.715 321.651
229.513 275.873
247.888 274.587
2
241.189 299.985
0 0 0.659034 0.752113
3
253.333 321.521
235.072 323.941
229.045 278.448
247.305 276.029
2
242.19 301.792
0 0 0.635443 0.772148
3
255.643 322.536
237.567 326.08
228.737 281.048
246.812 277.503
2
243.3 303.534
0 0 0.611244 0.791442
3
258.011 323.405
240.189 328.061
228.59 283.662
246.412 279.006
2
244.517 305.203
0 0 0.586459 0.809979
3
260.428 324.127
242.929 329.877
228.605 286.279
246.105 280.53
2
245.834 306.794
0 0 0.561112 0.82774
3
262.886 324.698
245.775 331.519
228.782 288.891
245.893 282.07
2
247.247 308.301
0 0 0.535228 0.844707
3
265.374 325.115
248.718 332.982
229.12 291.487
245.776 283.62
2
248.751 309.717
0 0 0.508832 0.860866
3
267.883 325.378
251.746 334.26
229.619 294.057
245.756 285.175
2
250.339 311.038
0 0 0.481947 0.8762
3
270.404 325.485
254.847 335.348
230.275 296.591
245.832 286.728
2
252.006 312.258
0 0 0.454602 0.890695
3
272.926 325.436
258.009 336.243
231.087 299.08
246.004 288.273
2
253.746 313.372
0 0 0.42682 0.904336
3
275.441 325.231
261.221 336.94
232.051 301.514
246.271 289.805
2
255.551 314.377
0 0 0.39863 0.917112
3
277.938 324.871
264.469 337.437
233.164 303.883
246.632 291.317
2
257.414 315.268
0 0 0.370058 0.929008
3
280.408 324.357
267.743 337.732
234.421 306.179
247.086 292.804
2
258.833 316.611
0 0 0.370058 0.929008
3
281.826 325.7
269.161 339.075
235.84 307.523
248.505 294.147
2
259.71 318.482
0 0 0.39863 0.917112
3
282.097 328.976
268.629 341.541
237.323 307.988
250.792 295.422
2
261.574 319.373
0 0 0.370058 0.929008
3
284.567 328.462
271.902 341.837
238.581 310.284
251.246 296.909
2
262.993 320.716
0 0 0.370058 0.929008
3
285.986 329.805
273.321 343.18
239.999 311.627
252.664 298.252
2
264.411 322.059
0 0 0.370058 0.929008
3
287.404 331.148
274.739 344.523
241.418 312.97
254.083 299.595
2
265.83 323.403
0 0 0.370058 0.929008
3
288.823 332.492
276.158 345.867
242.837 314.314
255.502 300.939
2
266.707 325.273
0 0 0.39863 0.917112
3
289.094 335.767
275.626 348.333
244.32 314.779
257.788 302.213
2
268.571 326.164
0 0 0.370058 0.929008
3
291.564 335.253
278.899 348.628
245.578 317.075
258.243 303.7
2
270.486 326.938
0 0 0.341132 0.940015
3
293.997 334.587
282.184 348.72
246.975 319.289
258.788 305.156
2
272.445 327.592
0 0 0.311879 0.950122
3
296.385 333.772
285.469 348.609
248.506 321.412
259.422 306.576
2
274.442 328.124
0 0 0.282327 0.959318
3
298.718 332.811
288.74 348.294
250.166 323.437
260.143 307.953
2
276.467 328.531
0 0 0.252505 0.967596
3
300.986 331.707
291.986 347.778
251.947 325.355
260.948 309.283
2
278.513 328.812
0 0 0.22244 0.974946
3
303.182 330.465
295.193 347.063
253.844 327.159
261.834 310.561
2
280.573 328.966
0 0 0.192163 0.981363
3
305.297 329.09
298.35 346.15
255.849 328.842
262.797 311.782
2
282.639 328.992
0 0 0.161702 0.98684
3
307.323 327.587
301.445 345.043
257.954 330.398
263.833 312.941
2
284.702 328.89
0 0 0.131085 0.991371
3
309.252 325.961
304.465 343.748
260.152 331.82
264.939 314.033
2
286.589 329.398
0 0 0.131085 0.991371
3
311.139 326.468
306.351 344.255
262.039 332.328
266.826 314.541
2
288.642 329.169
0 0 0.100343 0.994953
3
312.964 324.726
309.286 342.775
264.32 333.612
267.998 315.563
2
290.677 328.813
0 0 0.0695055 0.997582
3
314.677 322.874
312.123 341.116
266.676 334.753
269.231 316.511
2
292.686 328.333
0 0 0.0386009 0.999255
3
316.273 320.92
314.852 339.285
269.098 335.745
270.519 317.38
2
294.545 329.234
0 0 0.0695055 0.997582
3
318.545 323.294
315.991 341.536
270.544 335.173
273.098 316.931
2
296.479 329.504
0 0 0.0695055 0.997582
3
320.48 323.565
317.926 341.807
272.479 335.444
275.033 317.202
2
298.414 329.775
0 0 0.0695055 0.997582
3
322.415 323.836
319.86 342.078
274.414 335.715
276.968 317.472
2
300.349 330.046
0 0 0.0695055 0.997582
3
324.35 324.107
321.795 342.349
276.349 335.985
278.903 317.743
2
302.284 330.317
0 0 0.0695055 0.997582
3
326.285 324.378
323.73 342.62
278.284 336.256
280.838 318.014
2
304.219 330.588
0 0 0.0695055 0.997582
3
328.219 324.649
325.665 342.891
280.218 336.527
282.773 318.285
2
306.154 330.859
0 0 0.0695055 0.997582
3
330.154 324.92
327.6 343.162
282.153 336.798
284.708 318.556
2
308.089 331.13
0 0 0.0695055 0.997582
3
332.089 325.191
329.535 343.433
284.088 337.069
286.643 318.827
2
310.024 331.401
0 0 0.0695055 0.997582
3
334.024 325.462
331.47 343.704
286.023 337.34
288.577 319.098
2
311.958 331.672
0 0 0.0695055 0.997582
3
335.959 325.733
333.405 343.975
287.958 337.611
290.512 319.369
2
313.893 331.943
0 0 0.0695055 0.997582
3
337.894 326.004
335.339 344.246
289.893 337.882
292.447 319.64
2
315.828 332.214
0 0 0.0695055 0.997582
3
339.829 326.275
337.274 344.517
291.828 338.153
294.382 319.911
2
317.628 333.228
0 0 0.100343 0.994953
3
341.95 328.785
338.272 346.834
293.306 337.671
296.984 319.622
2
319.361 334.352
0 0 0.131085 0.991371
3
343.911 331.422
339.124 349.209
294.811 337.281
299.599 319.494
2
321.022 335.58
0 0 0.161702 0.98684
3
345.706 334.175
339.828 351.631
296.337 336.986
302.216 319.529
2
322.603 336.909
0 0 0.192163 0.981363
3
347.327 337.033
340.38 354.093
297.879 336.785
304.827 319.725
2
324.1 338.333
0 0 0.22244 0.974946
3
348.769 339.987
340.779 356.584
299.43 336.68
307.42 320.083
2
326.16 338.487
0 0 0.192163 0.981363
3
350.884 338.612
343.936 355.671
301.435 338.363
308.383 321.304
2
328.225 338.514
0 0 0.161702 0.98684
3
352.91 337.108
347.031 354.565
303.541 339.919
309.419 322.462
2
330.288 338.412
0 0 0.131085 0.991371
3
354.839 335.482
350.051 353.269
305.738 341.342
310.526 323.555
2
332.341 338.183
0 0 0.100343 0.994953
3
356.663 333.74
352.985 351.789
308.019 342.626
311.697 324.577
2
334.376 337.827
0 0 0.0695055 0.997582
3
358.377 331.888
355.822 350.13
310.376 343.766
312.93 325.524
2
336.385 337.346
0 0 0.0386009 0.999255
3
359.972 329.934
358.551 348.299
312.798 344.759
314.219 326.394
2
338.361 336.742
0 0 0.00765943 0.999971
3
361.444 327.885
361.162 346.303
315.277 345.6
315.559 327.182
2
340.295 336.017
0 0 0.0232894 -0.999729
3
362.786 325.748
363.644 344.148
317.804 346.285
316.946 327.885
2
342.246 335.926
0 0 0.0232894 -0.999729
3
364.738 325.657
365.595 344.057
319.755 346.194
318.897 327.794
2
344.198 335.835
0 0 0.0232894 -0.999729
3
366.689 325.566
367.547 343.966
321.707 346.103
320.849 327.703
2
346.15 335.744
0 0 0.0232894 -0.999729
3
368.641 325.475
369.499 343.875
323.658 346.012
322.801 327.612
2
348.101 335.653
0 0 0.0232894 -0.999729
3
370.593 325.384
371.45 343.785
325.61 345.921
324.752 327.521
2
350.053 335.562
0 0 0.0232894 -0.999729
3
372.544 325.294
373.402 343.694
327.562 345.83
326.704 327.43
2
352.005 335.471
0 0 0.0232894 -0.999729
3
374.496 325.203
375.354 343.603
329.513 345.739
328.656 327.339
2
353.956 335.38
0 0 0.0232894 -0.999729
3
376.447 325.112
377.305 343.512
331.465 345.649
330.607 327.248
2
355.908 335.289
0 0 0.0232894 -0.999729
3
378.399 325.021
379.257 343.421
333.417 345.558
332.559 327.158
2
357.859 335.198
0 0 0.0232894 -0.999729
3
380.351 324.93
381.208 343.33
335.368 345.467
334.51 327.067
2
359.811 335.107
0 0 0.0232894 -0.999729
3
382.302 324.839
383.16 343.239
337.32 345.376
336.462 326.976
2
361.763 335.016
0 0 0.0232894 -0.999729
3
384.254 324.748
385.112 343.148
339.271 345.285
338.414 326.885
2
363.714 334.925
0 0 0.0232894 -0.999729
3
386.206 324.657
387.063 343.057
341.223 345.194
340.365 326.794
2
365.666 334.834
0 0 0.0232894 -0.999729
3
388.157 324.566
389.015 342.966
343.175 345.103
342.317 326.703
2
367.618 334.743
0 0 0.0232894 -0.999729
3
390.109 324.475
390.967 342.875
345.126 345.012
344.269 326.612
2
369.569 334.652
0 0 0.0232894 -0.999729
3
392.06 324.384
392.918 342.784
347.078 344.921
346.22 326.521
2
371.521 334.561
0 0 0.0232894 -0.999729
3
394.012 324.293
394.87 342.693
349.03 344.83
348.172 326.43
2
373.472 334.47
0 0 0.0232894 -0.999729
3
395.964 324.202
396.821 342.602
350.981 344.739
350.123 326.339
2
375.424 334.379
0 0 0.0232894 -0.999729
3
397.915 324.111
398.773 342.511
352.933 344.648
352.075 326.248
2
377.376 334.288
0 0 0.0232894 -0.999729
3
399.867 324.02
400.725 342.42
354.884 344.557
354.027 326.157
2
379.327 334.197
0 0 0.0232894 -0.999729
3
401.819 323.929
402.676 342.329
356.836 344.466
355.978 326.066
2
381.279 334.106
0 0 0.0232894 -0.999729
3
403.77 323.838
404.628 342.238
358.788 344.375
357.93 325.975
2
383.231 334.015
0 0 0.0232894 -0.999729
3
405.722 323.747
406.58 342.147
360.739 344.284
359.882 325.884
2
385.182 333.924
0 0 0.0232894 -0.999729
3
407.673 323.656
408.531 342.056
362.691 344.193
361.833 325.793
2
387.134 333.833
0 0 0.0232894 -0.999729
3
409.625 323.565
410.483 341.965
364.643 344.102
363.785 325.702
2
389.086 333.743
0 0 0.0232894 -0.999729
3
411.577 323.474
412.434 341.874
366.594 344.011
365.737 325.611
2
391.037 333.652
0 0 0.0232894 -0.999729
3
413.528 323.383
414.386 341.783
368.546 343.92
367.688 325.52
2
392.989 333.561
0 0 0.0232894 -0.999729
3
415.48 323.292
416.338 341.692
370.498 343.829
369.64 325.429
2
394.94 333.47
0 0 0.0232894 -0.999729
3
417.432 323.201
418.289 341.601
372.449 343.738
371.591 325.338
2
396.892 333.379
0 0 0.0232894 -0.999729
3
419.383 323.11
420.241 341.51
374.401 343.647
373.543 325.247
2
398.844 333.288
0 0 0.0232894 -0.999729
3
421.335 323.019
422.193 341.419
376.352 343.556
375.495 325.156
2
400.795 333.197
0 0 0.0232894 -0.999729
3
423.287 322.928
424.144 341.328
378.304 343.465
377.446 325.065
2
402.747 333.106
0 0 0.0232894 -0.999729
3
425.238 322.837
426.096 341.237
380.256 343.374
379.398 324.974
2
404.699 333.015
0 0 0.0232894 -0.999729
3
427.19 322.746
428.048 341.146
382.207 343.283
381.35 324.883
2
406.65 332.924
0 0 0.0232894 -0.999729
3
429.141 322.655
429.999 341.055
384.159 343.192
383.301 324.792
2
408.602 332.833
0 0 0.0232894 -0.999729
3
431.093 322.564
431.951 340.964
386.111 343.101
385.253 324.701
2
410.553 332.742
0 0 0.0232894 -0.999729
3
433.045 322.473
433.902 340.873
388.062 343.01
387.204 324.61
2
412.505 332.651
0 0 0.0232894 -0.999729
3
434.996 322.382
435.854 340.782
390.014 342.919
389.156 324.519
2
414.457 332.56
0 0 0.0232894 -0.999729
3
436.948 322.291
437.806 340.691
391.965 342.828
391.108 324.428
2
416.408 332.469
0 0 0.0232894 -0.999729
3
438.9 322.2
439.757 340.6
393.917 342.737
393.059 324.337
2
418.36 332.378
0 0 0.0232894 -0.999729
3
440.851 322.109
441.709 340.509
395.869 342.646
395.011 324.246
2
420.312 332.287
0 0 0.0232894 -0.999729
3
442.803 322.018
443.661 340.419
397.82 342.555
396.963 324.155
2
422.263 332.196
0 0 0.0232894 -0.999729
3
444.754 321.928
445.612 340.328
399.772 342.464
398.914 324.064
2
424.215 332.105
0 0 0.0232894 -0.999729
3
446.706 321.837
447.564 340.237
401.724 342.373
400.866 323.973
2
426.1 331.262
0 0 0.0542159 -0.998529
3
447.913 319.621
449.908 337.933
404.288 342.902
402.293 324.59
2
427.93 330.303
0 0 0.0850905 -0.996373
3
448.981 317.336
452.105 335.489
406.879 343.27
403.756 325.117
2
429.697 329.233
0 0 0.115884 -0.993263
3
449.906 314.988
454.146 332.914
409.489 343.478
405.249 325.552
2
431.395 328.056
0 0 0.146566 -0.989201
3
450.684 312.588
456.025 330.217
412.106 343.523
406.765 325.895
2
433.016 326.776
0 0 0.177107 -0.984192
3
451.311 310.145
457.733 327.409
414.722 343.407
408.3 326.143
2
434.556 325.398
0 0 0.207479 -0.978239
3
451.786 307.667
459.264 324.501
417.325 343.129
409.847 326.295
2
436.007 323.928
0 0 0.237653 -0.97135
3
452.108 305.165
460.612 321.504
419.905 342.691
411.401 326.351
2
437.364 322.37
0 0 0.267598 -0.963531
3
452.273 302.647
461.772 318.429
422.454 342.094
412.955 326.312
2
438.622 320.732
0 0 0.297288 -0.954788
3
452.283 300.124
462.74 315.288
424.961 341.34
414.504 326.176
2
439.776 319.019
0 0 0.326692 -0.945131
3
452.136 297.606
463.511 312.094
427.417 340.432
416.042 325.944
2
440.823 317.238
0 0 0.355784 -0.934568
3
451.834 295.101
464.084 308.858
429.811 339.375
417.562 325.618
2
441.757 315.395
0 0 0.384535 -0.923111
3
451.378 292.62
464.455 305.592
432.136 338.171
419.059 325.199
2
442.575 313.499
0 0 0.412917 -0.910769
3
450.769 290.171
464.623 302.31
434.382 336.826
420.527 324.687
2
443.863 312.029
0 0 0.412917 -0.910769
3
452.056 288.702
465.911 300.841
435.669 335.357
421.815 323.218
2
445.15 310.56
0 0 0.412917 -0.910769
3
453.344 287.232
467.198 299.371
436.957 333.887
423.102 321.748
2
446.438 309.09
0 0 0.412917 -0.910769
3
454.631 285.763
468.486 297.902
438.244 332.418
424.39 320.279
2
447.725 307.621
0 0 0.412917 -0.910769
3
455.919 284.293
469.773 296.432
439.532 330.948
425.677 318.809
2
449.013 306.151
0 0 0.412917 -0.910769
3
457.206 282.824
471.061 294.963
440.819 329.479
426.965 317.34
2
450.3 304.682
0 0 0.412917 -0.910769
3
458.494 281.354
472.348 293.493
442.107 328.009
428.252 315.87
2
451.588 303.212
0 0 0.412917 -0.910769
3
459.781 279.885
473.636 292.024
443.394 326.539
429.54 314.401
2
452.875 301.743
0 0 0.412917 -0.910769
3
461.069 278.415
474.923 290.554
444.682 325.07
430.827 312.931
2
454.163 300.273
0 0 0.412917 -0.910769
3
462.356 276.946
476.211 289.085
445.969 323.6
432.115 311.462
2
455.45 298.804
0 0 0.412917 -0.910769
3
463.644 275.476
477.498 287.615
447.257 322.131
433.402 309.992
2
456.738 297.334
0 0 0.412917 -0.910769
3
464.931 274.007
478.786 286.146
448.544 320.661
434.69 308.523
2
458.025 295.865
0 0 0.412917 -0.910769
3
466.219 272.537
480.073 284.676
449.832 319.192
435.977 307.053
2
459.313 294.395
0 0 0.412917 -0.910769
3
467.506 271.068
481.361 283.207
451.119 317.722
437.265 305.584
2
460.6 292.926
0 0 0.412917 -0.910769
3
468.794 269.598
482.648 281.737
452.407 316.253
438.552 304.114
2
461.888 291.456
0 0 0.412917 -0.910769
3
470.081 268.129
483.936 280.267
453.694 314.783
439.84 302.645
2
463.175 289.987
0 0 0.412917 -0.910769
3
471.369 266.659
485.223 278.798
454.982 313.314
441.127 301.175
2
464.463 288.517
0 0 0.412917 -0.910769
3
472.656 265.19
486.511 277.328
456.269 311.844
442.415 299.706
2
465.75 287.048
0 0 0.412917 -0.910769
3
473.944 263.72
487.798 275.859
457.557 310.375
443.702 298.236
2
467.038 285.578
0 0 0.412917 -0.910769
3
475.231 262.251
489.086 274.389
458.844 308.905
444.99 296.767
2
468.325 284.108
0 0 0.412917 -0.910769
3
476.519 260.781
490.373 272.92
460.132 307.436
446.277 295.297
2
469.613 282.639
0 0 0.412917 -0.910769
3
477.806 259.312
491.661 271.45
461.419 305.966
447.565 293.828
2
470.9 281.169
0 0 0.412917 -0.910769
3
479.094 257.842
492.948 269.981
462.707 304.497
448.852 292.358
2
472.188 279.7
0 0 0.412917 -0.910769
3
480.381 256.373
494.236 268.511
463.994 303.027
450.14 290.889
2
473.475 278.23
0 0 0.412917 -0.910769
3
481.669 254.903
495.523 267.042
465.282 301.558
451.427 289.419
2
474.763 276.761
0 0 0.412917 -0.910769
3
482.956 253.434
496.811 265.572
466.569 300.088
452.715 287.95
2
476.05 275.291
0 0 0.412917 -0.910769
3
484.244 251.964
498.098 264.103
467.857 298.619
454.003 286.48
2
477.338 273.822
0 0 0.412917 -0.910769
3
485.531 250.495
499.386 262.633
469.145 297.149
455.29 285.01
2
478.625 272.352
0 0 0.412917 -0.910769
3
486.819 249.025
500.673 261.164
470.432 295.68
456.578 283.541
2
479.913 270.883
0 0 0.412917 -0.910769
3
488.106 247.556
501.961 259.694
471.72 294.21
457.865 282.071
2
481.201 269.413
0 0 0.412917 -0.910769
3
489.394 246.086
503.248 258.225
473.007 292.741
459.153 280.602
2
482.488 267.944
0 0 0.412917 -0.910769
3
490.681 244.617
504.536 256.755
474.295 291.271
460.44 279.132
2
483.776 266.474
0 0 0.412917 -0.910769
3
491.969 243.147
505.823 255.286
475.582 289.802
461.728 277.663
2
485.063 265.005
0 0 0.412917 -0.910769
3
493.256 241.678
507.111 253.816
476.87 288.332
463.015 276.193
2
486.351 263.535
0 0 0.412917 -0.910769
3
494.544 240.208
508.398 252.347
478.157 286.863
464.303 274.724
2
487.638 262.066
0 0 0.412917 -0.910769
3
495.832 238.738
509.686 250.877
479.445 285.393
465.59 273.254
2
488.926 260.596
0 0 0.412917 -0.910769
3
497.119 237.269
510.974 249.408
480.732 283.924
466.878 271.785
2
490.213 259.127
0 0 0.412917 -0.910769
3
498.407 235.799
512.261 247.938
482.02 282.454
468.165 270.315
2
491.501 257.657
0 0 0.412917 -0.910769
3
499.694 234.33
513.549 246.469
483.307 280.985
469.453 268.846
2
492.788 256.188
0 0 0.412917 -0.910769
3
500.982 232.86
514.836 244.999
484.595 279.515
470.74 267.376
2
494.076 254.718
0 0 0.412917 -0.910769
3
502.269 231.391
516.124 243.53
485.882 278.046
472.028 265.907
2
495.91 253.769
0 0 0.384535 -0.923111
3
505.531 230.994
518.608 243.966
486.29 276.545
473.213 263.573
2
497.801 252.936
0 0 0.355784 -0.934568
3
508.812 230.799
521.061 244.556
486.789 275.073
474.54 261.316
2
499.739 252.221
0 0 0.326692 -0.945131
3
512.098 230.807
523.473 245.296
487.379 273.634
476.004 259.146
2
501.717 251.627
0 0 0.297288 -0.954788
3
515.378 231.019
525.835 246.183
488.056 272.235
477.599 257.071
2
503.729 251.157
0 0 0.267598 -0.963531
3
518.638 231.434
528.137 247.215
488.819 270.88
479.32 255.098
2
505.765 250.812
0 0 0.237653 -0.97135
3
521.866 232.049
530.371 248.388
489.664 269.575
481.16 253.236
2
507.82 250.594
0 0 0.207479 -0.978239
3
525.05 232.863
532.528 249.697
490.589 268.325
483.111 251.491
2
509.271 249.123
0 0 0.237653 -0.97135
3
525.372 230.36
533.876 246.699
493.169 267.886
484.665 251.547
2
510.628 247.566
0 0 0.267598 -0.963531
3
525.537 227.843
535.036 243.625
495.718 267.289
486.219 251.507
2
511.886 245.928
0 0 0.297288 -0.954788
3
525.547 225.32
536.004 240.484
498.225 266.535
487.768 251.371
2
513.04 244.215
0 0 0.326692 -0.945131
3
525.4 222.801
536.775 237.289
500.681 265.628
489.306 251.14
2
514.087 242.434
0 0 0.355784 -0.934568
3
525.098 220.297
537.348 234.053
503.075 264.57
490.826 250.814
2
516.025 241.718
0 0 0.326692 -0.945131
3
528.385 220.305
539.76 234.793
503.665 263.132
492.29 248.644
2
518.003 241.125
0 0 0.297288 -0.954788
3
531.664 220.517
542.121 235.681
504.343 261.732
493.886 246.568
2
519.158 239.412
0 0 0.326692 -0.945131
3
531.518 217.998
542.893 232.486
506.798 260.825
495.423 246.337
2
520.204 237.631
0 0 0.355784 -0.934568
3
531.216 215.494
543.465 229.25
509.193 259.768
496.943 246.011
2
521.138 235.788
0 0 0.384535 -0.923111
3
530.759 213.012
543.836 225.985
511.517 258.564
498.44 245.591
2
521.957 233.891
0 0 0.412917 -0.910769
3
530.15 210.564
544.005 222.703
513.763 257.219
499.909 245.08
2
522.656 231.948
0 0 0.440904 -0.897554
3
529.391 208.158
543.97 219.417
515.921 255.737
501.343 244.479
2
523.234 229.964
0 0 0.468469 -0.88348
3
528.484 205.804
543.732 216.139
517.984 254.125
502.736 243.79
2
523.688 227.949
0 0 0.495585 -0.86856
3
527.434 203.51
543.291 212.882
519.943 252.388
504.085 243.016
2
524.017 225.91
0 0 0.522226 -0.852807
3
526.243 201.286
542.65 209.659
521.79 250.534
505.383 242.161
2
524.905 224.17
0 0 0.522226 -0.852807
3
527.131 199.546
543.538 207.919
522.678 248.794
506.271 240.421
2
525.793 222.429
0 0 0.522226 -0.852807
3
528.019 197.805
544.426 206.178
523.566 247.053
507.16 238.68
2
526.681 220.689
0 0 0.522226 -0.852807
3
528.907 196.065
545.314 204.438
524.455 245.313
508.048 236.94
2
527.569 218.949
0 0 0.522226 -0.852807
3
529.796 194.325
546.203 202.698
525.343 243.573
508.936 235.2
2
528.457 217.209
0 0 0.522226 -0.852807
3
530.684 192.585
547.091 200.958
526.231 241.833
509.824 233.46
2
529.345 215.468
0 0 0.522226 -0.852807
3
531.572 190.844
547.979 199.217
527.119 240.092
510.712 231.719
2
530.234 213.728
0 0 0.522226 -0.852807
3
532.46 189.104
548.867 197.477
528.007 238.352
511.6 229.979
2
530.435 211.672
0 0 0.548367 -0.836238
3
531.134 186.958
548.028 194.3
529.736 236.387
512.843 229.045
2
530.509 209.608
0 0 0.573982 -0.818868
3
529.678 184.897
546.993 191.18
531.341 234.318
514.025 228.035
2
530.456 207.543
0 0 0.599048 -0.800713
3
528.097 182.931
545.768 188.131
532.814 232.155
515.143 226.955
2
530.274 205.485
0 0 0.62354 -0.781791
3
526.398 181.066
544.357 185.163
534.151 229.904
516.192 225.807
2
529.966 203.442
0 0 0.647435 -0.762121
3
524.587 179.31
542.764 182.288
535.346 227.575
517.168 224.597
2
529.532 201.423
0 0 0.67071 -0.74172
3
522.67 177.67
540.997 179.517
536.394 225.176
518.067 223.328
2
528.974 199.434
0 0 0.693342 -0.720609
3
520.656 176.151
539.062 176.861
537.293 222.717
518.886 222.007
2
528.294 197.483
0 0 0.71531 -0.698808
3
518.551 174.76
536.966 174.33
538.037 220.207
519.622 220.637
2
527.494 195.579
0 0 0.736592 -0.676337
3
516.364 173.501
534.718 171.933
538.624 217.656
520.271 219.224
2
526.579 193.727
0 0 0.75717 -0.653218
3
514.104 172.38
532.325 169.68
539.053 215.074
520.832 217.774
2
525.55 191.936
0 0 0.777021 -0.629474
3
511.779 171.401
529.798 167.579
539.321 212.47
521.302 216.292
2
524.413 190.211
0 0 0.796129 -0.605127
3
509.398 170.568
527.146 165.638
539.428 209.854
521.68 214.784
2
523.171 188.56
0 0 0.814474 -0.5802
3
506.969 169.884
524.378 163.866
539.372 207.237
521.963 213.255
2
521.829 186.99
0 0 0.832039 -0.554717
3
504.503 169.351
521.507 162.267
539.155 204.628
522.152 211.712
2
520.393 185.505
0 0 0.848807 -0.528703
3
502.009 168.972
518.542 160.85
538.777 202.038
522.244 210.16
2
518.868 184.112
0 0 0.864762 -0.502183
3
499.496 168.748
515.495 159.619
538.239 199.476
522.24 208.605
2
517.259 182.816
0 0 0.879888 -0.475181
3
496.974 168.68
512.377 158.578
537.544 196.952
522.141 207.054
2
515.573 181.622
0 0 0.894172 -0.447725
3
494.453 168.768
509.202 157.733
536.694 194.476
521.945 205.511
2
513.817 180.534
0 0 0.907599 -0.419839
3
491.942 169.011
505.98 157.085
535.692 192.057
521.654 203.984
2
511.997 179.558
0 0 0.920156 -0.391551
3
489.451 169.41
502.724 156.638
534.543 189.705
521.27 202.477
2
510.119 178.696
0 0 0.931833 -0.362889
3
486.989 169.962
499.446 156.393
533.25 187.429
520.793 200.998
2
510.902 180.767
0 0 0.942616 -0.333878
3
487.275 173.481
498.87 159.168
534.528 188.053
522.934 202.366
2
511.811 182.786
0 0 0.952497 -0.304548
3
487.779 176.975
498.466 161.972
535.843 188.596
525.156 203.599
2
512.843 184.744
0 0 0.961465 -0.274926
3
488.498 180.432
498.236 164.796
537.189 189.057
527.451 204.692
2
513.995 186.635
0 0 0.969513 -0.245041
3
489.429 183.837
498.181 167.629
538.56 189.434
529.808 205.641
2
515.261 188.452
0 0 0.976631 -0.214921
3
490.569 187.179
498.302 170.46
539.952 189.725
532.22 206.443
2
516.637 190.186
0 0 0.982815 -0.184595
3
491.914 190.443
498.597 173.278
541.36 189.929
534.676 207.094
2
518.118 191.832
0 0 0.988056 -0.154092
3
493.458 193.618
499.067 176.073
542.778 190.046
537.169 207.592
2
519.698 193.383
0 0 0.992352 -0.123442
3
495.195 196.691
499.708 178.833
544.2 190.075
539.687 207.934
2
521.37 194.834
0 0 0.995697 -0.0926736
3
497.12 199.651
500.519 181.548
545.621 190.017
542.221 208.12
2
523.13 196.178
0 0 0.998088 -0.0618163
3
499.223 202.486
501.496 184.207
547.036 189.87
544.763 208.149
2
524.969 197.411
0 0 0.999522 -0.0308998
3
501.498 205.186
502.636 186.801
548.439 189.636
547.301 208.021
2
526.88 198.528
0 0 1 4.63287e-05
3
503.936 207.74
503.934 189.32
549.824 189.316
549.826 207.736
2
528.858 199.524
0 0 0.99952 0.0309924
3
506.527 210.138
505.386 191.753
551.188 188.91
552.329 207.295
2
530.893 200.396
0 0 0.998082 0.0619088
3
509.262 212.371
506.985 194.092
552.524 188.421
554.8 206.7
2
532.978 201.141
0 0 0.995688 0.0927658
3
512.129 214.431
508.726 196.328
553.826 187.851
557.229 205.954
2
534.737 199.796
0 0 0.998082 0.0619088
3
513.106 211.771
510.829 193.492
556.368 187.821
558.644 206.1
2
536.576 198.563
0 0 0.99952 0.0309924
3
514.245 209.177
513.104 190.792
558.906 187.949
560.047 206.334
2
538.611 199.435
0 0 0.998082 0.0619088
3
516.98 211.41
514.703 193.131
560.241 187.46
562.518 205.739
2
540.549 199.194
0 0 0.998082 0.0619088
3
518.918 211.169
516.642 192.89
562.18 187.219
564.457 205.498
2
542.488 198.952
0 0 0.998082 0.0619088
3
520.857 210.927
518.581 192.648
564.119 186.977
566.395 205.256
2
544.427 198.711
0 0 0.998082 0.0619088
3
522.796 210.686
520.52 192.407
566.058 186.736
568.334 205.015
2
546.366 198.469
0 0 0.998082 0.0619088
3
524.735 210.444
522.458 192.165
567.997 186.494
570.273 204.773
2
548.304 198.228
0 0 0.998082 0.0619088
3
526.674 210.203
524.397 191.924
569.935 186.253
572.212 204.532
2
550.243 197.986
0 0 0.998082 0.0619088
3
528.612 209.961
526.336 191.683
571.874 186.012
574.151 204.29
2
552.182 197.745
0 0 0.998082 0.0619088
3
530.551 209.72
528.275 191.441
573.813 185.77
576.089 204.049
2
554.121 197.504
0 0 0.998082 0.0619088
3
532.49 209.479
530.214 191.2
575.752 185.529
578.028 203.807
2
555.96 196.27
0 0 0.99952 0.0309924
3
533.629 206.884
532.488 188.5
578.29 185.656
579.431 204.041
2
557.871 195.153
0 0 1 4.63287e-05
3
534.927 204.365
534.925 185.945
580.815 185.941
580.817 204.361
2
559.825 195.153
0 0 1 4.63287e-05
3
536.881 204.365
536.879 185.945
582.769 185.941
582.771 204.361
2
561.779 195.153
0 0 1 4.63287e-05
3
538.835 204.365
538.833 185.945
584.723 185.941
584.725 204.361
2
563.732 195.153
0 0 1 4.63287e-05
3
540.788 204.365
540.787 185.945
586.677 185.941
586.678 204.361
