0
120 364
0
119 364
0
118 364
0
117 364
0
116 364
0
115 364
0
114 364
0
113 364
0
112 364
0
111 364
0
110 364
0
109 364
0
108 364
0
107 364
0
106 364
0
105 364
0
104 364
0
103 364
0
102 364
0
101 364
0
100 364
0
99 364
0
98 364
0
97 364
0
96 364
0
95 364
0
94 364
0
93 364
0
92 363
0
91 362
0
90 361
0
89 361
0
88 361
0
87 361
0
86 361
0
85 361
0
84 361
0
83 361
0
82 361
0
81 360
0
80 359
0
79 358
0
78 357
0
77 356
0
77 355
0
76 354
0
76 353
0
76 352
0
76 351
0
76 350
0
75 349
0
75 348
0
75 347
0
75 346
0
75 345
0
75 344
0
75 343
0
75 342
0
75 341
0
75 340
0
75 339
0
75 338
0
75 337
0
75 336
0
75 335
0
75 334
0
75 333
0
75 332
0
75 331
0
75 330
0
75 329
0
75 328
0
75 327
0
75 326
0
75 325
0
75 324
0
75 323
0
75 322
0
75 321
0
75 320
0
75 319
0
75 318
0
75 317
0
75 316
0
75 315
0
75 314
0
75 313
0
75 312
0
75 311
0
75 310
0
75 309
0
75 308
0
75 307
0
75 306
0
75 305
0
75 304
0
75 303
0
75 302
0
75 301
0
75 300
0
75 299
0
75 298
0
75 297
0
75 296
0
75 295
0
75 294
0
75 293
0
75 292
0
75 291
0
75 290
0
75 289
0
75 288
0
75 287
0
75 286
0
75 285
0
75 284
0
75 283
0
75 282
0
75 281
0
75 280
0
75 279
0
75 278
0
75 277
0
75 276
0
74 275
0
74 274
0
74 273
0
74 272
0
74 271
0
74 270
0
74 269
0
74 268
0
74 267
0
74 266
0
74 265
0
74 264
0
74 263
0
74 262
0
74 261
0
74 260
0
74 259
0
73 258
0
72 257
0
71 256
0
70 255
0
69 254
0
68 253
0
67 252
0
66 251
0
65 250
0
64 249
0
63 248
0
62 247
0
62 246
0
61 245
0
61 244
0
61 243
0
61 242
0
61 241
0
60 240
0
60 239
0
60 238
0
60 237
0
60 236
0
60 235
0
60 234
0
60 233
0
60 232
0
60 231
0
60 230
0
60 229
0
60 228
0
60 227
0
60 226
0
60 225
0
61 224
0
61 223
0
61 222
0
61 221
0
61 220
0
62 219
0
62 218
0
63 217
0
64 216
0
65 215
0
66 214
0
67 213
0
68 212
0
69 211
0
70 210
0
71 209
0
72 208
0
73 207
0
74 206
0
74 205
0
74 204
0
74 203
0
74 202
0
74 201
0
74 200
0
74 199
0
74 198
0
74 197
0
74 196
0
74 195
0
74 194
0
74 193
0
74 192
0
74 191
0
74 190
0
74 189
0
74 188
0
74 187
0
74 186
0
74 185
0
74 184
0
74 183
0
74 182
0
74 181
0
74 180
0
74 179
0
74 178
0
74 177
0
74 176
0
74 175
0
74 174
0
74 173
0
74 172
0
74 171
0
74 170
0
74 169
0
74 168
0
74 167
0
74 166
0
74 165
0
74 164
0
74 163
0
74 162
0
74 161
0
74 160
0
75 159
0
75 158
0
75 157
0
75 156
0
75 155
0
75 154
0
75 153
0
75 152
0
75 151
0
75 150
0
75 149
0
75 148
0
75 147
0
75 146
0
75 145
0
75 144
0
75 143
0
75 142
0
75 141
0
75 140
0
75 139
0
75 138
0
75 137
0
75 136
0
75 135
0
76 134
0
76 133
0
76 132
0
76 131
0
76 130
0
77 129
0
77 128
0
78 127
0
79 126
0
80 125
0
81 124
0
82 123
0
83 122
0
84 121
0
85 120
0
86 119
0
87 118
0
88 117
0
89 116
0
90 115
0
91 114
0
91 113
0
91 112
0
91 111
0
91 110
0
91 109
0
91 108
0
91 107
0
91 106
0
91 105
0
91 104
0
91 103
0
91 102
0
91 101
0
92 100
0
92 99
0
92 98
0
92 97
0
92 96
0
93 95
0
93 94
0
94 93
0
95 92
0
96 91
0
97 90
0
98 89
0
99 88
0
100 87
0
101 86
0
102 85
0
102 84
0
102 83
0
102 82
0
102 81
0
102 80
0
102 79
0
102 78
0
102 77
0
102 76
0
102 75
0
102 74
0
102 73
0
102 72
0
102 71
0
102 70
0
102 69
0
102 68
0
102 67
0
103 66
0
103 65
0
103 64
0
103 63
0
103 62
0
103 61
0
104 60
0
104 59
0
105 58
0
106 57
0
107 57
0
108 56
0
109 55
0
110 55
0
111 55
0
112 54
0
113 54
0
114 54
0
115 54
0
116 54
0
117 54
0
118 54
0
119 54
0
120 54
0
121 54
0
122 54
0
123 54
0
124 54
0
125 54
0
126 54
0
127 54
0
128 54
0
129 54
0
130 54
0
131 54
0
132 54
0
133 54
0
134 54
0
135 54
0
136 54
0
137 54
0
138 54
0
139 54
0
140 54
0
141 54
0
142 54
0
143 54
0
144 54
0
145 54
0
146 54
0
147 54
0
148 54
0
149 54
0
150 54
0
151 54
0
152 54
0
153 54
0
154 54
0
155 54
0
156 54
0
157 54
0
158 54
0
159 54
0
160 54
0
161 54
0
162 54
0
163 54
0
164 54
0
165 54
0
166 54
0
167 54
0
168 54
0
169 54
0
170 54
0
171 54
0
172 54
0
173 54
0
174 54
0
175 54
0
176 54
0
177 54
0
178 54
0
179 54
0
180 54
0
181 54
0
182 55
0
183 56
0
184 57
0
185 58
0
186 59
0
187 60
0
188 61
0
189 62
0
190 63
0
191 64
0
192 65
0
193 66
0
194 67
0
195 68
0
196 69
0
197 70
0
198 71
0
199 72
0
200 73
0
201 74
0
202 75
0
203 76
0
204 77
0
205 78
0
206 79
0
207 80
0
208 81
0
209 82
0
210 83
0
211 84
0
212 85
0
213 86
0
214 87
0
215 88
0
216 89
0
217 90
0
218 91
0
219 92
0
220 93
0
221 94
0
222 95
0
223 96
0
224 97
0
225 98
0
226 99
0
227 100
0
228 101
0
229 102
0
230 103
0
231 104
0
232 105
0
233 106
0
234 107
0
235 108
0
236 109
0
237 110
0
238 111
0
239 112
0
240 113
0
241 114
0
242 115
0
243 116
0
244 117
0
245 118
0
246 119
0
247 120
0
248 121
0
249 122
0
250 123
0
251 124
0
252 125
0
253 126
0
254 127
0
255 128
0
256 129
0
257 130
0
258 131
0
259 132
0
260 133
0
261 134
0
262 135
0
263 136
0
264 137
0
265 138
0
266 139
0
266 140
0
266 141
0
266 142
0
266 143
0
266 144
0
266 145
0
266 146
0
266 147
0
266 148
0
266 149
0
266 150
0
266 151
0
266 152
0
266 153
0
266 154
0
266 155
0
266 156
0
266 157
0
266 158
0
266 159
0
266 160
0
266 161
0
266 162
0
266 163
0
266 164
0
266 165
0
266 166
0
266 167
0
266 168
0
266 169
0
266 170
0
266 171
0
266 172
0
266 173
0
266 174
0
266 175
0
266 176
0
266 177
0
266 178
0
266 179
0
266 180
0
266 181
0
266 182
0
266 183
0
266 184
0
266 185
0
266 186
0
266 187
0
266 188
0
266 189
0
266 190
0
266 191
0
266 192
0
266 193
0
266 194
0
266 195
0
266 196
0
266 197
0
266 198
0
266 199
0
266 200
0
266 201
0
266 202
0
266 203
0
266 204
0
266 205
0
266 206
0
266 207
0
266 208
0
266 209
0
266 210
0
266 211
0
266 212
0
266 213
0
266 214
0
266 215
0
266 216
0
266 217
0
266 218
0
266 219
0
266 220
0
266 221
0
266 222
0
266 223
0
266 224
0
266 225
0
266 226
0
266 227
0
266 228
0
266 229
0
266 230
0
266 231
0
266 232
0
266 233
0
266 234
0
266 235
0
266 236
0
266 237
0
266 238
0
266 239
0
266 240
0
266 241
0
266 242
0
266 243
0
266 244
0
266 245
0
266 246
0
266 247
0
266 248
0
266 249
0
266 250
0
266 251
0
266 252
0
266 253
0
266 254
0
266 255
0
266 256
0
266 257
0
266 258
0
266 259
0
266 260
0
266 261
0
266 262
0
266 263
0
266 264
0
266 265
0
266 266
0
266 267
0
266 268
0
266 269
0
266 270
0
266 271
0
266 272
0
266 273
0
266 274
0
266 275
0
266 276
0
266 277
0
266 278
0
266 279
0
266 280
0
266 281
0
266 282
0
266 283
0
266 284
0
266 285
0
266 286
0
266 287
0
266 288
0
266 289
0
266 290
0
266 291
0
266 292
0
266 293
0
266 294
0
266 295
0
266 296
0
266 297
0
266 298
0
266 299
0
266 300
0
266 301
0
266 302
0
266 303
0
266 304
0
266 305
0
266 306
0
266 307
0
266 308
0
266 309
0
266 310
0
266 311
0
266 312
0
266 313
0
266 314
0
267 315
0
267 316
0
267 317
0
267 318
0
267 319
0
268 320
0
268 321
0
269 322
0
270 323
0
271 324
0
272 325
0
273 325
0
274 326
0
275 326
0
276 326
0
277 327
0
278 327
0
279 327
0
280 327
0
281 327
0
282 327
0
283 327
0
284 327
0
285 327
0
286 327
0
287 327
0
288 327
0
289 327
0
290 327
0
291 327
0
292 327
0
293 327
0
294 327
0
295 327
0
296 327
0
297 327
0
298 327
0
299 327
0
300 327
0
301 327
0
302 327
0
303 327
0
304 327
0
305 327
0
306 327
0
307 327
0
308 327
0
309 327
0
310 327
0
311 327
0
312 327
0
313 327
0
314 327
0
315 327
0
316 327
0
317 327
0
318 327
0
319 327
0
320 327
0
321 327
0
322 327
0
323 327
0
324 327
0
325 327
0
326 327
0
327 327
0
328 327
0
329 327
0
330 327
0
331 327
0
332 327
0
333 327
0
334 327
0
335 327
0
336 327
0
337 327
0
338 327
0
339 327
0
340 327
0
341 327
0
342 327
0
343 327
0
344 327
0
345 327
0
346 327
0
347 327
0
348 327
0
349 327
0
350 327
0
351 327
0
352 327
0
353 327
0
354 327
0
355 327
0
356 327
0
357 327
0
358 327
0
359 327
0
360 327
0
361 327
0
362 327
0
363 328
0
364 329
0
365 330
0
366 330
0
367 331
0
368 332
0
369 332
0
370 332
0
371 332
0
372 332
0
373 332
0
374 332
0
375 332
0
376 332
0
377 332
0
378 333
0
379 333
0
380 333
0
381 333
0
382 333
0
383 333
0
384 333
0
385 333
0
386 333
0
387 333
0
388 333
0
389 333
0
390 333
0
391 333
0
392 333
0
393 333
0
394 333
0
395 333
0
396 333
0
397 333
0
398 333
0
399 333
0
400 333
0
401 333
0
402 333
0
403 333
0
404 333
0
405 333
0
406 333
0
407 333
0
408 333
0
409 333
0
410 333
0
411 333
0
412 332
0
413 332
0
414 332
0
415 332
0
416 332
0
417 332
0
418 332
0
419 332
0
420 332
0
421 332
0
422 332
0
423 331
0
424 330
0
425 330
0
426 329
0
427 328
0
428 327
0
429 326
0
430 325
0
431 324
0
432 323
0
433 322
0
434 321
0
435 320
0
436 319
0
437 318
0
438 317
0
439 316
0
440 315
0
441 314
0
442 313
0
443 312
0
444 311
0
445 310
0
446 309
0
447 308
0
448 307
0
449 306
0
450 305
0
451 304
0
452 303
0
453 302
0
454 301
0
455 300
0
456 299
0
457 298
0
458 297
0
459 296
0
460 295
0
461 294
0
462 293
0
463 292
0
464 291
0
465 290
0
466 289
0
467 288
0
468 287
0
469 286
0
470 285
0
471 284
0
472 283
0
473 282
0
474 281
0
475 280
0
476 279
0
477 278
0
478 277
0
479 276
0
480 275
0
481 274
0
482 273
0
483 272
0
484 271
0
485 270
0
486 269
0
487 268
0
488 267
0
489 266
0
490 265
0
491 264
0
492 263
0
493 262
0
494 261
0
495 260
0
496 259
0
497 258
0
498 257
0
499 256
0
500 255
0
501 254
0
502 253
0
502 252
0
502 251
0
503 250
0
504 249
0
505 248
0
506 247
0
507 246
0
508 245
0
509 244
0
510 243
0
511 242
0
512 241
0
513 240
0
514 239
0
515 238
0
516 237
0
517 236
0
518 235
0
519 234
0
520 233
0
521 232
0
522 231
0
523 230
0
524 229
0
525 228
0
526 227
0
527 226
0
528 225
0
529 224
0
530 223
0
531 222
0
532 221
0
533 220
0
534 219
0
535 218
0
535 217
0
535 216
0
535 215
0
535 214
0
535 213
0
535 212
0
535 211
0
536 210
0
536 209
0
536 208
0
536 207
0
536 206
0
537 205
0
537 204
0
538 203
0
539 202
0
540 201
0
541 200
0
542 200
0
543 199
0
544 199
0
545 198
0
546 198
0
547 198
0
548 198
0
549 198
0
550 198
0
551 198
0
552 198
0
553 198
0
554 198
0
555 198
0
556 198
0
557 198
0
558 198
0
559 198
0
560 198
0
561 198
0
562 198
0
563 198
0
564 198
0
565 198
0
566 198
0
567 198
0
568 198
0
569 198
0
570 198
0
571 198
0
572 198
0
573 198
0
574 198
0
575 198
0
576 198
0
577 197
0
578 197
0
579 196
0
580 196
1
120 364 3.1415
1
118.046 364 3.1415
1
116.092 364 3.1415
1
114.139 364.001 3.1415
1
112.185 364.001 3.1415
1
110.231 364.001 3.1415
1
108.277 364.001 3.1415
1
106.324 364.001 3.1415
1
104.37 364.001 3.1415
1
102.416 364.002 3.1415
1
100.462 364.002 3.1415
1
98.5087 364.002 3.1415
1
96.555 364.002 3.1415
1
94.605 364.123 3.2034
1
92.6512 364.123 3.2653
1
90.7012 364.003 3.32721
1
88.7624 363.762 3.38911
1
86.8422 363.401 3.45101
1
84.948 362.922 3.51291
1
83.087 362.327 3.57481
1
81.2664 361.619 3.63672
1
79.4932 360.798 3.69862
1
77.7741 359.87 3.76052
1
76.1157 358.837 3.82242
1
74.5243 357.704 3.88432
1
73.0062 356.474 3.94623
1
71.567 355.153 4.00813
1
70.2123 353.745 4.07003
1
68.9473 352.256 4.13193
1
67.7768 350.692 4.19383
1
66.7054 349.058 4.25574
1
65.7371 347.361 4.31764
1
64.8756 345.607 4.37954
1
64.1242 343.804 4.44144
1
63.4858 341.957 4.50335
1
62.9629 340.075 4.56525
1
62.5575 338.164 4.62715
1
62.271 336.231 4.68905
1
62.1047 334.284 4.75095
1
62.0591 332.331 4.81286
1
62.375 330.403 4.75095
1
62.5709 328.459 4.68905
1
62.6462 326.507 4.62715
1
62.6006 324.554 4.56525
1
62.3142 322.621 4.56525
1
62.0278 320.688 4.56525
1
61.7413 318.756 4.56525
1
61.4549 316.823 4.56525
1
61.1684 314.89 4.56525
1
60.882 312.958 4.56525
1
60.5955 311.025 4.56525
1
60.3091 309.092 4.56525
1
60.0227 307.16 4.56525
1
59.7362 305.227 4.56525
1
59.4498 303.294 4.56525
1
59.1633 301.362 4.56525
1
58.8769 299.429 4.56525
1
58.5905 297.497 4.56525
1
58.304 295.564 4.56525
1
58.0176 293.631 4.56525
1
57.7311 291.699 4.56525
1
57.4447 289.766 4.56525
1
57.1582 287.833 4.56525
1
56.8718 285.901 4.56525
1
56.5854 283.968 4.56525
1
56.2989 282.035 4.56525
1
56.0125 280.103 4.56525
1
55.726 278.17 4.56525
1
55.4396 276.237 4.56525
1
55.1532 274.305 4.56525
1
54.8667 272.372 4.56525
1
54.5803 270.439 4.56525
1
54.2938 268.507 4.56525
1
54.0074 266.574 4.56525
1
53.7209 264.642 4.56525
1
53.4345 262.709 4.56525
1
53.1481 260.776 4.56525
1
52.8616 258.844 4.56525
1
52.5752 256.911 4.56525
1
52.2887 254.978 4.56525
1
52.0023 253.046 4.56525
1
51.7159 251.113 4.56525
1
51.4294 249.18 4.56525
1
51.143 247.248 4.56525
1
50.8565 245.315 4.56525
1
50.5701 243.382 4.56525
1
50.2836 241.45 4.56525
1
49.9972 239.517 4.56525
1
49.7108 237.585 4.56525
1
49.4243 235.652 4.56525
1
49.1379 233.719 4.56525
1
48.8514 231.787 4.56525
1
48.565 229.854 4.56525
1
48.2785 227.921 4.56525
1
47.9921 225.989 4.56525
1
47.7057 224.056 4.56525
1
47.4192 222.124 4.56525
1
47.1328 220.191 4.56525
1
46.8463 218.258 4.56525
1
46.5599 216.326 4.56525
1
46.2735 214.393 4.56525
1
45.987 212.46 4.56525
1
45.7006 210.528 4.56525
1
45.4141 208.595 4.56525
1
45.1277 206.662 4.56525
1
44.8412 204.73 4.56525
1
44.5548 202.797 4.56525
1
44.2684 200.865 4.56525
1
43.9819 198.932 4.56525
1
43.6955 196.999 4.56525
1
43.409 195.067 4.56525
1
43.1226 193.134 4.56525
1
42.8362 191.201 4.56525
1
42.5497 189.269 4.56525
1
42.2633 187.336 4.56525
1
41.9768 185.404 4.56525
1
41.6904 183.471 4.56525
1
41.4039 181.538 4.56525
1
41.1175 179.606 4.56525
1
40.8311 177.673 4.56525
1
40.5446 175.74 4.56525
1
40.2582 173.808 4.56525
1
39.9717 171.875 4.56525
1
39.6853 169.942 4.56525
1
39.3989 168.01 4.56525
1
39.1124 166.077 4.56525
1
38.826 164.145 4.56525
1
38.5395 162.212 4.56525
1
38.2531 160.279 4.56525
1
37.9666 158.347 4.56525
1
37.6802 156.414 4.56525
1
37.2748 154.503 4.62715
1
36.9883 152.57 4.68905
1
36.822 150.624 4.75095
1
36.8973 148.671 4.75095
1
36.9726 146.719 4.75095
1
37.048 144.767 4.75095
1
37.1233 142.814 4.75095
1
37.1986 140.862 4.75095
1
37.2739 138.91 4.75095
1
37.3493 136.957 4.75095
1
37.4246 135.005 4.75095
1
37.4999 133.053 4.75095
1
37.5752 131.101 4.75095
1
37.6506 129.148 4.75095
1
37.7259 127.196 4.75095
1
37.8012 125.244 4.75095
1
37.8765 123.291 4.75095
1
37.9519 121.339 4.75095
1
38.0272 119.387 4.75095
1
38.1025 117.434 4.75095
1
38.1778 115.482 4.75095
1
38.2532 113.53 4.75095
1
38.3285 111.578 4.75095
1
38.4038 109.625 4.75095
1
38.4791 107.673 4.75095
1
38.5545 105.721 4.75095
1
38.6298 103.768 4.75095
1
38.7051 101.816 4.75095
1
38.7804 99.8637 4.75095
1
38.8558 97.9114 4.75095
1
38.9311 95.9591 4.75095
1
38.8855 94.0059 4.81286
1
38.9608 92.0536 4.87476
1
39.1568 90.1097 4.93666
1
39.4726 88.1816 4.99856
1
39.9071 86.2768 5.06046
1
40.4586 84.4025 5.12237
1
41.125 82.5659 5.18427
1
41.9038 80.7741 5.24617
1
42.7919 79.0339 5.30807
1
43.7859 77.3519 5.36997
1
44.8821 75.7346 5.43188
1
46.0763 74.1883 5.49378
1
47.3638 72.7188 5.55568
1
48.7397 71.3318 5.61758
1
50.1989 70.0325 5.67948
1
51.7356 68.826 5.74139
1
53.344 67.7169 5.80329
1
55.1295 66.9238 5.74139
1
56.8035 65.9163 5.74139
1
58.4774 64.9088 5.74139
1
60.0858 63.7997 5.80329
1
61.7597 62.7921 5.86519
1
63.4928 61.8901 5.92709
1
65.2783 61.097 5.98899
1
67.1481 60.5305 5.98899
1
69.018 59.964 5.98899
1
70.8878 59.3975 5.98899
1
72.7576 58.831 5.98899
1
74.6274 58.2644 5.98899
1
76.4586 57.5833 6.0509
1
78.3284 57.0168 6.1128
1
80.2297 56.567 6.1747
1
82.1551 56.2358 6.2366
1
84.1068 56.1448 6.2366
1
86.0584 56.0538 6.2366
1
88.01 55.9628 6.2366
1
89.9616 55.8718 6.2366
1
91.9133 55.7809 6.2366
1
93.8649 55.6899 6.2366
1
95.8165 55.5989 6.2366
1
97.7682 55.5079 6.2366
1
99.7198 55.4169 6.2366
1
101.671 55.326 6.2366
1
103.623 55.235 6.2366
1
105.575 55.144 6.2366
1
107.526 55.053 6.2366
1
109.478 54.962 6.2366
1
111.43 54.8711 6.2366
1
113.381 54.7801 6.2366
1
115.333 54.6891 6.2366
1
117.284 54.5981 6.2366
1
119.236 54.5071 6.2366
1
121.188 54.4162 6.2366
1
123.139 54.3252 6.2366
1
125.091 54.2342 6.2366
1
127.043 54.1432 6.2366
1
128.994 54.0522 6.2366
1
130.946 53.9613 6.2366
1
132.897 53.8703 6.2366
1
134.849 53.7793 6.2366
1
136.801 53.6883 6.2366
1
138.752 53.5973 6.2366
1
140.704 53.5063 6.2366
1
142.656 53.4154 6.2366
1
144.607 53.3244 6.2366
1
146.559 53.2334 6.2366
1
148.511 53.1424 6.2366
1
150.462 53.0514 6.2366
1
152.416 53.0814 6.1747
1
154.367 52.9904 6.1128
1
156.31 52.7789 6.0509
1
158.235 52.4476 5.98899
1
160.066 51.7665 6.0509
1
161.936 51.2 6.1128
1
163.837 50.7502 6.1747
1
165.763 50.4189 6.2366
1
167.705 50.2074 0.015319
1
169.657 50.1164 0.0772211
1
171.61 50.1463 0.139123
1
173.558 50.297 0.201025
1
175.493 50.568 0.262927
1
177.407 50.9581 0.324829
1
179.294 51.4659 0.386731
1
181.146 52.0894 0.448634
1
182.955 52.8263 0.510536
1
184.715 53.6737 0.572438
1
186.42 54.6284 0.63434
1
188.062 55.6867 0.696242
1
189.636 56.8446 0.758144
1
191.135 58.0976 0.820046
1
192.554 59.441 0.881948
1
193.887 60.8695 0.94385
1
194.933 62.5196 0.881948
1
196.079 64.1018 0.820046
1
197.321 65.61 0.758144
1
198.654 67.0385 0.696242
1
200.072 68.3819 0.63434
1
201.571 69.6349 0.572438
1
203.276 70.5896 0.63434
1
204.918 71.6479 0.696242
1
206.492 72.8058 0.758144
1
207.991 74.0588 0.820046
1
209.41 75.4021 0.881948
1
210.742 76.8307 0.94385
1
211.889 78.4129 0.94385
1
213.035 79.9951 0.94385
1
214.181 81.5773 0.94385
1
215.327 83.1594 0.94385
1
216.473 84.7416 0.94385
1
217.62 86.3238 0.94385
1
218.766 87.906 0.94385
1
219.912 89.4882 0.94385
1
220.958 91.1383 0.881948
1
222.104 92.7205 0.820046
1
223.346 94.2287 0.758144
1
224.845 95.4817 0.820046
1
226.264 96.8251 0.881948
1
227.597 98.2536 0.94385
1
228.839 99.7619 1.00575
1
229.985 101.344 1.06765
1
231.031 102.994 1.12956
1
231.973 104.706 1.19146
1
232.807 106.472 1.25336
1
233.531 108.287 1.31526
1
234.141 110.143 1.37716
1
234.635 112.034 1.43907
1
234.891 113.971 1.43907
1
235.148 115.907 1.43907
1
235.404 117.844 1.43907
1
235.661 119.781 1.43907
1
235.918 121.718 1.43907
1
236.174 123.655 1.43907
1
236.431 125.591 1.43907
1
236.688 127.528 1.43907
1
236.944 129.465 1.43907
1
237.201 131.402 1.43907
1
237.457 133.339 1.43907
1
237.714 135.276 1.43907
1
238.09 137.193 1.50097
1
238.347 139.13 1.56287
1
238.483 141.079 1.62477
1
238.378 143.03 1.62477
1
238.272 144.98 1.62477
1
238.046 146.921 1.56287
1
238.062 148.875 1.56287
1
238.077 150.828 1.56287
1
238.093 152.782 1.56287
1
238.108 154.736 1.56287
1
238.124 156.69 1.56287
1
238.139 158.643 1.56287
1
238.155 160.597 1.56287
1
238.17 162.551 1.56287
1
238.186 164.504 1.56287
1
238.201 166.458 1.56287
1
238.217 168.412 1.56287
1
238.232 170.365 1.56287
1
238.248 172.319 1.56287
1
238.263 174.273 1.56287
1
238.279 176.226 1.56287
1
238.294 178.18 1.56287
1
238.31 180.134 1.56287
1
238.325 182.087 1.56287
1
238.341 184.041 1.56287
1
238.356 185.995 1.56287
1
238.372 187.949 1.56287
1
238.387 189.902 1.56287
1
238.402 191.856 1.56287
1
238.418 193.81 1.56287
1
238.433 195.763 1.56287
1
238.449 197.717 1.56287
1
238.464 199.671 1.56287
1
238.48 201.624 1.56287
1
238.495 203.578 1.56287
1
238.511 205.532 1.56287
1
238.526 207.485 1.56287
1
238.542 209.439 1.56287
1
238.557 211.393 1.56287
1
238.573 213.347 1.56287
1
238.588 215.3 1.56287
1
238.604 217.254 1.56287
1
238.619 219.208 1.56287
1
238.635 221.161 1.56287
1
238.65 223.115 1.56287
1
238.666 225.069 1.56287
1
238.681 227.022 1.56287
1
238.697 228.976 1.56287
1
238.712 230.93 1.56287
1
238.728 232.883 1.56287
1
238.743 234.837 1.56287
1
238.88 236.786 1.62477
1
238.895 238.74 1.68667
1
238.79 240.691 1.74858
1
238.564 242.631 1.81048
1
238.218 244.554 1.87238
1
237.524 246.38 1.81048
1
236.943 248.246 1.74858
1
236.479 250.144 1.68667
1
236.134 252.067 1.62477
1
235.908 254.007 1.56287
1
235.803 255.958 1.50097
1
235.818 257.912 1.43907
1
236.194 259.829 1.50097
1
236.451 261.766 1.56287
1
236.587 263.715 1.62477
1
236.602 265.669 1.68667
1
236.377 267.609 1.68667
1
236.151 269.55 1.68667
1
235.925 271.491 1.68667
1
235.699 273.431 1.68667
1
235.353 275.354 1.62477
1
235.127 277.295 1.56287
1
235.022 279.246 1.50097
1
235.038 281.199 1.43907
1
235.174 283.148 1.37716
1
235.43 285.085 1.31526
1
235.806 287.003 1.25336
1
236.3 288.893 1.19146
1
236.91 290.749 1.12956
1
237.634 292.564 1.06765
1
238.468 294.33 1.00575
1
239.41 296.042 0.94385
1
240.456 297.692 0.881948
1
241.602 299.274 0.820046
1
242.844 300.783 0.758144
1
244.343 302.036 0.820046
1
245.585 303.544 0.758144
1
247.004 304.887 0.758144
1
248.422 306.231 0.758144
1
249.841 307.574 0.758144
1
251.26 308.917 0.758144
1
252.678 310.261 0.758144
1
254.097 311.604 0.758144
1
255.516 312.947 0.758144
1
256.934 314.291 0.758144
1
258.267 315.719 0.696242
1
259.686 317.063 0.63434
1
261.185 318.316 0.572438
1
262.889 319.27 0.63434
1
264.532 320.329 0.696242
1
265.95 321.672 0.63434
1
267.449 322.925 0.572438
1
269.023 324.083 0.510536
1
270.665 325.141 0.448634
1
272.37 326.096 0.386731
1
274.13 326.943 0.324829
1
275.94 327.68 0.262927
1
277.791 328.304 0.201025
1
279.678 328.811 0.139123
1
281.592 329.202 0.0772211
1
283.527 329.472 0.015319
1
285.475 329.623 6.2366
1
287.417 329.412 0.015319
1
289.369 329.321 0.0772211
1
291.323 329.351 0.139123
1
293.27 329.501 0.201025
1
295.205 329.772 0.262927
1
297.12 330.162 0.324829
1
299.006 330.67 0.386731
1
300.767 331.518 0.324829
1
302.576 332.254 0.262927
1
304.428 332.878 0.201025
1
306.314 333.386 0.139123
1
308.229 333.776 0.0772211
1
310.164 334.047 0.015319
1
312.112 334.198 6.2366
1
314.065 334.227 6.1747
1
316.017 334.136 6.1128
1
317.959 333.925 6.0509
1
319.884 333.594 5.98899
1
321.716 332.913 6.0509
1
323.585 332.346 6.1128
1
325.487 331.896 6.1747
1
327.412 331.565 6.2366
1
329.354 331.353 0.015319
1
331.306 331.262 0.0772211
1
333.26 331.292 0.139123
1
335.208 331.443 0.201025
1
337.122 331.833 0.201025
1
339.036 332.223 0.201025
1
340.951 332.613 0.201025
1
342.865 333.003 0.201025
1
344.78 333.394 0.201025
1
346.694 333.784 0.201025
1
348.608 334.174 0.201025
1
350.523 334.564 0.201025
1
352.437 334.954 0.201025
1
354.352 335.344 0.201025
1
356.266 335.734 0.201025
1
358.18 336.124 0.201025
1
360.095 336.514 0.201025
1
362.009 336.905 0.201025
1
363.924 337.295 0.201025
1
365.838 337.685 0.201025
1
367.752 338.075 0.201025
1
369.667 338.465 0.201025
1
371.581 338.855 0.201025
1
373.496 339.245 0.201025
1
375.41 339.635 0.201025
1
377.324 340.025 0.201025
1
379.239 340.415 0.201025
1
381.153 340.806 0.201025
1
383.068 341.196 0.201025
1
384.982 341.586 0.201025
1
386.896 341.976 0.201025
1
388.811 342.366 0.201025
1
390.697 342.874 0.139123
1
392.612 343.264 0.0772211
1
394.547 343.535 0.015319
1
396.494 343.686 6.2366
1
398.448 343.716 6.1747
1
400.373 343.384 6.2366
1
402.316 343.173 0.015319
1
404.264 343.323 6.2366
1
406.217 343.353 6.1747
1
408.169 343.262 6.1128
1
410.111 343.051 6.0509
1
412.037 342.72 5.98899
1
413.938 342.27 5.92709
1
415.808 341.703 5.86519
1
417.639 341.022 5.80329
1
419.424 340.229 5.74139
1
421.157 339.327 5.67948
1
422.831 338.319 5.61758
1
424.44 337.21 5.55568
1
425.976 336.004 5.49378
1
427.436 334.705 5.43188
1
428.812 333.318 5.36997
1
430.099 331.848 5.30807
1
431.293 330.302 5.24617
1
430.197 331.919 5.18427
1
430.976 330.127 5.24617
1
431.864 328.387 5.30807
1
432.858 326.705 5.36997
1
433.954 325.088 5.43188
1
435.148 323.541 5.49378
1
436.524 322.154 5.49378
1
437.9 320.767 5.49378
1
439.276 319.38 5.49378
1
440.652 317.993 5.49378
1
442.028 316.606 5.49378
1
443.404 315.219 5.49378
1
444.78 313.832 5.49378
1
446.156 312.445 5.49378
1
447.532 311.058 5.49378
1
448.908 309.671 5.49378
1
450.284 308.284 5.49378
1
451.66 306.897 5.49378
1
453.036 305.51 5.49378
1
454.411 304.123 5.49378
1
455.787 302.736 5.49378
1
457.163 301.349 5.49378
1
458.539 299.962 5.49378
1
459.915 298.575 5.49378
1
461.291 297.188 5.49378
1
462.667 295.801 5.49378
1
464.043 294.414 5.49378
1
465.419 293.027 5.49378
1
466.795 291.64 5.49378
1
468.171 290.253 5.49378
1
469.547 288.866 5.49378
1
470.923 287.479 5.49378
1
472.299 286.092 5.49378
1
473.675 284.705 5.49378
1
475.051 283.318 5.49378
1
476.427 281.931 5.49378
1
477.803 280.544 5.49378
1
479.179 279.157 5.49378
1
480.554 277.77 5.49378
1
481.93 276.383 5.49378
1
483.306 274.996 5.49378
1
484.682 273.608 5.49378
1
486.058 272.221 5.49378
1
487.434 270.834 5.49378
1
488.81 269.447 5.49378
1
490.186 268.06 5.49378
1
491.562 266.673 5.49378
1
492.938 265.286 5.49378
1
494.314 263.899 5.49378
1
495.69 262.512 5.49378
1
497.066 261.125 5.49378
1
498.442 259.738 5.49378
1
499.818 258.351 5.49378
1
501.194 256.964 5.49378
1
502.57 255.577 5.49378
1
504.029 254.278 5.43188
1
505.405 252.891 5.36997
1
506.692 251.421 5.30807
1
507.886 249.875 5.24617
1
508.983 248.258 5.18427
1
509.761 246.466 5.24617
1
510.649 244.726 5.30807
1
511.643 243.044 5.36997
1
512.74 241.426 5.43188
1
514.116 240.039 5.36997
1
515.403 238.57 5.30807
1
516.597 237.024 5.24617
1
517.693 235.406 5.18427
1
518.688 233.724 5.12237
1
519.576 231.984 5.06046
1
520.354 230.192 4.99856
1
521.021 228.356 4.93666
1
521.572 226.481 4.87476
1
522.007 224.577 4.81286
1
522.323 222.649 4.75095
1
522.518 220.705 4.68905
1
522.594 218.752 4.62715
1
522.548 216.799 4.56525
1
522.382 214.853 4.50335
1
522.095 212.92 4.44144
1
521.69 211.009 4.37954
1
521.167 209.126 4.31764
1
520.529 207.28 4.25574
1
519.777 205.476 4.19383
1
518.916 203.723 4.13193
1
517.948 202.026 4.07003
1
516.876 200.392 4.00813
1
515.706 198.828 3.94623
1
514.441 197.339 3.88432
1
513.086 195.931 3.82242
1
511.647 194.61 3.76052
1
510.129 193.38 3.69862
1
508.537 192.246 3.63672
1
510.196 193.279 3.57481
1
511.915 194.207 3.51291
1
513.688 195.028 3.45101
1
515.509 195.737 3.38911
1
517.37 196.331 3.32721
1
519.264 196.81 3.2653
1
521.184 197.171 3.2034
1
523.123 197.412 3.1415
1
525.073 197.532 3.0796
1
527.027 197.532 3.0177
1
528.947 197.171 3.0796
1
530.886 196.93 3.1415
1
532.839 196.93 3.1415
1
534.793 196.93 3.1415
1
536.747 196.929 3.1415
1
538.701 196.929 3.1415
1
540.654 196.929 3.1415
1
542.608 196.929 3.1415
1
544.562 196.929 3.1415
1
546.515 196.928 3.1415
1
548.469 196.928 3.1415
1
550.423 196.928 3.1415
1
552.377 196.928 3.1415
1
554.327 197.049 3.0796
1
556.28 197.048 3.0177
1
558.219 196.807 3.0177
1
560.158 196.566 3.0177
1
562.097 196.324 3.0177
1
564.036 196.083 3.0177
1
565.974 195.841 3.0177
1
567.894 195.48 3.0796
1
569.833 195.239 3.1415
1
571.787 195.239 3.1415
1
573.741 195.238 3.1415
1
575.694 195.238 3.1415
1
577.648 195.238 3.1415
2
105.845 364.001
0 0 1 4.63287e-05
3
82.9009 373.213
82.8991 354.793
128.789 354.789
128.791 373.209
2
103.891 364.001
0 0 1 4.63287e-05
3
80.9471 373.214
80.9454 354.794
126.835 354.789
126.837 373.209
2
101.938 364.002
0 0 1 4.63287e-05
3
78.9934 373.214
78.9916 354.794
124.882 354.79
124.883 373.21
2
99.9837 364.002
0 0 1 4.63287e-05
3
77.0396 373.214
77.0379 354.794
122.928 354.79
122.93 373.21
2
98.03 364.002
0 0 1 4.63287e-05
3
75.0859 373.214
75.0841 354.794
120.974 354.79
120.976 373.21
2
96.0762 364.002
0 0 1 4.63287e-05
3
73.1321 373.214
73.1304 354.794
119.02 354.79
119.022 373.21
2
94.1225 364.002
0 0 1 4.63287e-05
3
71.1783 373.215
71.1766 354.795
117.067 354.79
117.068 373.21
2
92.1687 364.003
0 0 1 4.63287e-05
3
69.2246 373.215
69.2229 354.795
115.113 354.79
115.115 373.21
2
90.215 364.003
0 0 1 4.63287e-05
3
67.2708 373.215
67.2691 354.795
113.159 354.791
113.161 373.211
2
88.2612 364.003
0 0 1 4.63287e-05
3
65.3171 373.215
65.3154 354.795
111.205 354.791
111.207 373.211
2
86.3075 364.003
0 0 1 4.63287e-05
3
63.3633 373.215
63.3616 354.795
109.252 354.791
109.253 373.211
2
84.3537 364.003
0 0 1 4.63287e-05
3
61.4096 373.215
61.4079 354.795
107.298 354.791
107.3 373.211
2
82.4 364.004
0 0 1 4.63287e-05
3
59.4558 373.216
59.4541 354.796
105.344 354.791
105.346 373.211
2
80.477 363.249
0 0 0.999522 -0.0308998
3
57.0069 371.024
58.1447 352.639
103.947 355.474
102.809 373.859
2
78.6044 362.377
0 0 0.998088 -0.0618163
3
54.6983 368.685
56.9713 350.406
102.511 356.068
100.238 374.348
2
76.7894 361.39
0 0 0.995697 -0.0926736
3
52.5388 366.208
55.9382 348.104
101.04 356.573
97.6405 374.677
2
75.0388 360.294
0 0 0.992352 -0.123442
3
50.5366 363.602
55.0495 345.743
99.5409 356.986
95.0281 374.844
2
73.3594 359.091
0 0 0.988056 -0.154092
3
48.6996 360.877
54.3085 343.331
98.0193 357.305
92.4103 374.85
2
71.7577 357.786
0 0 0.982815 -0.184595
3
47.0346 358.043
53.7182 340.878
96.4808 357.529
89.7972 374.694
2
70.2397 356.385
0 0 0.976631 -0.214921
3
45.5481 355.112
53.2807 338.394
94.9313 357.658
87.1987 374.377
2
68.8113 354.893
0 0 0.969513 -0.245041
3
44.2457 352.095
52.9978 335.887
93.3769 357.691
84.6248 373.899
2
67.478 353.315
0 0 0.961465 -0.274926
3
43.1326 349.003
52.8705 333.367
91.8234 357.628
82.0854 373.263
2
66.2448 351.658
0 0 0.952497 -0.304548
3
42.2128 345.848
52.8994 330.844
90.2768 357.468
79.5902 372.471
2
65.1165 349.927
0 0 0.942616 -0.333878
3
41.49 342.642
53.0842 328.328
88.7431 357.213
77.1488 371.527
2
64.0974 348.131
0 0 0.931833 -0.362889
3
40.9668 339.397
53.4243 325.829
87.228 356.864
74.7705 370.433
2
63.1914 346.274
0 0 0.920156 -0.391551
3
40.6454 336.127
53.9185 323.355
85.7374 356.422
72.4644 369.194
2
62.402 344.365
0 0 0.907599 -0.419839
3
40.527 332.842
54.5647 320.916
84.2771 355.888
70.2394 367.815
2
61.7323 342.411
0 0 0.894172 -0.447725
3
40.6119 329.557
55.3605 318.522
82.8526 355.265
68.104 366.3
2
61.1846 340.419
0 0 0.879888 -0.475181
3
40.8999 326.283
56.303 316.182
81.4693 354.555
66.0663 364.657
2
60.7613 338.397
0 0 0.864762 -0.502183
3
41.3899 323.034
57.3884 313.904
80.1326 353.761
64.1342 362.891
2
60.4638 336.353
0 0 0.848807 -0.528703
3
42.08 319.82
58.6126 311.698
78.8476 352.886
62.315 361.008
2
60.2934 334.294
0 0 0.832039 -0.554717
3
42.9676 316.656
59.9709 309.572
77.6192 351.933
60.6158 359.017
2
60.2506 332.229
0 0 0.814474 -0.5802
3
44.0491 313.553
61.4582 307.534
76.4521 350.906
59.0431 356.924
2
60.3357 330.165
0 0 0.796129 -0.605127
3
45.3206 310.522
63.0687 305.592
75.3508 349.808
57.6028 354.738
2
60.5483 328.11
0 0 0.777021 -0.629474
3
46.7772 307.576
64.7962 303.754
74.3195 348.645
56.3005 352.467
2
60.8876 326.073
0 0 0.75717 -0.653218
3
48.4132 304.726
66.6341 302.025
73.3621 347.42
55.1412 350.12
2
61.3524 324.06
0 0 0.736592 -0.676337
3
50.2224 301.982
68.5755 300.414
72.4824 346.138
54.1293 347.706
2
61.9407 322.08
0 0 0.71531 -0.698808
3
52.1978 299.356
70.6128 298.926
71.6837 344.804
53.2687 345.233
2
62.6505 320.14
0 0 0.693342 -0.720609
3
54.3319 296.857
72.7382 297.567
70.969 343.423
52.5627 342.713
2
63.4788 318.247
0 0 0.67071 -0.74172
3
56.6166 294.494
74.9437 296.342
70.3411 342
52.0139 340.153
2
62.9207 316.259
0 0 0.693342 -0.720609
3
54.6022 292.976
73.0085 293.686
71.2392 339.542
52.8329 338.831
2
62.2406 314.308
0 0 0.71531 -0.698808
3
52.4977 291.584
70.9126 291.154
71.9835 337.032
53.5685 337.462
2
61.4411 312.403
0 0 0.736592 -0.676337
3
50.3111 290.326
68.6642 288.757
72.5711 334.481
54.218 336.049
2
60.5254 310.552
0 0 0.75717 -0.653218
3
48.0509 289.205
66.2718 286.504
72.9998 331.898
54.7789 334.599
2
60.2389 308.619
0 0 0.75717 -0.653218
3
47.7644 287.272
65.9854 284.572
72.7134 329.966
54.4924 332.666
2
59.9525 306.686
0 0 0.75717 -0.653218
3
47.478 285.339
65.6989 282.639
72.4269 328.033
54.206 330.734
2
59.666 304.754
0 0 0.75717 -0.653218
3
47.1915 283.407
65.4125 280.706
72.1405 326.1
53.9196 328.801
2
59.3796 302.821
0 0 0.75717 -0.653218
3
46.9051 281.474
65.1261 278.774
71.8541 324.168
53.6331 326.868
2
59.0931 300.888
0 0 0.75717 -0.653218
3
46.6187 279.542
64.8396 276.841
71.5676 322.235
53.3467 324.936
2
58.8067 298.956
0 0 0.75717 -0.653218
3
46.3322 277.609
64.5532 274.908
71.2812 320.302
53.0602 323.003
2
58.5203 297.023
0 0 0.75717 -0.653218
3
46.0458 275.676
64.2667 272.976
70.9947 318.37
52.7738 321.07
2
58.2338 295.09
0 0 0.75717 -0.653218
3
45.7593 273.744
63.9803 271.043
70.7083 316.437
52.4873 319.138
2
57.9474 293.158
0 0 0.75717 -0.653218
3
45.4729 271.811
63.6939 269.11
70.4219 314.504
52.2009 317.205
2
57.6609 291.225
0 0 0.75717 -0.653218
3
45.1865 269.878
63.4074 267.178
70.1354 312.572
51.9145 315.272
2
57.3745 289.292
0 0 0.75717 -0.653218
3
44.9 267.946
63.121 265.245
69.849 310.639
51.628 313.34
2
57.0881 287.36
0 0 0.75717 -0.653218
3
44.6136 266.013
62.8345 263.312
69.5625 308.707
51.3416 311.407
2
56.8016 285.427
0 0 0.75717 -0.653218
3
44.3271 264.08
62.5481 261.38
69.2761 306.774
51.0551 309.474
2
56.5152 283.494
0 0 0.75717 -0.653218
3
44.0407 262.148
62.2616 259.447
68.9896 304.841
50.7687 307.542
2
56.2287 281.562
0 0 0.75717 -0.653218
3
43.7542 260.215
61.9752 257.514
68.7032 302.909
50.4822 305.609
2
55.9423 279.629
0 0 0.75717 -0.653218
3
43.4678 258.282
61.6888 255.582
68.4168 300.976
50.1958 303.677
2
55.6558 277.697
0 0 0.75717 -0.653218
3
43.1814 256.35
61.4023 253.649
68.1303 299.043
49.9094 301.744
2
55.3694 275.764
0 0 0.75717 -0.653218
3
42.8949 254.417
61.1159 251.717
67.8439 297.111
49.6229 299.811
2
55.083 273.831
0 0 0.75717 -0.653218
3
42.6085 252.484
60.8294 249.784
67.5574 295.178
49.3365 297.879
2
54.7965 271.899
0 0 0.75717 -0.653218
3
42.322 250.552
60.543 247.851
67.271 293.245
49.05 295.946
2
54.5101 269.966
0 0 0.75717 -0.653218
3
42.0356 248.619
60.2566 245.919
66.9846 291.313
48.7636 294.013
2
54.2236 268.033
0 0 0.75717 -0.653218
3
41.7492 246.687
59.9701 243.986
66.6981 289.38
48.4772 292.081
2
53.9372 266.101
0 0 0.75717 -0.653218
3
41.4627 244.754
59.6837 242.053
66.4117 287.447
48.1907 290.148
2
53.6507 264.168
0 0 0.75717 -0.653218
3
41.1763 242.821
59.3972 240.121
66.1252 285.515
47.9043 288.215
2
53.3643 262.235
0 0 0.75717 -0.653218
3
40.8898 240.889
59.1108 238.188
65.8388 283.582
47.6178 286.283
2
53.0779 260.303
0 0 0.75717 -0.653218
3
40.6034 238.956
58.8243 236.255
65.5523 281.649
47.3314 284.35
2
52.7914 258.37
0 0 0.75717 -0.653218
3
40.3169 237.023
58.5379 234.323
65.2659 279.717
47.0449 282.417
2
52.505 256.437
0 0 0.75717 -0.653218
3
40.0305 235.091
58.2515 232.39
64.9795 277.784
46.7585 280.485
2
52.2185 254.505
0 0 0.75717 -0.653218
3
39.7441 233.158
57.965 230.457
64.693 275.852
46.4721 278.552
2
51.9321 252.572
0 0 0.75717 -0.653218
3
39.4576 231.225
57.6786 228.525
64.4066 273.919
46.1856 276.619
2
51.6457 250.639
0 0 0.75717 -0.653218
3
39.1712 229.293
57.3921 226.592
64.1201 271.986
45.8992 274.687
2
51.3592 248.707
0 0 0.75717 -0.653218
3
38.8847 227.36
57.1057 224.659
63.8337 270.054
45.6127 272.754
2
51.0728 246.774
0 0 0.75717 -0.653218
3
38.5983 225.427
56.8192 222.727
63.5473 268.121
45.3263 270.822
2
50.7863 244.842
0 0 0.75717 -0.653218
3
38.3119 223.495
56.5328 220.794
63.2608 266.188
45.0399 268.889
2
50.4999 242.909
0 0 0.75717 -0.653218
3
38.0254 221.562
56.2464 218.862
62.9744 264.256
44.7534 266.956
2
50.2134 240.976
0 0 0.75717 -0.653218
3
37.739 219.629
55.9599 216.929
62.6879 262.323
44.467 265.024
2
49.927 239.044
0 0 0.75717 -0.653218
3
37.4525 217.697
55.6735 214.996
62.4015 260.39
44.1805 263.091
2
49.6406 237.111
0 0 0.75717 -0.653218
3
37.1661 215.764
55.387 213.064
62.115 258.458
43.8941 261.158
2
49.3541 235.178
0 0 0.75717 -0.653218
3
36.8796 213.832
55.1006 211.131
61.8286 256.525
43.6076 259.226
2
49.0677 233.246
0 0 0.75717 -0.653218
3
36.5932 211.899
54.8142 209.198
61.5422 254.592
43.3212 257.293
2
48.7812 231.313
0 0 0.75717 -0.653218
3
36.3068 209.966
54.5277 207.266
61.2557 252.66
43.0348 255.36
2
48.4948 229.38
0 0 0.75717 -0.653218
3
36.0203 208.034
54.2413 205.333
60.9693 250.727
42.7483 253.428
2
48.2084 227.448
0 0 0.75717 -0.653218
3
35.7339 206.101
53.9548 203.4
60.6828 248.795
42.4619 251.495
2
47.9219 225.515
0 0 0.75717 -0.653218
3
35.4474 204.168
53.6684 201.468
60.3964 246.862
42.1754 249.563
2
47.6355 223.583
0 0 0.75717 -0.653218
3
35.161 202.236
53.3819 199.535
60.11 244.929
41.889 247.63
2
47.349 221.65
0 0 0.75717 -0.653218
3
34.8746 200.303
53.0955 197.603
59.8235 242.997
41.6026 245.697
2
47.0626 219.717
0 0 0.75717 -0.653218
3
34.5881 198.371
52.8091 195.67
59.5371 241.064
41.3161 243.765
2
46.7761 217.785
0 0 0.75717 -0.653218
3
34.3017 196.438
52.5226 193.737
59.2506 239.131
41.0297 241.832
2
46.4897 215.852
0 0 0.75717 -0.653218
3
34.0152 194.505
52.2362 191.805
58.9642 237.199
40.7432 239.899
2
46.2033 213.919
0 0 0.75717 -0.653218
3
33.7288 192.573
51.9497 189.872
58.6777 235.266
40.4568 237.967
2
45.9168 211.987
0 0 0.75717 -0.653218
3
33.4423 190.64
51.6633 187.939
58.3913 233.334
40.1703 236.034
2
45.6304 210.054
0 0 0.75717 -0.653218
3
33.1559 188.707
51.3769 186.007
58.1049 231.401
39.8839 234.101
2
45.3439 208.121
0 0 0.75717 -0.653218
3
32.8695 186.775
51.0904 184.074
57.8184 229.468
39.5975 232.169
2
45.0575 206.189
0 0 0.75717 -0.653218
3
32.583 184.842
50.804 182.142
57.532 227.536
39.311 230.236
2
44.7711 204.256
0 0 0.75717 -0.653218
3
32.2966 182.909
50.5175 180.209
57.2455 225.603
39.0246 228.304
2
44.4846 202.324
0 0 0.75717 -0.653218
3
32.0101 180.977
50.2311 178.276
56.9591 223.67
38.7381 226.371
2
44.1982 200.391
0 0 0.75717 -0.653218
3
31.7237 179.044
49.9446 176.344
56.6727 221.738
38.4517 224.438
2
43.9117 198.458
0 0 0.75717 -0.653218
3
31.4372 177.112
49.6582 174.411
56.3862 219.805
38.1653 222.506
2
43.6253 196.526
0 0 0.75717 -0.653218
3
31.1508 175.179
49.3718 172.478
56.0998 217.872
37.8788 220.573
2
43.3388 194.593
0 0 0.75717 -0.653218
3
30.8644 173.246
49.0853 170.546
55.8133 215.94
37.5924 218.64
2
43.0524 192.66
0 0 0.75717 -0.653218
3
30.5779 171.314
48.7989 168.613
55.5269 214.007
37.3059 216.708
2
42.766 190.728
0 0 0.75717 -0.653218
3
30.2915 169.381
48.5124 166.68
55.2404 212.075
37.0195 214.775
2
42.4795 188.795
0 0 0.75717 -0.653218
3
30.005 167.448
48.226 164.748
54.954 210.142
36.733 212.843
2
42.1931 186.863
0 0 0.75717 -0.653218
3
29.7186 165.516
47.9396 162.815
54.6676 208.209
36.4466 210.91
2
41.9066 184.93
0 0 0.75717 -0.653218
3
29.4322 163.583
47.6531 160.883
54.3811 206.277
36.1602 208.977
2
41.6202 182.997
0 0 0.75717 -0.653218
3
29.1457 161.651
47.3667 158.95
54.0947 204.344
35.8737 207.045
2
41.3338 181.065
0 0 0.75717 -0.653218
3
28.8593 159.718
47.0802 157.017
53.8082 202.411
35.5873 205.112
2
41.0473 179.132
0 0 0.75717 -0.653218
3
28.5728 157.785
46.7938 155.085
53.5218 200.479
35.3008 203.179
2
40.7609 177.199
0 0 0.75717 -0.653218
3
28.2864 155.853
46.5073 153.152
53.2353 198.546
35.0144 201.247
2
40.4744 175.267
0 0 0.75717 -0.653218
3
27.9999 153.92
46.2209 151.219
52.9489 196.614
34.728 199.314
2
40.188 173.334
0 0 0.75717 -0.653218
3
27.7135 151.987
45.9345 149.287
52.6625 194.681
34.4415 197.381
2
39.9015 171.401
0 0 0.75717 -0.653218
3
27.4271 150.055
45.648 147.354
52.376 192.748
34.1551 195.449
2
39.6151 169.469
0 0 0.75717 -0.653218
3
27.1406 148.122
45.3616 145.421
52.0896 190.816
33.8686 193.516
2
39.3287 167.536
0 0 0.75717 -0.653218
3
26.8542 146.189
45.0751 143.489
51.8031 188.883
33.5822 191.584
2
39.0422 165.604
0 0 0.75717 -0.653218
3
26.5677 144.257
44.7887 141.556
51.5167 186.95
33.2957 189.651
2
38.7558 163.671
0 0 0.75717 -0.653218
3
26.2813 142.324
44.5023 139.624
51.2303 185.018
33.0093 187.718
2
38.4693 161.738
0 0 0.75717 -0.653218
3
25.9949 140.392
44.2158 137.691
50.9438 183.085
32.7229 185.786
2
38.1829 159.806
0 0 0.75717 -0.653218
3
25.7084 138.459
43.9294 135.758
50.6574 181.152
32.4364 183.853
2
37.8965 157.873
0 0 0.75717 -0.653218
3
25.422 136.526
43.6429 133.826
50.3709 179.22
32.15 181.92
2
37.61 155.94
0 0 0.75717 -0.653218
3
25.1355 134.594
43.3565 131.893
50.0845 177.287
31.8635 179.988
2
37.3236 154.008
0 0 0.75717 -0.653218
3
24.8491 132.661
43.07 129.96
49.798 175.355
31.5771 178.055
2
37.0371 152.075
0 0 0.75717 -0.653218
3
24.5626 130.728
42.7836 128.028
49.5116 173.422
31.2906 176.123
2
36.7507 150.143
0 0 0.75717 -0.653218
3
24.2762 128.796
42.4972 126.095
49.2252 171.489
31.0042 174.19
2
36.4642 148.21
0 0 0.75717 -0.653218
3
23.9898 126.863
42.2107 124.163
48.9387 169.557
30.7178 172.257
2
36.1778 146.277
0 0 0.75717 -0.653218
3
23.7033 124.93
41.9243 122.23
48.6523 167.624
30.4313 170.325
2
35.8914 144.345
0 0 0.75717 -0.653218
3
23.4169 122.998
41.6378 120.297
48.3658 165.691
30.1449 168.392
2
35.6049 142.412
0 0 0.75717 -0.653218
3
23.1304 121.065
41.3514 118.365
48.0794 163.759
29.8584 166.459
2
36.0696 140.399
0 0 0.736592 -0.676337
3
24.9396 118.322
43.2927 116.753
47.1997 162.477
28.8465 164.045
2
36.658 138.419
0 0 0.71531 -0.698808
3
26.9151 115.695
45.33 115.265
46.4009 161.143
27.9859 161.573
2
37.3677 136.479
0 0 0.693342 -0.720609
3
29.0492 113.196
47.4555 113.906
45.6862 159.762
27.2799 159.052
2
37.443 134.527
0 0 0.693342 -0.720609
3
29.1245 111.244
47.5308 111.954
45.7616 157.81
27.3553 157.1
2
37.5184 132.574
0 0 0.693342 -0.720609
3
29.1999 109.291
47.6062 110.002
45.8369 155.857
27.4306 155.147
2
37.5937 130.622
0 0 0.693342 -0.720609
3
29.2752 107.339
47.6815 108.049
45.9122 153.905
27.5059 153.195
2
37.669 128.67
0 0 0.693342 -0.720609
3
29.3505 105.387
47.7568 106.097
45.9875 151.953
27.5812 151.243
2
37.7443 126.718
0 0 0.693342 -0.720609
3
29.4258 103.435
47.8321 104.145
46.0629 150.001
27.6566 149.29
2
37.8197 124.765
0 0 0.693342 -0.720609
3
29.5012 101.482
47.9075 102.192
46.1382 148.048
27.7319 147.338
2
37.895 122.813
0 0 0.693342 -0.720609
3
29.5765 99.5299
47.9828 100.24
46.2135 146.096
27.8072 145.386
2
37.9703 120.861
0 0 0.693342 -0.720609
3
29.6518 97.5776
48.0581 98.2878
46.2888 144.144
27.8825 143.434
2
38.0456 118.908
0 0 0.693342 -0.720609
3
29.7271 95.6253
48.1334 96.3355
46.3642 142.191
27.9579 141.481
2
38.121 116.956
0 0 0.693342 -0.720609
3
29.8025 93.673
48.2088 94.3832
46.4395 140.239
28.0332 139.529
2
38.1963 115.004
0 0 0.693342 -0.720609
3
29.8778 91.7207
48.2841 92.4309
46.5148 138.287
28.1085 137.577
2
38.2716 113.051
0 0 0.693342 -0.720609
3
29.9531 89.7684
48.3594 90.4786
46.5901 136.334
28.1838 135.624
2
38.3469 111.099
0 0 0.693342 -0.720609
3
30.0284 87.8161
48.4347 88.5263
46.6655 134.382
28.2592 133.672
2
38.4223 109.147
0 0 0.693342 -0.720609
3
30.1038 85.8638
48.5101 86.574
46.7408 132.43
28.3345 131.72
2
38.4976 107.195
0 0 0.693342 -0.720609
3
30.1791 83.9115
48.5854 84.6217
46.8161 130.478
28.4098 129.767
2
38.5729 105.242
0 0 0.693342 -0.720609
3
30.2544 81.9592
48.6607 82.6694
46.8914 128.525
28.4851 127.815
2
38.6482 103.29
0 0 0.693342 -0.720609
3
30.3297 80.0069
48.736 80.7171
46.9668 126.573
28.5605 125.863
2
38.7236 101.338
0 0 0.693342 -0.720609
3
30.4051 78.0546
48.8114 78.7648
47.0421 124.621
28.6358 123.91
2
38.7989 99.3853
0 0 0.693342 -0.720609
3
30.4804 76.1023
48.8867 76.8125
47.1174 122.668
28.7111 121.958
2
38.8742 97.433
0 0 0.693342 -0.720609
3
30.5557 74.15
48.962 74.8602
47.1927 120.716
28.7864 120.006
2
38.9495 95.4807
0 0 0.693342 -0.720609
3
30.631 72.1977
49.0373 72.9079
47.2681 118.764
28.8618 118.054
2
39.0249 93.5284
0 0 0.693342 -0.720609
3
30.7064 70.2454
49.1127 70.9556
47.3434 116.811
28.9371 116.101
2
39.1002 91.5761
0 0 0.693342 -0.720609
3
30.7817 68.2931
49.188 69.0033
47.4187 114.859
29.0124 114.149
2
39.1755 89.6238
0 0 0.693342 -0.720609
3
30.857 66.3408
49.2633 67.051
47.494 112.907
29.0877 112.197
2
39.2508 87.6715
0 0 0.693342 -0.720609
3
30.9323 64.3885
49.3386 65.0987
47.5694 110.955
29.1631 110.244
2
39.3262 85.7192
0 0 0.693342 -0.720609
3
31.0077 62.4362
49.414 63.1464
47.6447 109.002
29.2384 108.292
2
39.4015 83.7669
0 0 0.693342 -0.720609
3
31.083 60.4839
49.4893 61.1941
47.72 107.05
29.3137 106.34
2
39.4768 81.8146
0 0 0.693342 -0.720609
3
31.1583 58.5316
49.5646 59.2418
47.7953 105.098
29.389 104.387
2
40.3052 79.9223
0 0 0.67071 -0.74172
3
33.443 56.1692
51.7701 58.0167
47.1674 103.675
28.8403 101.828
2
41.249 78.0848
0 0 0.647435 -0.762121
3
35.8694 53.9527
54.0471 56.9304
46.6287 102.217
28.451 99.2391
2
42.3048 76.3092
0 0 0.62354 -0.781791
3
38.4283 51.8905
56.387 55.9871
46.1813 100.728
28.2226 96.6313
2
43.4683 74.6023
0 0 0.599048 -0.800713
3
41.1098 49.9906
58.7807 55.1903
45.8268 99.214
28.1559 94.0143
2
44.7352 72.9707
0 0 0.573982 -0.818868
3
43.9038 48.2602
61.2192 54.5431
45.5666 97.6811
28.2513 91.3983
2
46.1006 71.4205
0 0 0.548367 -0.836238
3
46.7995 46.706
63.693 54.048
45.4018 96.1351
28.5083 88.7931
2
47.5593 69.9578
0 0 0.522226 -0.852807
3
49.7857 45.3339
66.1927 53.7069
45.3329 94.5818
28.9259 86.2088
2
49.1057 68.5882
0 0 0.495585 -0.86856
3
52.8511 44.1491
68.7087 53.5211
45.3603 93.0273
29.5027 83.6553
2
50.7339 67.3168
0 0 0.468469 -0.88348
3
55.984 43.1563
71.2314 53.4912
45.4837 91.4774
30.2363 81.1424
2
52.4375 66.1486
0 0 0.440904 -0.897554
3
59.1722 42.3591
73.7511 53.6175
45.7028 89.9381
31.124 78.6797
2
54.2102 65.0881
0 0 0.412917 -0.910769
3
62.4037 41.7607
76.2582 53.8995
46.0168 88.4154
32.1623 76.2766
2
56.0451 64.1392
0 0 0.384535 -0.923111
3
65.666 41.3634
78.743 54.336
46.4243 86.9149
33.3472 73.9424
2
57.9352 63.3056
0 0 0.355784 -0.934568
3
68.9466 41.1686
81.1961 54.9254
46.9238 85.4426
34.6744 71.6859
2
59.8733 62.5906
0 0 0.326692 -0.945131
3
72.233 41.1772
83.608 55.6653
47.5135 84.004
36.1385 69.5158
2
61.8518 61.9968
0 0 0.297288 -0.954788
3
75.5126 41.389
85.9695 56.5531
48.191 82.6046
37.7341 67.4405
2
63.8633 61.5266
0 0 0.267598 -0.963531
3
78.7728 41.8034
88.2716 57.5853
48.9539 81.2498
39.4551 65.4679
2
65.9001 61.1817
0 0 0.237653 -0.97135
3
82.0011 42.4186
90.5054 58.7579
49.799 79.9448
41.2947 63.6055
2
67.2573 59.6244
0 0 0.267598 -0.963531
3
82.1667 39.9012
91.6655 55.6831
52.3478 79.3476
42.849 63.5656
2
68.9312 58.6169
0 0 0.267598 -0.963531
3
83.8407 38.8937
93.3395 54.6756
54.0217 78.3401
44.5229 62.5581
2
70.6051 57.6094
0 0 0.267598 -0.963531
3
85.5146 37.8861
95.0134 53.6681
55.6957 77.3326
46.1969 61.5506
2
72.6419 57.2645
0 0 0.237653 -0.97135
3
88.7429 38.5014
97.2472 54.8407
56.5408 76.0276
48.0365 59.6882
2
74.6961 57.0462
0 0 0.207479 -0.978239
3
91.927 39.3151
99.4042 56.1492
57.4651 74.7773
49.9879 57.9432
2
76.7598 56.9555
0 0 0.177107 -0.984192
3
95.0546 40.3243
101.476 57.5887
58.465 73.5867
52.0435 56.3222
2
78.8252 56.9926
0 0 0.146566 -0.989201
3
98.1138 41.525
103.455 59.1536
59.5366 72.4601
54.1954 54.8315
2
80.695 56.4261
0 0 0.146566 -0.989201
3
99.9836 40.9585
105.325 58.5871
61.4064 71.8936
56.0652 54.265
2
82.5648 55.8595
0 0 0.146566 -0.989201
3
101.853 40.392
107.195 58.0206
63.2762 71.3271
57.935 53.6985
2
84.4346 55.293
0 0 0.146566 -0.989201
3
103.723 39.8254
109.064 57.4541
65.146 70.7606
59.8048 53.132
2
86.3044 54.7265
0 0 0.146566 -0.989201
3
105.593 39.2589
110.934 56.8875
67.0158 70.1941
61.6746 52.5654
2
88.1743 54.16
0 0 0.146566 -0.989201
3
107.463 38.6924
112.804 56.321
68.8856 69.6275
63.5445 51.9989
2
90.2334 54.3248
0 0 0.115884 -0.993263
3
110.442 40.0801
114.682 58.0053
70.0248 68.5695
65.7845 50.6442
2
92.2784 54.6166
0 0 0.0850905 -0.996373
3
113.329 41.6494
116.453 59.8026
71.2274 67.5839
68.104 49.4306
2
94.3014 55.0344
0 0 0.0542159 -0.998529
3
116.114 43.3943
118.109 61.706
72.4885 66.6746
70.4941 48.3629
2
96.2948 55.5766
0 0 0.0232894 -0.999729
3
118.786 45.3081
119.644 63.7082
73.8035 65.8451
72.9458 47.4451
2
98.2464 55.4856
0 0 0.0232894 -0.999729
3
120.738 45.2172
121.595 63.6172
75.7552 65.7541
74.8974 47.3541
2
100.198 55.3947
0 0 0.0232894 -0.999729
3
122.689 45.1262
123.547 63.5262
77.7068 65.6631
76.849 47.2631
2
102.15 55.3037
0 0 0.0232894 -0.999729
3
124.641 45.0352
125.499 63.4352
79.6584 65.5721
78.8007 47.1721
2
104.101 55.2127
0 0 0.0232894 -0.999729
3
126.593 44.9442
127.45 63.3442
81.61 65.4812
80.7523 47.0811
2
106.053 55.1217
0 0 0.0232894 -0.999729
3
128.544 44.8532
129.402 63.2533
83.5617 65.3902
82.7039 46.9902
2
108.005 55.0307
0 0 0.0232894 -0.999729
3
130.496 44.7623
131.354 63.1623
85.5133 65.2992
84.6556 46.8992
2
109.956 54.9398
0 0 0.0232894 -0.999729
3
132.447 44.6713
133.305 63.0713
87.4649 65.2082
86.6072 46.8082
2
111.908 54.8488
0 0 0.0232894 -0.999729
3
134.399 44.5803
135.257 62.9803
89.4166 65.1172
88.5588 46.7172
2
113.859 54.7578
0 0 0.0232894 -0.999729
3
136.351 44.4893
137.208 62.8893
91.3682 65.0263
90.5104 46.6262
2
115.811 54.6668
0 0 0.0232894 -0.999729
3
138.302 44.3983
139.16 62.7984
93.3198 64.9353
92.4621 46.5353
2
117.763 54.5758
0 0 0.0232894 -0.999729
3
140.254 44.3074
141.112 62.7074
95.2715 64.8443
94.4137 46.4443
2
119.714 54.4849
0 0 0.0232894 -0.999729
3
142.206 44.2164
143.063 62.6164
97.2231 64.7533
96.3653 46.3533
2
121.666 54.3939
0 0 0.0232894 -0.999729
3
144.157 44.1254
145.015 62.5254
99.1747 64.6623
98.317 46.2623
2
123.618 54.3029
0 0 0.0232894 -0.999729
3
146.109 44.0344
146.967 62.4344
101.126 64.5714
100.269 46.1713
2
125.569 54.2119
0 0 0.0232894 -0.999729
3
148.06 43.9434
148.918 62.3435
103.078 64.4804
102.22 46.0804
2
127.521 54.1209
0 0 0.0232894 -0.999729
3
150.012 43.8525
150.87 62.2525
105.03 64.3894
104.172 45.9894
2
129.472 54.0299
0 0 0.0232894 -0.999729
3
151.964 43.7615
152.821 62.1615
106.981 64.2984
106.123 45.8984
2
131.424 53.939
0 0 0.0232894 -0.999729
3
153.915 43.6705
154.773 62.0705
108.933 64.2074
108.075 45.8074
2
133.376 53.848
0 0 0.0232894 -0.999729
3
155.867 43.5795
156.725 61.9795
110.884 64.1165
110.027 45.7164
2
135.327 53.757
0 0 0.0232894 -0.999729
3
157.819 43.4885
158.676 61.8886
112.836 64.0255
111.978 45.6255
2
137.279 53.666
0 0 0.0232894 -0.999729
3
159.77 43.3976
160.628 61.7976
114.788 63.9345
113.93 45.5345
2
139.231 53.575
0 0 0.0232894 -0.999729
3
161.722 43.3066
162.58 61.7066
116.739 63.8435
115.882 45.4435
2
141.182 53.4841
0 0 0.0232894 -0.999729
3
163.673 43.2156
164.531 61.6156
118.691 63.7525
117.833 45.3525
2
143.134 53.3931
0 0 0.0232894 -0.999729
3
165.625 43.1246
166.483 61.5246
120.643 63.6616
119.785 45.2615
2
145.086 53.3021
0 0 0.0232894 -0.999729
3
167.577 43.0336
168.434 61.4337
122.594 63.5706
121.737 45.1706
2
147.037 53.2111
0 0 0.0232894 -0.999729
3
169.528 42.9427
170.386 61.3427
124.546 63.4796
123.688 45.0796
2
148.989 53.1201
0 0 0.0232894 -0.999729
3
171.48 42.8517
172.338 61.2517
126.498 63.3886
125.64 44.9886
2
150.94 53.0292
0 0 0.0232894 -0.999729
3
173.432 42.7607
174.289 61.1607
128.449 63.2976
127.591 44.8976
2
152.892 52.9382
0 0 0.0232894 -0.999729
3
175.383 42.6697
176.241 61.0697
130.401 63.2067
129.543 44.8066
2
154.844 52.8472
0 0 0.0232894 -0.999729
3
177.335 42.5787
178.193 60.9788
132.352 63.1157
131.495 44.7157
2
156.795 52.7562
0 0 0.0232894 -0.999729
3
179.287 42.4878
180.144 60.8878
134.304 63.0247
133.446 44.6247
2
158.747 52.6652
0 0 0.0232894 -0.999729
3
181.238 42.3968
182.096 60.7968
136.256 62.9337
135.398 44.5337
2
160.699 52.5743
0 0 0.0232894 -0.999729
3
183.19 42.3058
184.048 60.7058
138.207 62.8427
137.35 44.4427
2
162.65 52.4833
0 0 0.0232894 -0.999729
3
185.141 42.2148
185.999 60.6148
140.159 62.7518
139.301 44.3517
2
164.602 52.3923
0 0 0.0232894 -0.999729
3
187.093 42.1238
187.951 60.5238
142.111 62.6608
141.253 44.2608
2
166.487 51.5488
0 0 0.0542159 -0.998529
3
188.3 39.9086
190.295 58.2203
144.675 63.1889
142.68 44.8772
2
168.317 50.5902
0 0 0.0850905 -0.996373
3
189.368 37.6229
192.492 55.7762
147.266 63.5575
144.143 45.4042
2
170.084 49.5203
0 0 0.115884 -0.993263
3
190.293 35.2756
194.533 53.2009
149.876 63.765
145.635 45.8397
2
171.782 48.3431
0 0 0.146566 -0.989201
3
191.071 32.8755
196.412 50.5042
152.493 63.8107
147.152 46.1821
2
173.841 48.5079
0 0 0.115884 -0.993263
3
194.05 34.2632
198.29 52.1885
153.632 62.7526
149.392 44.8273
2
175.886 48.7998
0 0 0.0850905 -0.996373
3
196.937 35.8325
200.06 53.9858
154.835 61.767
151.712 43.6138
2
177.909 49.2176
0 0 0.0542159 -0.998529
3
199.722 37.5774
201.716 55.8891
156.096 60.8578
154.102 42.546
2
179.902 49.7598
0 0 0.0232894 -0.999729
3
202.394 39.4913
203.251 57.8913
157.411 60.0282
156.553 41.6282
2
181.858 50.4242
0 0 0.00765945 0.999971
3
204.942 41.5668
204.66 59.9846
158.775 59.2816
159.057 40.8638
2
183.769 51.2084
0 0 0.038601 0.999255
3
207.357 43.7959
205.936 62.161
160.182 58.6208
161.603 40.2557
2
185.628 52.1093
0 0 0.0695055 0.997582
3
209.629 46.1701
207.074 64.4122
161.628 58.0484
164.182 39.8064
2
187.428 53.1234
0 0 0.100343 0.994953
3
211.75 48.6804
208.072 66.7295
163.106 57.5664
166.784 39.5174
2
189.161 54.247
0 0 0.131085 0.991371
3
213.712 51.3171
208.924 69.1041
164.611 57.1769
169.399 39.3899
2
190.822 55.4756
0 0 0.161702 0.98684
3
215.507 54.0701
209.628 71.5268
166.138 56.8811
172.016 39.4244
2
192.404 56.8046
0 0 0.192163 0.981363
3
217.128 56.9288
210.18 73.9885
167.679 56.6804
174.627 39.6208
2
193.9 58.2289
0 0 0.22244 0.974946
3
218.569 59.8824
210.579 76.4796
169.231 56.5755
177.22 39.9783
2
195.305 59.7431
0 0 0.252505 0.967596
3
219.825 62.9194
210.824 78.9906
170.785 56.5667
179.786 40.4955
2
196.614 61.3412
0 0 0.282327 0.959318
3
220.89 66.0284
210.912 81.5119
172.338 56.6541
182.316 41.1705
2
197.821 63.0173
0 0 0.311879 0.950122
3
221.761 69.1972
210.844 84.0339
173.882 56.8374
184.798 42.0007
2
198.923 64.7649
0 0 0.341132 0.940015
3
222.434 72.4139
210.621 86.5468
175.411 57.1158
187.225 42.9829
2
199.914 66.5772
0 0 0.370058 0.929008
3
222.907 75.6661
210.242 89.0411
176.921 57.4883
189.586 44.1133
2
200.791 68.4474
0 0 0.39863 0.917112
3
223.178 78.9413
209.71 91.5072
178.404 57.9535
191.873 45.3876
2
201.551 70.3683
0 0 0.42682 0.904336
3
223.246 82.227
209.026 93.9357
179.856 58.5096
194.076 46.8009
2
202.191 72.3325
0 0 0.454602 0.890695
3
223.111 85.5106
208.194 96.3172
181.271 59.1544
196.188 48.3479
2
203.93 73.4469
0 0 0.42682 0.904336
3
225.625 85.3056
211.405 97.0143
182.235 61.5882
196.455 49.8795
2
205.735 74.4516
0 0 0.39863 0.917112
3
228.122 84.9455
214.654 97.5114
183.348 63.9577
196.817 51.3918
2
207.599 75.3426
0 0 0.370058 0.929008
3
230.592 84.4315
217.927 97.8065
184.606 66.2537
197.271 52.8787
2
209.514 76.1167
0 0 0.341132 0.940015
3
233.026 83.7658
221.212 97.8987
186.003 68.4676
197.816 54.3347
2
211.474 76.7708
0 0 0.311879 0.950122
3
235.413 82.9507
224.497 97.7874
187.534 70.5908
198.45 55.7542
2
213.47 77.3024
0 0 0.282327 0.959318
3
237.746 81.9896
227.768 97.4731
189.194 72.6153
199.171 57.1317
2
214.677 78.9785
0 0 0.311879 0.950122
3
238.617 85.1584
227.7 99.9951
190.738 72.7986
201.654 57.9619
2
215.779 80.7261
0 0 0.341132 0.940015
3
239.29 88.3751
227.477 102.508
192.267 73.077
204.081 58.9441
2
216.77 82.5384
0 0 0.370058 0.929008
3
239.763 91.6273
227.098 105.002
193.777 73.4495
206.442 60.0745
2
217.647 84.4086
0 0 0.39863 0.917112
3
240.034 94.9025
226.566 107.468
195.26 73.9147
208.729 61.3488
2
218.407 86.3295
0 0 0.42682 0.904336
3
240.102 98.1882
225.882 109.897
196.712 74.4708
210.932 62.7621
2
219.047 88.2937
0 0 0.454602 0.890695
3
239.966 101.472
225.05 112.278
198.127 75.1156
213.044 64.3091
2
220.193 89.8759
0 0 0.454602 0.890695
3
241.113 103.054
226.196 113.861
199.273 76.6978
214.19 65.8913
2
221.339 91.4581
0 0 0.454602 0.890695
3
242.259 104.636
227.342 115.443
200.419 78.28
215.336 67.4734
2
222.485 93.0403
0 0 0.454602 0.890695
3
243.405 106.218
228.488 117.025
201.566 79.8622
216.483 69.0556
2
223.632 94.6225
0 0 0.454602 0.890695
3
244.551 107.801
229.634 118.607
202.712 81.4444
217.629 70.6378
2
224.778 96.2047
0 0 0.454602 0.890695
3
245.697 109.383
230.781 120.189
203.858 83.0266
218.775 72.22
2
225.924 97.7869
0 0 0.454602 0.890695
3
246.844 110.965
231.927 121.772
205.004 84.6088
219.921 73.8022
2
227.07 99.3691
0 0 0.454602 0.890695
3
247.99 112.547
233.073 123.354
206.15 86.191
221.067 75.3844
2
228.216 100.951
0 0 0.454602 0.890695
3
249.136 114.129
234.219 124.936
207.297 87.7731
222.214 76.9666
2
229.956 102.066
0 0 0.42682 0.904336
3
251.651 113.924
237.431 125.633
208.261 90.2069
222.481 78.4983
2
231.761 103.07
0 0 0.39863 0.917112
3
254.148 113.564
240.679 126.13
209.374 92.5764
222.842 80.0105
2
233.624 103.961
0 0 0.370058 0.929008
3
256.618 113.05
243.953 126.425
210.631 94.8725
223.296 81.4974
2
234.502 105.832
0 0 0.39863 0.917112
3
256.889 116.325
243.42 128.891
212.115 95.3376
225.583 82.7717
2
235.262 107.752
0 0 0.42682 0.904336
3
256.956 119.611
242.737 131.32
213.567 95.8937
227.787 84.1851
2
235.901 109.717
0 0 0.454602 0.890695
3
256.821 122.895
241.904 133.701
214.981 96.5386
229.898 85.732
2
236.418 111.717
0 0 0.481947 0.8762
3
256.482 126.164
240.926 136.027
216.354 97.2697
231.91 87.4066
2
236.81 113.745
0 0 0.508832 0.860866
3
255.942 129.405
239.805 138.287
217.678 98.0843
233.815 89.2025
2
237.076 115.793
0 0 0.535228 0.844707
3
255.203 132.608
238.547 140.474
218.949 98.9793
235.605 91.1128
2
237.215 117.854
0 0 0.561112 0.82774
3
254.267 135.758
237.156 142.579
220.163 99.9512
237.273 93.1301
2
237.226 119.92
0 0 0.586459 0.809979
3
253.137 138.844
235.638 144.594
221.314 100.996
238.814 95.2468
2
237.109 121.983
0 0 0.611244 0.791442
3
251.819 141.855
233.998 146.51
222.398 102.111
240.22 97.4547
2
236.865 124.034
0 0 0.635443 0.772148
3
250.318 144.778
232.242 148.322
223.412 103.29
241.487 99.7454
2
236.494 126.066
0 0 0.659034 0.752113
3
248.638 147.603
230.377 150.022
224.35 104.53
242.61 102.11
2
236.751 128.003
0 0 0.659034 0.752113
3
248.895 149.539
230.634 151.959
224.606 106.466
242.867 104.047
2
237.007 129.94
0 0 0.659034 0.752113
3
249.151 151.476
230.891 153.896
224.863 108.403
243.124 105.984
2
237.264 131.877
0 0 0.659034 0.752113
3
249.408 153.413
231.147 155.832
225.12 110.34
243.38 107.921
2
237.52 133.813
0 0 0.659034 0.752113
3
249.664 155.35
231.404 157.769
225.376 112.277
243.637 109.857
2
237.777 135.75
0 0 0.659034 0.752113
3
249.921 157.287
231.661 159.706
225.633 114.214
243.893 111.794
2
238.034 137.687
0 0 0.659034 0.752113
3
250.178 159.223
231.917 161.643
225.89 116.151
244.15 113.731
2
238.29 139.624
0 0 0.659034 0.752113
3
250.434 161.16
232.174 163.58
226.146 118.087
244.407 115.668
2
238.547 141.561
0 0 0.659034 0.752113
3
250.691 163.097
232.43 165.517
226.403 120.024
244.663 117.605
2
238.803 143.497
0 0 0.659034 0.752113
3
250.947 165.034
232.687 167.453
226.659 121.961
244.92 119.542
2
239.06 145.434
0 0 0.659034 0.752113
3
251.204 166.971
232.944 169.39
226.916 123.898
245.176 121.478
2
239.317 147.371
0 0 0.659034 0.752113
3
251.461 168.908
233.2 171.327
227.173 125.835
245.433 123.415
2
239.573 149.308
0 0 0.659034 0.752113
3
251.717 170.844
233.457 173.264
227.429 127.771
245.69 125.352
2
239.078 151.313
0 0 0.681993 0.731359
3
249.866 173.56
231.491 174.845
228.289 129.067
246.664 127.782
2
238.459 153.284
0 0 0.704299 0.709903
3
247.85 176.155
229.431 176.301
229.067 130.413
247.487 130.267
2
237.719 155.213
0 0 0.72593 0.687768
3
245.678 178.621
227.285 177.628
229.761 131.805
248.154 132.798
2
237.614 157.164
0 0 0.72593 0.687768
3
245.573 180.572
227.179 179.579
229.655 133.755
248.048 134.749
2
237.509 159.115
0 0 0.72593 0.687768
3
245.467 182.523
227.074 181.53
229.55 135.706
247.943 136.7
2
238.158 161.076
0 0 0.704299 0.709903
3
247.55 183.947
229.131 184.093
228.767 138.204
247.186 138.058
2
238.174 163.029
0 0 0.704299 0.709903
3
247.566 185.901
229.146 186.047
228.782 140.158
247.202 140.012
2
238.189 164.983
0 0 0.704299 0.709903
3
247.581 187.854
229.162 188
228.798 142.112
247.217 141.966
2
238.205 166.937
0 0 0.704299 0.709903
3
247.597 189.808
229.177 189.954
228.813 144.065
247.233 143.919
2
238.22 168.89
0 0 0.704299 0.709903
3
247.612 191.762
229.193 191.908
228.829 146.019
247.248 145.873
2
238.236 170.844
0 0 0.704299 0.709903
3
247.627 193.715
229.208 193.861
228.844 147.973
247.264 147.827
2
238.251 172.798
0 0 0.704299 0.709903
3
247.643 195.669
229.224 195.815
228.86 149.926
247.279 149.78
2
238.267 174.751
0 0 0.704299 0.709903
3
247.658 197.623
229.239 197.769
228.875 151.88
247.295 151.734
2
238.282 176.705
0 0 0.704299 0.709903
3
247.674 199.576
229.255 199.722
228.891 153.834
247.31 153.688
2
238.298 178.659
0 0 0.704299 0.709903
3
247.689 201.53
229.27 201.676
228.906 155.788
247.326 155.642
2
238.313 180.613
0 0 0.704299 0.709903
3
247.705 203.484
229.285 203.63
228.922 157.741
247.341 157.595
2
238.329 182.566
0 0 0.704299 0.709903
3
247.72 205.437
229.301 205.583
228.937 159.695
247.357 159.549
2
238.344 184.52
0 0 0.704299 0.709903
3
247.736 207.391
229.316 207.537
228.953 161.649
247.372 161.503
2
238.36 186.474
0 0 0.704299 0.709903
3
247.751 209.345
229.332 209.491
228.968 163.602
247.388 163.456
2
238.375 188.427
0 0 0.704299 0.709903
3
247.767 211.299
229.347 211.445
228.984 165.556
247.403 165.41
2
238.391 190.381
0 0 0.704299 0.709903
3
247.782 213.252
229.363 213.398
228.999 167.51
247.419 167.364
2
238.406 192.335
0 0 0.704299 0.709903
3
247.798 215.206
229.378 215.352
229.015 169.463
247.434 169.317
2
238.422 194.288
0 0 0.704299 0.709903
3
247.813 217.16
229.394 217.306
229.03 171.417
247.45 171.271
2
238.437 196.242
0 0 0.704299 0.709903
3
247.829 219.113
229.409 219.259
229.046 173.371
247.465 173.225
2
238.453 198.196
0 0 0.704299 0.709903
3
247.844 221.067
229.425 221.213
229.061 175.324
247.481 175.178
2
238.468 200.149
0 0 0.704299 0.709903
3
247.86 223.021
229.44 223.167
229.077 177.278
247.496 177.132
2
238.484 202.103
0 0 0.704299 0.709903
3
247.875 224.974
229.456 225.12
229.092 179.232
247.512 179.086
2
238.499 204.057
0 0 0.704299 0.709903
3
247.891 226.928
229.471 227.074
229.108 181.186
247.527 181.04
2
238.515 206.01
0 0 0.704299 0.709903
3
247.906 228.882
229.487 229.028
229.123 183.139
247.543 182.993
2
238.53 207.964
0 0 0.704299 0.709903
3
247.922 230.835
229.502 230.981
229.139 185.093
247.558 184.947
2
238.546 209.918
0 0 0.704299 0.709903
3
247.937 232.789
229.518 232.935
229.154 187.047
247.574 186.901
2
238.561 211.872
0 0 0.704299 0.709903
3
247.953 234.743
229.533 234.889
229.17 189
247.589 188.854
2
238.577 213.825
0 0 0.704299 0.709903
3
247.968 236.697
229.549 236.843
229.185 190.954
247.604 190.808
2
238.592 215.779
0 0 0.704299 0.709903
3
247.984 238.65
229.564 238.796
229.201 192.908
247.62 192.762
2
238.608 217.733
0 0 0.704299 0.709903
3
247.999 240.604
229.58 240.75
229.216 194.861
247.635 194.715
2
238.623 219.686
0 0 0.704299 0.709903
3
248.015 242.558
229.595 242.704
229.232 196.815
247.651 196.669
2
238.639 221.64
0 0 0.704299 0.709903
3
248.03 244.511
229.611 244.657
229.247 198.769
247.666 198.623
2
238.654 223.594
0 0 0.704299 0.709903
3
248.046 246.465
229.626 246.611
229.263 200.722
247.682 200.576
2
238.67 225.547
0 0 0.704299 0.709903
3
248.061 248.419
229.642 248.565
229.278 202.676
247.697 202.53
2
238.685 227.501
0 0 0.704299 0.709903
3
248.077 250.372
229.657 250.518
229.293 204.63
247.713 204.484
2
238.701 229.455
0 0 0.704299 0.709903
3
248.092 252.326
229.673 252.472
229.309 206.583
247.728 206.437
2
238.716 231.408
0 0 0.704299 0.709903
3
248.108 254.28
229.688 254.426
229.324 208.537
247.744 208.391
2
238.732 233.362
0 0 0.704299 0.709903
3
248.123 256.233
229.704 256.379
229.34 210.491
247.759 210.345
2
238.747 235.316
0 0 0.704299 0.709903
3
248.139 258.187
229.719 258.333
229.355 212.445
247.775 212.299
2
238.762 237.27
0 0 0.704299 0.709903
3
248.154 260.141
229.735 260.287
229.371 214.398
247.79 214.252
2
238.778 239.223
0 0 0.704299 0.709903
3
248.17 262.094
229.75 262.24
229.386 216.352
247.806 216.206
2
238.793 241.177
0 0 0.704299 0.709903
3
248.185 264.048
229.766 264.194
229.402 218.306
247.821 218.16
2
238.809 243.131
0 0 0.704299 0.709903
3
248.201 266.002
229.781 266.148
229.417 220.259
247.837 220.113
2
238.824 245.084
0 0 0.704299 0.709903
3
248.216 267.956
229.797 268.102
229.433 222.213
247.852 222.067
2
238.84 247.038
0 0 0.704299 0.709903
3
248.231 269.909
229.812 270.055
229.448 224.167
247.868 224.021
2
238.855 248.992
0 0 0.704299 0.709903
3
248.247 271.863
229.828 272.009
229.464 226.12
247.883 225.974
2
238.116 250.92
0 0 0.72593 0.687768
3
246.075 274.329
227.681 273.335
230.157 227.512
248.55 228.506
2
237.258 252.8
0 0 0.746866 0.664974
3
243.754 276.656
225.457 274.526
230.763 228.944
249.06 231.074
2
236.286 254.623
0 0 0.767087 0.641543
3
241.293 278.835
223.164 275.577
231.279 230.41
249.409 233.668
2
235.203 256.382
0 0 0.786573 0.617497
3
238.703 280.857
220.81 276.484
231.704 231.906
249.597 236.279
2
234.014 258.07
0 0 0.805305 0.59286
3
235.993 282.716
218.404 277.244
232.035 233.425
249.623 238.897
2
234.163 260.131
0 0 0.786573 0.617497
3
237.663 284.606
219.77 280.233
230.664 235.655
248.557 240.028
2
234.44 262.178
0 0 0.767087 0.641543
3
239.447 286.39
221.317 283.132
229.433 237.966
247.563 241.223
2
234.843 264.204
0 0 0.746866 0.664974
3
241.338 288.06
223.042 285.93
228.348 240.348
246.644 242.478
2
235.37 266.201
0 0 0.72593 0.687768
3
243.329 289.61
224.936 288.616
227.412 242.793
245.805 243.786
2
236.02 268.162
0 0 0.704299 0.709903
3
245.412 291.033
226.992 291.179
226.629 245.291
245.048 245.145
2
236.79 270.079
0 0 0.681993 0.731359
3
247.579 292.325
229.204 293.611
226.002 247.832
244.377 246.547
2
237.677 271.944
0 0 0.659034 0.752113
3
249.821 293.481
231.561 295.9
225.533 250.408
243.794 247.988
2
237.182 273.95
0 0 0.681993 0.731359
3
247.97 296.196
229.595 297.481
226.393 251.703
244.768 250.418
2
236.563 275.921
0 0 0.704299 0.709903
3
245.954 298.792
227.535 298.938
227.171 253.049
245.591 252.903
2
235.823 277.849
0 0 0.72593 0.687768
3
243.782 301.258
225.389 300.264
227.865 254.441
246.258 255.435
2
234.966 279.729
0 0 0.746866 0.664974
3
241.461 303.585
223.165 301.455
228.471 255.873
246.767 258.003
2
234.74 281.669
0 0 0.746866 0.664974
3
241.235 305.525
222.939 303.396
228.245 257.813
246.541 259.943
2
234.514 283.61
0 0 0.746866 0.664974
3
241.009 307.466
222.713 305.336
228.019 259.754
246.315 261.884
2
234.288 285.551
0 0 0.746866 0.664974
3
240.784 309.407
222.487 307.277
227.793 261.695
246.089 263.824
2
234.062 287.491
0 0 0.746866 0.664974
3
240.558 311.347
222.261 309.218
227.567 263.635
245.863 265.765
2
234.59 289.489
0 0 0.72593 0.687768
3
242.548 312.897
224.155 311.903
226.631 266.08
245.024 267.074
2
235.24 291.449
0 0 0.704299 0.709903
3
244.631 314.321
226.212 314.467
225.848 268.578
244.268 268.432
2
236.01 293.366
0 0 0.681993 0.731359
3
246.798 315.613
228.423 316.898
225.221 271.12
243.596 269.835
2
236.897 295.232
0 0 0.659034 0.752113
3
249.041 316.768
230.78 319.188
224.753 273.695
243.013 271.276
2
237.898 297.039
0 0 0.635443 0.772148
3
251.351 317.783
233.275 321.327
224.445 276.295
242.52 272.75
2
239.008 298.781
0 0 0.611244 0.791442
3
253.719 318.653
235.897 323.309
224.298 278.909
242.12 274.253
2
240.225 300.45
0 0 0.586459 0.809979
3
256.136 319.374
238.637 325.124
224.313 281.526
241.813 275.777
2
241.542 302.042
0 0 0.561112 0.82774
3
258.594 319.945
241.483 326.766
224.49 284.138
241.601 277.317
2
242.955 303.548
0 0 0.535228 0.844707
3
261.082 320.362
244.426 328.229
224.828 286.734
241.484 278.868
2
244.459 304.965
0 0 0.508832 0.860866
3
263.591 320.625
247.454 329.507
225.327 289.304
241.464 280.422
2
246.047 306.285
0 0 0.481947 0.8762
3
266.112 320.732
250.555 330.595
225.983 291.838
241.54 281.975
2
247.714 307.505
0 0 0.454602 0.890695
3
268.634 320.683
253.717 331.49
226.795 294.327
241.712 283.52
2
249.454 308.62
0 0 0.42682 0.904336
3
271.149 320.478
256.929 332.187
227.759 296.761
241.979 285.052
2
251.259 309.624
0 0 0.39863 0.917112
3
273.646 320.118
260.177 332.684
228.872 299.13
242.34 286.564
2
253.122 310.515
0 0 0.370058 0.929008
3
276.116 319.604
263.451 332.979
230.129 301.426
242.794 288.051
2
254 312.385
0 0 0.39863 0.917112
3
276.387 322.879
262.918 335.445
231.613 301.891
245.081 289.326
2
255.863 313.276
0 0 0.370058 0.929008
3
278.857 322.365
266.191 335.74
232.87 304.188
245.535 290.813
2
257.282 314.62
0 0 0.370058 0.929008
3
280.275 323.709
267.61 337.084
234.289 305.531
246.954 292.156
2
258.701 315.963
0 0 0.370058 0.929008
3
281.694 325.052
269.029 338.427
235.707 306.874
248.373 293.499
2
260.119 317.307
0 0 0.370058 0.929008
3
283.113 326.395
270.447 339.77
237.126 308.218
249.791 294.843
2
261.538 318.65
0 0 0.370058 0.929008
3
284.531 327.739
271.866 341.114
238.545 309.561
251.21 296.186
2
262.957 319.993
0 0 0.370058 0.929008
3
285.95 329.082
273.285 342.457
239.963 310.904
252.628 297.529
2
264.375 321.337
0 0 0.370058 0.929008
3
287.368 330.425
274.703 343.8
241.382 312.248
254.047 298.873
2
265.794 322.68
0 0 0.370058 0.929008
3
288.787 331.769
276.122 345.144
242.801 313.591
255.466 300.216
2
267.212 324.023
0 0 0.370058 0.929008
3
290.206 333.112
277.541 346.487
244.219 314.934
256.884 301.559
2
269.128 324.797
0 0 0.341132 0.940015
3
292.639 332.446
280.826 346.579
245.616 317.148
257.43 303.015
2
271.087 325.451
0 0 0.311879 0.950122
3
295.027 331.631
284.11 346.468
247.148 319.271
258.064 304.435
2
273.083 325.983
0 0 0.282327 0.959318
3
297.359 330.67
287.382 346.154
248.807 321.296
258.785 305.812
2
274.291 327.659
0 0 0.311879 0.950122
3
298.23 333.839
287.314 348.676
250.351 321.479
261.268 306.643
2
275.392 329.407
0 0 0.341132 0.940015
3
298.904 337.056
287.09 351.189
251.881 321.758
263.694 307.625
2
277.352 330.061
0 0 0.311879 0.950122
3
301.291 336.241
290.375 351.077
253.412 323.881
264.329 309.044
2
279.348 330.592
0 0 0.282327 0.959318
3
303.624 335.28
293.646 350.763
255.072 325.905
265.05 310.422
2
281.373 331
0 0 0.252505 0.967596
3
305.893 334.176
296.892 350.247
256.853 327.823
265.854 311.752
2
283.42 331.281
0 0 0.22244 0.974946
3
308.089 332.934
300.099 349.531
258.75 329.627
266.74 313.03
2
285.48 331.435
0 0 0.192163 0.981363
3
310.204 331.559
303.256 348.618
260.755 331.31
267.703 314.251
2
287.545 331.461
0 0 0.161702 0.98684
3
312.23 330.055
306.351 347.512
262.861 332.866
268.739 315.41
2
289.608 331.359
0 0 0.131085 0.991371
3
314.159 328.429
309.371 346.216
265.058 334.289
269.846 316.502
2
291.661 331.13
0 0 0.100343 0.994953
3
315.983 326.687
312.305 344.736
267.339 335.573
271.017 317.524
2
293.696 330.774
0 0 0.0695055 0.997582
3
317.697 324.835
315.142 343.077
269.696 336.713
272.25 318.471
2
295.705 330.293
0 0 0.0386009 0.999255
3
319.292 322.881
317.871 341.246
272.118 337.706
273.539 319.341
2
297.681 329.689
0 0 0.00765943 0.999971
3
320.764 320.832
320.482 339.25
274.597 338.547
274.879 320.129
2
299.615 328.964
0 0 0.0232894 -0.999729
3
322.106 318.696
322.964 337.096
277.124 339.232
276.266 320.832
2
301.571 329.628
0 0 0.00765945 0.999971
3
324.654 320.771
324.372 339.189
278.487 338.486
278.77 320.068
2
303.482 330.413
0 0 0.038601 0.999255
3
327.069 323
325.648 341.365
279.895 337.825
281.316 319.46
2
305.341 331.314
0 0 0.0695055 0.997582
3
329.341 325.374
326.787 343.616
281.34 337.253
283.895 319.011
2
307.14 332.328
0 0 0.100343 0.994953
3
331.462 327.885
327.784 345.934
282.818 336.771
286.496 318.722
2
308.874 333.451
0 0 0.131085 0.991371
3
333.424 330.521
328.637 348.308
284.324 336.381
289.111 318.594
2
310.535 334.68
0 0 0.161702 0.98684
3
335.219 333.274
329.34 350.731
285.85 336.085
291.729 318.629
2
312.116 336.009
0 0 0.192163 0.981363
3
336.84 336.133
329.893 353.193
287.392 335.885
294.339 318.825
2
314.182 336.035
0 0 0.161702 0.98684
3
338.866 334.63
332.987 352.086
289.497 337.441
295.376 319.984
2
316.245 335.933
0 0 0.131085 0.991371
3
340.795 333.004
336.007 350.791
291.695 338.863
296.482 321.076
2
318.298 335.704
0 0 0.100343 0.994953
3
342.62 331.261
338.942 349.31
293.976 340.147
297.654 322.098
2
320.333 335.349
0 0 0.0695055 0.997582
3
344.333 329.41
341.779 347.652
296.332 341.288
298.887 323.046
2
322.342 334.868
0 0 0.038601 0.999255
3
345.929 327.455
344.508 345.82
298.754 342.28
300.175 323.915
2
324.317 334.264
0 0 0.00765944 0.999971
3
347.4 325.406
347.118 343.824
301.234 343.121
301.516 324.703
2
326.251 333.538
0 0 0.0232894 -0.999729
3
348.742 323.27
349.6 341.67
303.76 343.807
302.902 325.407
2
328.137 332.695
0 0 0.0542159 -0.998529
3
349.95 321.055
351.944 339.366
306.324 344.335
304.33 326.023
2
329.967 331.736
0 0 0.0850905 -0.996373
3
351.018 318.769
354.141 336.922
308.916 344.704
305.792 326.55
2
331.734 330.666
0 0 0.115884 -0.993263
3
351.942 316.422
356.183 334.347
311.525 344.911
307.285 326.986
2
333.431 329.489
0 0 0.146566 -0.989201
3
352.72 314.022
358.061 331.65
314.143 344.957
308.802 327.328
2
335.49 329.654
0 0 0.115884 -0.993263
3
355.699 315.409
359.939 333.335
315.282 343.899
311.042 325.973
2
337.535 329.946
0 0 0.0850905 -0.996373
3
358.587 316.979
361.71 335.132
316.484 342.913
313.361 324.76
2
339.559 330.364
0 0 0.0542159 -0.998529
3
361.371 318.723
363.366 337.035
317.746 342.004
315.751 323.692
2
341.552 330.906
0 0 0.0232894 -0.999729
3
364.043 320.637
364.901 339.037
319.061 341.174
318.203 322.774
2
343.508 331.57
0 0 0.00765945 0.999971
3
366.591 322.713
366.309 341.131
320.424 340.428
320.707 322.01
2
345.419 332.354
0 0 0.038601 0.999255
3
369.006 324.942
367.585 343.307
321.832 339.767
323.253 321.402
2
347.278 333.255
0 0 0.0695055 0.997582
3
371.278 327.316
368.724 345.558
323.277 339.194
325.832 320.952
2
349.078 334.269
0 0 0.100343 0.994953
3
373.399 329.826
369.721 347.875
324.756 338.712
328.434 320.663
2
350.992 334.66
0 0 0.100343 0.994953
3
375.314 330.217
371.636 348.266
326.67 339.103
330.348 321.053
2
352.906 335.05
0 0 0.100343 0.994953
3
377.228 330.607
373.55 348.656
328.584 339.493
332.262 321.444
2
354.821 335.44
0 0 0.100343 0.994953
3
379.143 330.997
375.465 349.046
330.499 339.883
334.177 321.834
2
356.735 335.83
0 0 0.100343 0.994953
3
381.057 331.387
377.379 349.436
332.413 340.273
336.091 322.224
2
358.65 336.22
0 0 0.100343 0.994953
3
382.971 331.777
379.293 349.826
334.328 340.663
338.006 322.614
2
360.564 336.61
0 0 0.100343 0.994953
3
384.886 332.167
381.208 350.216
336.242 341.053
339.92 323.004
2
362.478 337
0 0 0.100343 0.994953
3
386.8 332.557
383.122 350.606
338.156 341.443
341.834 323.394
2
364.393 337.39
0 0 0.100343 0.994953
3
388.715 332.947
385.037 350.996
340.071 341.833
343.749 323.784
2
366.307 337.78
0 0 0.100343 0.994953
3
390.629 333.337
386.951 351.386
341.985 342.223
345.663 324.174
2
368.221 338.171
0 0 0.100343 0.994953
3
392.543 333.727
388.865 351.777
343.9 342.614
347.578 324.564
2
370.136 338.561
0 0 0.100343 0.994953
3
394.458 334.118
390.78 352.167
345.814 343.004
349.492 324.955
2
372.05 338.951
0 0 0.100343 0.994953
3
396.372 334.508
392.694 352.557
347.728 343.394
351.406 325.345
2
373.965 339.341
0 0 0.100343 0.994953
3
398.287 334.898
394.609 352.947
349.643 343.784
353.321 325.735
2
375.879 339.731
0 0 0.100343 0.994953
3
400.201 335.288
396.523 353.337
351.557 344.174
355.235 326.125
2
377.793 340.121
0 0 0.100343 0.994953
3
402.115 335.678
398.437 353.727
353.472 344.564
357.15 326.515
2
379.708 340.511
0 0 0.100343 0.994953
3
404.03 336.068
400.352 354.117
355.386 344.954
359.064 326.905
2
381.622 340.901
0 0 0.100343 0.994953
3
405.944 336.458
402.266 354.507
357.3 345.344
360.978 327.295
2
383.537 341.291
0 0 0.100343 0.994953
3
407.859 336.848
404.181 354.897
359.215 345.734
362.893 327.685
2
385.451 341.681
0 0 0.100343 0.994953
3
409.773 337.238
406.095 355.288
361.129 346.124
364.807 328.075
2
387.365 342.072
0 0 0.100343 0.994953
3
411.687 337.629
408.009 355.678
363.044 346.515
366.722 328.466
2
389.28 342.462
0 0 0.100343 0.994953
3
413.602 338.019
409.924 356.068
364.958 346.905
368.636 328.856
2
391.194 342.852
0 0 0.100343 0.994953
3
415.516 338.409
411.838 356.458
366.872 347.295
370.55 329.246
2
393.109 343.242
0 0 0.100343 0.994953
3
417.431 338.799
413.753 356.848
368.787 347.685
372.465 329.636
2
395.023 343.632
0 0 0.100343 0.994953
3
419.345 339.189
415.667 357.238
370.701 348.075
374.379 330.026
2
396.937 344.022
0 0 0.100343 0.994953
3
421.259 339.579
417.581 357.628
372.616 348.465
376.294 330.416
2
398.852 344.412
0 0 0.100343 0.994953
3
423.174 339.969
419.496 358.018
374.53 348.855
378.208 330.806
2
400.766 344.802
0 0 0.100343 0.994953
3
425.088 340.359
421.41 358.408
376.444 349.245
380.122 331.196
2
402.681 345.192
0 0 0.100343 0.994953
3
427.003 340.749
423.325 358.798
378.359 349.635
382.037 331.586
2
404.716 344.837
0 0 0.0695055 0.997582
3
428.716 338.898
426.162 357.14
380.715 350.776
383.269 332.534
2
406.725 344.356
0 0 0.038601 0.999255
3
430.312 336.943
428.891 355.309
383.137 351.768
384.558 333.403
2
408.7 343.752
0 0 0.00765944 0.999971
3
431.783 334.894
431.501 353.312
385.616 352.609
385.899 334.191
2
410.634 343.026
0 0 0.0232894 -0.999729
3
433.125 332.758
433.983 351.158
388.143 353.295
387.285 334.895
2
412.52 342.183
0 0 0.0542159 -0.998529
3
434.333 330.543
436.327 348.854
390.707 353.823
388.712 335.511
2
414.513 342.725
0 0 0.0232894 -0.999729
3
437.004 332.457
437.862 350.857
392.022 352.994
391.164 334.594
2
416.469 343.389
0 0 0.00765945 0.999971
3
439.552 334.532
439.27 352.95
393.386 352.247
393.668 333.829
2
418.403 342.664
0 0 0.0232894 -0.999729
3
440.894 332.396
441.752 350.796
395.912 352.933
395.054 334.533
2
420.289 341.821
0 0 0.0542159 -0.998529
3
442.102 330.181
444.096 348.492
398.476 353.461
396.482 335.149
2
422.119 340.862
0 0 0.0850905 -0.996373
3
443.17 327.895
446.293 346.048
401.068 353.829
397.944 335.676
2
423.886 339.792
0 0 0.115884 -0.993263
3
444.094 325.548
448.335 343.473
403.677 354.037
399.437 336.112
2
425.583 338.615
0 0 0.146566 -0.989201
3
444.872 323.147
450.213 340.776
406.295 354.083
400.954 336.454
2
427.205 337.335
0 0 0.177107 -0.984192
3
445.5 320.704
451.921 337.968
408.91 353.966
402.488 336.702
2
428.744 335.957
0 0 0.207479 -0.978239
3
445.975 318.226
453.452 335.06
411.513 353.688
404.036 336.854
2
430.195 334.487
0 0 0.237653 -0.97135
3
446.296 315.724
454.8 332.063
414.094 353.25
405.59 336.911
2
431.552 332.93
0 0 0.267598 -0.963531
3
446.462 313.206
455.96 328.988
416.643 352.653
407.144 336.871
2
432.81 331.291
0 0 0.297288 -0.954788
3
446.471 310.684
456.928 325.848
419.15 351.899
408.693 336.735
2
433.965 329.578
0 0 0.326692 -0.945131
3
446.325 308.165
457.7 322.653
421.605 350.992
410.23 336.504
2
435.011 327.797
0 0 0.355784 -0.934568
3
446.023 305.66
458.272 319.417
424 349.934
411.75 336.177
2
435.945 325.955
0 0 0.384535 -0.923111
3
445.566 303.179
458.643 316.152
426.324 348.73
413.247 335.758
2
436.764 324.058
0 0 0.412917 -0.910769
3
444.957 300.731
458.812 312.869
428.57 347.385
414.716 335.247
2
437.463 322.114
0 0 0.440904 -0.897554
3
444.198 298.325
458.777 309.583
430.729 345.904
416.15 334.645
2
438.041 320.131
0 0 0.468469 -0.88348
3
443.291 295.97
458.539 306.305
432.791 344.292
417.544 333.957
2
438.495 318.116
0 0 0.495585 -0.86856
3
442.241 293.677
458.098 303.049
434.75 342.555
418.892 333.183
2
436.631 319.311
0 0 0.522226 -0.852807
3
438.858 294.687
455.265 303.06
434.405 343.935
417.998 335.562
2
438.178 317.941
0 0 0.495585 -0.86856
3
441.923 293.502
457.781 302.874
434.432 342.38
418.575 333.008
2
439.806 316.67
0 0 0.468469 -0.88348
3
445.056 292.509
460.303 302.844
434.556 340.83
419.308 330.495
2
441.51 315.502
0 0 0.440904 -0.897554
3
448.244 291.712
462.823 302.971
434.775 339.291
420.196 328.033
2
443.282 314.441
0 0 0.412917 -0.910769
3
451.476 291.114
465.33 303.253
435.089 337.768
421.234 325.63
2
445.117 313.492
0 0 0.384535 -0.923111
3
454.738 290.716
467.815 303.689
435.496 336.268
422.419 323.295
2
446.493 312.105
0 0 0.384535 -0.923111
3
456.114 289.329
469.191 302.302
436.872 334.881
423.795 321.908
2
447.869 310.718
0 0 0.384535 -0.923111
3
457.49 287.942
470.567 300.915
438.248 333.494
425.171 320.521
2
449.245 309.331
0 0 0.384535 -0.923111
3
458.866 286.555
471.943 299.528
439.624 332.107
426.547 319.134
2
450.621 307.944
0 0 0.384535 -0.923111
3
460.242 285.168
473.319 298.141
441 330.72
427.923 317.747
2
451.997 306.557
0 0 0.384535 -0.923111
3
461.618 283.781
474.695 296.754
442.376 329.333
429.299 316.36
2
453.373 305.17
0 0 0.384535 -0.923111
3
462.994 282.394
476.071 295.367
443.752 327.946
430.675 314.973
2
454.749 303.783
0 0 0.384535 -0.923111
3
464.37 281.007
477.447 293.98
445.128 326.559
432.051 313.586
2
456.125 302.396
0 0 0.384535 -0.923111
3
465.746 279.62
478.823 292.593
446.504 325.172
433.427 312.199
2
457.501 301.009
0 0 0.384535 -0.923111
3
467.122 278.233
480.199 291.206
447.88 323.785
434.803 310.812
2
458.877 299.622
0 0 0.384535 -0.923111
3
468.497 276.846
481.574 289.819
449.256 322.398
436.179 309.425
2
460.253 298.235
0 0 0.384535 -0.923111
3
469.873 275.459
482.95 288.432
450.632 321.011
437.555 308.038
2
461.628 296.848
0 0 0.384535 -0.923111
3
471.249 274.072
484.326 287.045
452.008 319.624
438.931 306.651
2
463.004 295.461
0 0 0.384535 -0.923111
3
472.625 272.685
485.702 285.658
453.384 318.237
440.307 305.264
2
464.38 294.074
0 0 0.384535 -0.923111
3
474.001 271.298
487.078 284.271
454.76 316.85
441.682 303.877
2
465.756 292.687
0 0 0.384535 -0.923111
3
475.377 269.911
488.454 282.884
456.135 315.463
443.058 302.49
2
467.132 291.3
0 0 0.384535 -0.923111
3
476.753 268.524
489.83 281.497
457.511 314.076
444.434 301.103
2
468.508 289.913
0 0 0.384535 -0.923111
3
478.129 267.137
491.206 280.11
458.887 312.689
445.81 299.716
2
469.884 288.526
0 0 0.384535 -0.923111
3
479.505 265.75
492.582 278.723
460.263 311.302
447.186 298.329
2
471.26 287.139
0 0 0.384535 -0.923111
3
480.881 264.363
493.958 277.336
461.639 309.915
448.562 296.942
2
472.636 285.752
0 0 0.384535 -0.923111
3
482.257 262.976
495.334 275.949
463.015 308.528
449.938 295.555
2
474.012 284.365
0 0 0.384535 -0.923111
3
483.633 261.589
496.71 274.562
464.391 307.14
451.314 294.168
2
475.388 282.978
0 0 0.384535 -0.923111
3
485.009 260.202
498.086 273.174
465.767 305.753
452.69 292.781
2
476.764 281.591
0 0 0.384535 -0.923111
3
486.385 258.815
499.462 271.787
467.143 304.366
454.066 291.394
2
478.14 280.204
0 0 0.384535 -0.923111
3
487.761 257.428
500.838 270.4
468.519 302.979
455.442 290.007
2
479.516 278.817
0 0 0.384535 -0.923111
3
489.137 256.041
502.214 269.013
469.895 301.592
456.818 288.62
2
480.892 277.43
0 0 0.384535 -0.923111
3
490.513 254.654
503.59 267.626
471.271 300.205
458.194 287.233
2
482.268 276.043
0 0 0.384535 -0.923111
3
491.889 253.267
504.966 266.239
472.647 298.818
459.57 285.846
2
483.644 274.656
0 0 0.384535 -0.923111
3
493.265 251.88
506.342 264.852
474.023 297.431
460.946 284.459
2
485.02 273.269
0 0 0.384535 -0.923111
3
494.64 250.493
507.717 263.465
475.399 296.044
462.322 283.072
2
486.396 271.882
0 0 0.384535 -0.923111
3
496.016 249.106
509.093 262.078
476.775 294.657
463.698 281.685
2
487.771 270.494
0 0 0.384535 -0.923111
3
497.392 247.719
510.469 260.691
478.151 293.27
465.074 280.298
2
489.147 269.107
0 0 0.384535 -0.923111
3
498.768 246.332
511.845 259.304
479.527 291.883
466.45 278.911
2
490.523 267.72
0 0 0.384535 -0.923111
3
500.144 244.945
513.221 257.917
480.902 290.496
467.825 277.524
2
491.899 266.333
0 0 0.384535 -0.923111
3
501.52 243.558
514.597 256.53
482.278 289.109
469.201 276.137
2
493.275 264.946
0 0 0.384535 -0.923111
3
502.896 242.171
515.973 255.143
483.654 287.722
470.577 274.75
2
494.651 263.559
0 0 0.384535 -0.923111
3
504.272 240.784
517.349 253.756
485.03 286.335
471.953 273.363
2
496.027 262.172
0 0 0.384535 -0.923111
3
505.648 239.397
518.725 252.369
486.406 284.948
473.329 271.976
2
497.403 260.785
0 0 0.384535 -0.923111
3
507.024 238.01
520.101 250.982
487.782 283.561
474.705 270.588
2
498.779 259.398
0 0 0.384535 -0.923111
3
508.4 236.622
521.477 249.595
489.158 282.174
476.081 269.201
2
500.155 258.011
0 0 0.384535 -0.923111
3
509.776 235.235
522.853 248.208
490.534 280.787
477.457 267.814
2
501.531 256.624
0 0 0.384535 -0.923111
3
511.152 233.848
524.229 246.821
491.91 279.4
478.833 266.427
2
502.907 255.237
0 0 0.384535 -0.923111
3
512.528 232.461
525.605 245.434
493.286 278.013
480.209 265.04
2
504.283 253.85
0 0 0.384535 -0.923111
3
513.904 231.074
526.981 244.047
494.662 276.626
481.585 263.653
2
505.659 252.463
0 0 0.384535 -0.923111
3
515.28 229.687
528.357 242.66
496.038 275.239
482.961 262.266
2
507.035 251.076
0 0 0.384535 -0.923111
3
516.656 228.3
529.733 241.273
497.414 273.852
484.337 260.879
2
508.411 249.689
0 0 0.384535 -0.923111
3
518.032 226.913
531.109 239.886
498.79 272.465
485.713 259.492
2
509.787 248.302
0 0 0.384535 -0.923111
3
519.407 225.526
532.485 238.499
500.166 271.078
487.089 258.105
2
511.163 246.915
0 0 0.384535 -0.923111
3
520.783 224.139
533.86 237.112
501.542 269.691
488.465 256.718
2
512.539 245.528
0 0 0.384535 -0.923111
3
522.159 222.752
535.236 235.725
502.918 268.304
489.841 255.331
2
513.357 243.631
0 0 0.412917 -0.910769
3
521.55 220.304
535.405 232.443
505.163 266.959
491.309 254.82
2
514.056 241.688
0 0 0.440904 -0.897554
3
520.791 217.898
535.37 229.157
507.322 265.477
492.743 254.219
2
514.634 239.704
0 0 0.468469 -0.88348
3
519.884 215.544
535.132 225.879
509.384 263.865
494.137 253.53
2
515.088 237.689
0 0 0.495585 -0.86856
3
518.834 213.25
534.691 222.622
511.343 262.128
495.485 252.756
2
515.417 235.65
0 0 0.522226 -0.852807
3
517.643 211.026
534.05 219.399
513.191 260.274
496.784 251.901
2
516.963 234.28
0 0 0.495585 -0.86856
3
520.709 209.841
536.566 219.213
513.218 258.719
497.36 249.347
2
518.591 233.009
0 0 0.468469 -0.88348
3
523.842 208.848
539.089 219.183
513.341 257.169
498.094 246.834
2
520.295 231.84
0 0 0.440904 -0.897554
3
527.03 208.051
541.609 219.309
513.56 255.63
498.982 244.372
2
522.068 230.78
0 0 0.412917 -0.910769
3
530.261 207.453
544.116 219.591
513.874 254.107
500.02 241.968
2
522.767 228.836
0 0 0.440904 -0.897554
3
529.502 205.047
544.081 216.305
516.033 252.626
501.454 241.367
2
523.345 226.853
0 0 0.468469 -0.88348
3
528.595 202.692
543.843 213.027
518.095 251.014
502.848 240.679
2
523.799 224.838
0 0 0.495585 -0.86856
3
527.545 200.399
543.402 209.771
520.054 249.277
504.196 239.905
2
524.128 222.798
0 0 0.522226 -0.852807
3
526.354 198.174
542.761 206.547
521.901 247.422
505.494 239.049
2
524.33 220.742
0 0 0.548367 -0.836238
3
525.028 196.028
541.922 203.37
523.631 245.457
506.737 238.115
2
524.404 218.678
0 0 0.573982 -0.818868
3
523.572 193.968
540.888 200.25
525.235 243.388
507.92 237.106
2
524.35 216.613
0 0 0.599048 -0.800713
3
521.991 192.001
539.662 197.201
526.708 241.225
509.038 236.025
2
524.169 214.555
0 0 0.62354 -0.781791
3
520.292 190.137
538.251 194.233
528.045 238.974
510.086 234.877
2
523.86 212.513
0 0 0.647435 -0.762121
3
518.481 188.381
536.658 191.358
529.24 236.645
511.062 233.667
2
523.426 210.493
0 0 0.67071 -0.74172
3
516.564 186.74
534.891 188.587
530.289 234.246
511.962 232.399
2
522.868 208.504
0 0 0.693342 -0.720609
3
514.55 185.221
532.956 185.931
531.187 231.787
512.78 231.077
2
522.188 206.554
0 0 0.71531 -0.698808
3
512.445 183.83
530.86 183.4
531.931 229.277
513.516 229.707
2
521.389 204.649
0 0 0.736592 -0.676337
3
510.259 182.571
528.612 181.003
532.519 226.726
514.166 228.295
2
520.473 202.797
0 0 0.75717 -0.653218
3
507.998 181.45
526.219 178.75
532.947 224.144
514.726 226.844
2
519.444 201.006
0 0 0.777021 -0.629474
3
505.673 180.471
523.692 176.649
533.216 221.54
515.197 225.362
2
518.307 199.281
0 0 0.796129 -0.605127
3
503.292 179.638
521.04 174.708
533.322 218.924
515.574 223.854
2
517.065 197.631
0 0 0.814474 -0.5802
3
500.864 178.954
518.273 172.936
533.267 216.307
515.857 222.325
2
515.723 196.06
0 0 0.832039 -0.554717
3
498.398 178.421
515.401 171.337
533.049 213.698
516.046 220.782
2
514.287 194.575
0 0 0.848807 -0.528703
3
495.903 178.042
512.436 169.92
532.671 211.108
516.138 219.23
2
512.762 193.182
0 0 0.864762 -0.502183
3
493.39 177.818
509.389 168.689
532.133 208.546
516.135 217.675
2
511.153 191.886
0 0 0.879888 -0.475181
3
490.868 177.75
506.272 167.648
531.438 206.022
516.035 216.124
2
509.467 190.692
0 0 0.894172 -0.447725
3
488.347 177.838
503.096 166.803
530.588 203.546
515.839 214.581
2
507.711 189.605
0 0 0.907599 -0.419839
3
485.836 178.082
499.874 166.155
529.586 201.128
515.549 213.054
2
505.891 188.628
0 0 0.920156 -0.391551
3
483.345 178.48
496.618 165.708
528.437 198.776
515.164 211.547
2
504.014 187.766
0 0 0.931833 -0.362889
3
480.883 179.032
493.341 165.464
527.144 196.499
514.687 210.068
2
502.087 187.021
0 0 0.942616 -0.333878
3
478.46 179.735
490.054 165.422
525.713 194.307
514.119 208.62
2
500.117 186.397
0 0 0.952497 -0.304548
3
476.085 180.587
486.772 165.584
524.15 192.208
513.463 207.211
2
498.113 185.897
0 0 0.961465 -0.274926
3
473.768 181.584
483.506 165.949
522.459 190.209
512.721 205.844
2
496.082 185.521
0 0 0.969513 -0.245041
3
471.517 182.723
480.269 166.515
520.648 188.319
511.896 204.527
2
497.348 187.337
0 0 0.976631 -0.214921
3
472.657 186.064
480.389 169.346
522.04 188.61
514.307 205.328
2
498.724 189.071
0 0 0.982815 -0.184595
3
474.001 189.328
480.685 172.164
523.448 188.815
516.764 205.979
2
500.205 190.717
0 0 0.988056 -0.154092
3
475.545 192.503
481.154 174.958
524.865 188.932
519.256 206.477
2
501.785 192.269
0 0 0.992352 -0.123442
3
477.283 195.577
481.796 177.718
526.287 188.961
521.774 206.819
2
503.458 193.719
0 0 0.995697 -0.0926736
3
479.207 198.536
482.607 180.433
527.708 188.902
524.309 207.005
2
505.217 195.063
0 0 0.998088 -0.0618163
3
481.311 201.372
483.584 183.093
529.123 188.755
526.85 207.034
2
507.056 196.296
0 0 0.999522 -0.0308998
3
483.586 204.071
484.724 185.687
530.526 188.521
529.388 206.906
2
508.968 197.413
0 0 1 4.63287e-05
3
486.024 206.625
486.022 188.205
531.912 188.201
531.914 206.621
2
510.945 198.409
0 0 0.99952 0.0309924
3
488.615 209.023
487.474 190.639
533.275 187.796
534.417 206.18
2
512.98 199.282
0 0 0.998082 0.0619088
3
491.349 211.257
489.073 192.978
534.611 187.307
536.887 205.585
2
514.819 198.048
0 0 0.99952 0.0309924
3
492.489 208.662
491.347 190.278
537.149 187.434
538.29 205.819
2
516.731 196.931
0 0 1 4.63287e-05
3
493.786 206.143
493.785 187.723
539.675 187.719
539.676 206.139
2
518.684 196.931
0 0 1 4.63287e-05
3
495.74 206.143
495.738 187.723
541.628 187.719
541.63 206.139
2
520.638 196.931
0 0 1 4.63287e-05
3
497.694 206.143
497.692 187.723
543.582 187.719
543.584 206.139
2
522.592 196.931
0 0 1 4.63287e-05
3
499.648 206.143
499.646 187.723
545.536 187.719
545.538 206.139
2
524.545 196.93
0 0 1 4.63287e-05
3
501.601 206.143
501.6 187.723
547.49 187.718
547.491 206.138
2
526.499 196.93
0 0 1 4.63287e-05
3
503.555 206.142
503.553 187.722
549.443 187.718
549.445 206.138
2
528.453 196.93
0 0 1 4.63287e-05
3
505.509 206.142
505.507 187.722
551.397 187.718
551.399 206.138
2
530.407 196.93
0 0 1 4.63287e-05
3
507.463 206.142
507.461 187.722
553.351 187.718
553.353 206.138
2
532.36 196.93
0 0 1 4.63287e-05
3
509.416 206.142
509.415 187.722
555.305 187.718
555.306 206.138
2
534.314 196.93
0 0 1 4.63287e-05
3
511.37 206.142
511.368 187.722
557.258 187.717
557.26 206.137
2
536.268 196.929
0 0 1 4.63287e-05
3
513.324 206.142
513.322 187.722
559.212 187.717
559.214 206.137
2
538.222 196.929
0 0 1 4.63287e-05
3
515.278 206.141
515.276 187.721
561.166 187.717
561.168 206.137
2
540.199 197.926
0 0 0.99952 0.0309924
3
517.869 208.539
516.727 190.155
562.529 187.312
563.67 205.696
2
542.234 198.798
0 0 0.998082 0.0619088
3
520.603 210.773
518.327 192.494
563.865 186.823
566.141 205.102
2
544.173 198.556
0 0 0.998082 0.0619088
3
522.542 210.531
520.265 192.252
565.804 186.581
568.08 204.86
2
546.111 198.315
0 0 0.998082 0.0619088
3
524.481 210.29
522.204 192.011
567.742 186.34
570.019 204.619
2
548.05 198.073
0 0 0.998082 0.0619088
3
526.419 210.048
524.143 191.769
569.681 186.098
571.958 204.377
2
549.989 197.832
0 0 0.998082 0.0619088
3
528.358 209.807
526.082 191.528
571.62 185.857
573.896 204.136
2
551.928 197.59
0 0 0.998082 0.0619088
3
530.297 209.565
528.021 191.287
573.559 185.616
575.835 203.894
2
553.767 196.357
0 0 0.99952 0.0309924
3
531.436 206.971
530.295 188.587
576.097 185.743
577.238 204.128
2
555.678 195.24
0 0 1 4.63287e-05
3
532.734 204.452
532.732 186.032
578.622 186.028
578.624 204.448
2
557.632 195.24
0 0 1 4.63287e-05
3
534.688 204.452
534.686 186.032
580.576 186.028
580.578 204.448
2
559.586 195.24
0 0 1 4.63287e-05
3
536.642 204.452
536.64 186.032
582.53 186.028
582.532 204.448
2
561.539 195.24
0 0 1 4.63287e-05
3
538.595 204.452
538.594 186.032
584.484 186.027
584.485 204.447
2
563.493 195.239
0 0 1 4.63287e-05
3
540.549 204.452
540.547 186.032
586.437 186.027
586.439 204.447
