0
80 150
0
81 151
0
82 152
0
83 153
0
84 154
0
85 155
0
86 156
0
87 157
0
88 158
0
89 159
0
90 160
0
91 161
0
92 161
0
93 162
0
94 163
0
95 164
0
96 165
0
97 166
0
98 167
0
99 168
0
100 169
0
100 170
0
100 171
0
101 172
0
101 173
0
102 174
0
102 175
0
103 176
0
103 177
0
104 178
0
104 179
0
105 180
0
105 181
0
105 182
0
106 183
0
106 184
0
107 185
0
107 186
0
108 187
0
108 188
0
109 189
0
109 190
0
110 191
0
110 192
0
110 193
0
111 194
0
111 195
0
112 196
0
112 197
0
113 198
0
113 199
0
114 200
0
114 201
0
115 202
0
115 203
0
115 204
0
116 205
0
116 206
0
117 207
0
117 208
0
118 209
0
118 210
0
119 211
0
119 212
0
120 213
0
120 214
0
120 215
0
121 216
0
121 217
0
122 218
0
122 219
0
123 220
0
123 221
0
124 222
0
124 223
0
125 224
0
125 225
0
125 226
0
126 227
0
126 228
0
127 229
0
127 230
0
128 231
0
128 232
0
129 233
0
129 234
0
130 235
0
130 236
0
130 237
0
131 238
0
131 239
0
132 240
0
132 241
0
133 242
0
133 243
0
134 244
0
134 245
0
135 246
0
135 247
0
135 248
0
136 249
0
136 250
0
137 251
0
137 252
0
137 253
0
138 254
0
139 255
0
139 256
0
140 257
0
140 258
0
140 259
0
141 260
0
141 261
0
142 262
0
142 263
0
143 264
0
143 265
0
144 266
0
144 267
0
145 268
0
145 269
0
145 270
0
146 271
0
146 272
0
147 273
0
147 274
0
148 275
0
148 276
0
149 277
0
149 278
0
150 279
0
150 280
0
150 281
0
151 282
0
151 283
0
152 284
0
152 285
0
153 286
0
153 287
0
154 288
0
154 289
0
155 290
0
155 291
0
156 292
0
156 293
0
156 294
0
157 295
0
157 296
0
158 297
0
158 298
0
159 299
0
159 300
0
160 301
0
160 302
0
161 303
0
161 304
0
161 305
0
162 306
0
162 307
0
163 308
0
163 309
0
164 310
0
164 311
0
165 312
0
165 313
0
166 314
0
166 315
0
166 316
0
167 317
0
167 318
0
168 319
0
168 320
0
169 321
0
169 322
0
170 323
0
170 324
0
171 325
0
171 326
0
171 327
0
172 328
0
172 329
0
173 330
0
173 331
0
174 332
0
174 333
0
175 334
0
175 335
0
176 336
0
176 337
0
176 338
0
177 339
0
177 340
0
178 341
0
178 342
0
179 343
0
179 344
0
180 345
0
180 346
0
181 347
0
181 348
0
181 349
0
182 350
0
182 351
0
183 352
0
183 353
0
184 354
0
184 355
0
185 356
0
185 357
0
186 358
0
186 359
0
186 360
0
187 361
0
187 362
0
188 363
0
188 364
0
189 365
0
189 366
0
190 367
0
190 368
0
191 369
0
191 370
1
80 150 3.96992
1
78.6791 148.56 3.96992
1
77.3581 147.121 3.96992
1
76.0372 145.681 3.96992
1
74.7162 144.242 3.96992
1
73.3953 142.802 3.96992
1
71.9878 141.447 4.03182
1
70.6669 140.008 4.09373
1
69.4375 138.489 4.15563
1
68.3044 136.898 4.21753
1
67.4847 135.124 4.15563
1
66.5568 133.405 4.09373
1
65.5244 131.746 4.03182
1
64.295 130.228 4.03182
1
63.0172 128.75 3.96683
1
61.6461 127.359 3.90183
1
60.1875 126.059 3.83683
1
58.6477 124.858 3.77183
1
57.033 123.758 3.70684
1
55.3503 122.766 3.64184
1
53.6067 121.885 3.57684
1
51.8096 121.12 3.51185
1
49.9665 120.472 3.44685
1
48.1075 119.872 3.48315
1
46.2891 119.159 3.54815
1
44.521 118.328 3.61315
1
42.8105 117.385 3.67815
1
41.165 116.332 3.74314
1
39.5912 115.175 3.80814
1
38.096 113.918 3.87314
1
36.6855 112.566 3.93813
1
35.3658 111.126 4.00313
1
34.1425 109.603 4.06813
1
33.0206 108.004 4.13313
1
32.005 106.336 4.19812
1
31.0999 104.605 4.26312
1
30.3091 102.818 4.32812
1
29.6361 100.985 4.39312
1
29.0835 99.1109 4.45811
1
28.6538 97.2054 4.52311
1
28.3488 95.2759 4.58811
1
28.1698 93.3307 4.6531
1
28.1175 91.378 4.7181
1
28.1921 89.426 4.7831
1
28.3933 87.483 4.8481
1
28.7204 85.5572 4.91309
1
29.1718 83.6567 4.97809
1
29.7457 81.7895 5.04309
1
30.4397 79.9635 5.10808
1
31.2508 78.1864 5.17308
1
32.1756 76.4658 5.23808
1
33.2102 74.8089 5.30308
1
34.3503 73.2227 5.36807
1
35.591 71.7139 5.43307
1
36.927 70.2888 5.49807
1
38.3528 68.9536 5.56306
1
39.8623 67.7137 5.62806
1
41.4492 66.5746 5.69306
1
43.1067 65.5409 5.75806
1
44.8278 64.617 5.82305
1
46.6053 63.8069 5.88805
1
48.4317 63.114 5.95305
1
50.2992 62.5411 6.01804
1
52.2 62.0907 6.08304
1
54.126 61.7648 6.14804
1
56.0691 61.5646 6.21304
1
58.0211 61.4911 6.27803
1
59.9738 61.5445 0.0598454
1
61.9189 61.7246 0.124843
1
63.8482 62.0307 0.18984
1
65.7535 62.4615 0.254837
1
67.6268 63.0151 0.319834
1
69.4602 63.6892 0.384831
1
71.246 64.4809 0.449829
1
72.9765 65.387 0.514826
1
74.6446 66.4036 0.579823
1
76.2431 67.5263 0.64482
1
77.7653 68.7505 0.709817
1
79.2048 70.071 0.774814
1
80.5554 71.4822 0.839811
1
81.8116 72.9782 0.904809
1
82.9679 74.5526 0.969806
1
84.0196 76.1987 1.0348
1
84.9621 77.9097 1.0998
1
85.7914 79.6783 1.1648
1
86.5042 81.497 1.22979
1
87.0973 83.3582 1.29479
1
87.5683 85.254 1.35979
1
87.9151 87.1764 1.42479
1
88.1364 89.1172 1.48978
1
88.2311 91.0683 1.55478
1
88.1989 93.0215 1.61978
1
88.0399 94.9684 1.68477
1
87.7548 96.9009 1.74977
1
87.3448 98.8108 1.81477
1
86.8116 100.69 1.87977
1
86.1583 102.531 1.93368
1
85.5246 104.379 1.86868
1
85.0123 106.264 1.80368
1
84.6235 108.178 1.73869
1
84.3598 110.114 1.67369
1
84.2224 112.062 1.60869
1
84.2119 114.016 1.54369
1
84.3282 115.965 1.4787
1
84.571 117.904 1.4137
1
84.9391 119.822 1.3487
1
85.4311 121.713 1.28371
1
86.0448 123.567 1.21871
1
86.7777 125.378 1.15371
1
87.6266 127.137 1.08871
1
88.588 128.838 1.02372
1
89.6579 130.472 0.958719
1
90.8316 132.033 0.893722
1
92.1042 133.515 0.828725
1
93.4705 134.911 0.763728
1
94.9245 136.216 0.69873
1
96.4602 137.423 0.633733
1
98.071 138.528 0.568736
1
99.7503 139.526 0.503739
1
101.491 140.413 0.438742
1
99.722 139.583 0.438742
1
97.9533 138.753 0.438742
1
96.1367 138.034 0.500644
1
94.368 137.204 0.562546
1
92.654 136.266 0.624448
1
91.0013 135.224 0.68635
1
89.4163 134.082 0.748252
1
87.9049 132.844 0.810154
1
86.4731 131.515 0.872056
1
87.8199 132.93 0.933958
1
89.0767 134.426 0.99586
1
90.2385 135.997 1.05776
1
91.3009 137.636 1.11966
1
92.2599 139.339 1.18157
1
93.1117 141.097 1.24347
1
93.8531 142.904 1.30537
1
94.4812 144.754 1.36727
1
94.757 146.689 1.30537
1
95.1519 148.602 1.24347
1
95.6644 150.487 1.18157
1
96.5162 152.246 1.24347
1
97.2576 154.053 1.30537
1
97.7701 155.939 1.30537
1
98.2826 157.824 1.30537
1
98.7952 159.709 1.30537
1
99.3077 161.595 1.30537
1
99.8202 163.48 1.30537
1
100.448 165.33 1.36727
1
100.843 167.243 1.36727
1
101.119 169.178 1.30537
1
101.514 171.091 1.24347
1
102.142 172.941 1.24347
1
102.655 174.826 1.18157
1
103.396 176.634 1.18157
1
104.137 178.442 1.18157
1
104.879 180.249 1.18157
1
105.62 182.057 1.18157
1
106.362 183.864 1.18157
1
107.103 185.672 1.18157
1
107.844 187.48 1.18157
1
108.586 189.287 1.18157
1
109.327 191.095 1.18157
1
110.069 192.903 1.18157
1
110.81 194.71 1.18157
1
111.551 196.518 1.18157
1
112.293 198.325 1.18157
1
113.034 200.133 1.18157
1
113.776 201.941 1.18157
1
114.517 203.748 1.18157
1
115.258 205.556 1.18157
1
116 207.363 1.18157
1
116.741 209.171 1.18157
1
117.369 211.021 1.11966
1
118.111 212.829 1.05776
1
119.07 214.531 1.05776
1
120.029 216.233 1.05776
1
121.091 217.873 1.11966
1
122.05 219.575 1.18157
1
122.902 221.333 1.24347
1
123.643 223.141 1.30537
1
124.271 224.991 1.36727
1
124.784 226.876 1.42917
1
125.179 228.79 1.49108
1
125.214 230.743 1.42917
1
125.369 232.691 1.36727
1
125.645 234.625 1.30537
1
126.04 236.538 1.24347
1
126.552 238.424 1.18157
1
127.181 240.274 1.11966
1
127.922 242.081 1.05776
1
128.774 243.84 0.99586
1
129.733 245.542 0.933958
1
130.989 247.038 0.99586
1
132.151 248.608 1.05776
1
133.214 250.248 1.11966
1
134.173 251.95 1.18157
1
135.024 253.709 1.24347
1
135.766 255.516 1.30537
1
136.394 257.366 1.36727
1
136.906 259.252 1.42917
1
137.062 261.199 1.36727
1
137.338 263.133 1.30537
1
137.733 265.047 1.24347
1
138.245 266.932 1.18157
1
138.873 268.782 1.11966
1
139.615 270.59 1.05776
1
140.467 272.348 0.99586
1
141.426 274.05 0.933958
1
142.488 275.69 0.872056
1
143.835 277.105 0.933958
1
145.092 278.601 0.99586
1
146.253 280.172 1.05776
1
147.316 281.811 1.11966
1
148.275 283.514 1.18157
1
149.127 285.272 1.24347
1
149.868 287.079 1.30537
1
150.496 288.93 1.36727
1
151.009 290.815 1.42917
1
151.403 292.728 1.49108
1
151.438 294.682 1.42917
1
151.594 296.629 1.36727
1
151.87 298.563 1.30537
1
152.265 300.477 1.24347
1
152.777 302.362 1.18157
1
153.405 304.212 1.11966
1
154.364 305.914 1.18157
1
155.216 307.673 1.24347
1
155.728 309.558 1.18157
1
156.357 311.408 1.11966
1
157.098 313.216 1.05776
1
157.95 314.974 0.99586
1
159.112 316.545 1.05776
1
160.174 318.184 1.11966
1
161.026 319.943 1.11966
1
161.878 321.701 1.11966
1
162.729 323.459 1.11966
1
163.581 325.217 1.11966
1
164.433 326.976 1.11966
1
165.285 328.734 1.11966
1
166.137 330.492 1.11966
1
166.988 332.251 1.11966
1
167.84 334.009 1.11966
1
168.692 335.767 1.11966
1
169.544 337.525 1.11966
1
170.396 339.284 1.11966
1
171.247 341.042 1.11966
1
171.989 342.849 1.05776
1
172.841 344.608 0.99586
1
173.903 346.247 0.99586
1
174.966 347.887 0.99586
1
176.028 349.527 0.99586
1
177.09 351.166 0.99586
1
178.153 352.806 0.99586
1
179.215 354.446 0.99586
1
180.278 356.085 0.99586
1
181.237 357.788 0.933958
1
182.299 359.427 0.872056
1
183.461 360.998 0.810154
1
184.718 362.494 0.748252
1
186.064 363.909 0.68635
1
187.496 365.238 0.624448
1
189.008 366.476 0.562546
1
190.593 367.619 0.500644
1
192.245 368.661 0.438742
1
193.959 369.599 0.376839
1
195.728 370.428 0.314937
1
197.545 371.147 0.253035
1
199.402 371.753 0.191133
1
197.511 371.264 0.129231
1
195.593 370.892 0.0673291
1
193.655 370.641 0.00542702
1
191.706 370.509 6.22671
1
189.752 370.499 6.16481
2
70.4297 139.571
0 0 0.915453 -0.402425
3
48.1304 128.892
61.7023 116.438
92.7289 150.25
79.157 162.703
2
69.1087 138.131
0 0 0.915453 -0.402425
3
46.8095 127.452
60.3814 114.998
91.408 148.81
77.8361 161.264
2
67.7878 136.691
0 0 0.915453 -0.402425
3
45.4885 126.013
59.0604 113.559
90.087 147.37
76.5152 159.824
2
66.4669 135.252
0 0 0.915453 -0.402425
3
44.1676 124.573
57.7395 112.119
88.7661 145.931
75.1942 158.385
2
65.1459 133.812
0 0 0.915453 -0.402425
3
42.8467 123.133
56.4185 110.68
87.4452 144.491
73.8733 156.945
2
63.825 132.373
0 0 0.915453 -0.402425
3
41.5257 121.694
55.0976 109.24
86.1242 143.052
72.5523 155.506
2
63.081 130.446
0 0 0.902561 -0.430562
3
41.4851 118.408
55.8014 106.817
84.6769 142.484
70.3606 154.074
2
62.4577 128.476
0 0 0.888805 -0.458286
3
41.6479 115.125
56.6538 104.443
83.2676 141.827
68.2616 152.51
2
61.9574 126.472
0 0 0.874197 -0.485572
3
42.0133 111.859
57.6514 102.126
81.9015 141.085
66.2634 150.819
2
61.5821 124.441
0 0 0.858751 -0.512392
3
42.5802 108.622
58.7904 99.8744
80.584 140.259
64.3737 149.007
2
60.0046 123.107
0 0 0.874197 -0.485572
3
40.0606 108.494
55.6986 98.7604
79.9487 137.72
64.3107 147.454
2
58.3477 121.873
0 0 0.888805 -0.458286
3
37.5378 108.522
52.5438 97.8398
79.1575 135.224
64.1516 145.907
2
56.6176 120.745
0 0 0.902561 -0.430562
3
35.0217 108.707
49.338 97.1161
78.2135 132.783
63.8972 144.373
2
55.3883 119.226
0 0 0.902561 -0.430562
3
33.7923 107.188
48.1087 95.5977
76.9842 131.264
62.6678 142.855
2
53.4147 118.35
0 0 0.916075 -0.401008
3
31.0825 107.74
44.6158 95.2446
75.7469 128.96
62.2136 141.456
2
51.3884 117.605
0 0 0.928621 -0.37103
3
28.4142 108.468
41.1073 95.1192
74.3625 126.742
61.6695 140.09
2
49.3179 116.992
0 0 0.940186 -0.340661
3
25.7988 109.367
37.5981 95.2219
72.837 124.618
61.0378 138.762
2
47.212 116.515
0 0 0.950759 -0.309931
3
23.2473 110.434
34.1029 95.5524
71.1768 122.597
60.3211 137.478
2
45.0797 116.176
0 0 0.960327 -0.278875
3
20.7705 111.664
30.6367 96.1092
69.3888 120.689
59.5227 136.244
2
42.9298 115.977
0 0 0.968882 -0.247524
3
18.3788 113.053
27.2139 96.8899
67.4807 118.901
58.6457 135.064
2
40.7714 115.917
0 0 0.976413 -0.215911
3
16.0824 114.594
23.849 97.8913
65.4604 117.24
57.6939 133.943
2
38.6138 115.998
0 0 0.982913 -0.184071
3
13.891 116.281
20.5563 99.1091
63.3366 115.714
56.6713 132.886
2
36.4659 116.218
0 0 0.988375 -0.152036
3
11.8137 118.107
17.3496 100.538
61.1181 114.33
55.5822 131.898
2
34.7702 115.131
0 0 0.985452 -0.169952
3
10.0657 116.123
16.2356 98.7673
59.4747 114.139
53.3047 131.495
2
33.2879 113.561
0 0 0.97941 -0.201882
3
8.57115 112.947
15.8554 96.028
58.0047 114.175
50.7205 131.094
2
31.9108 111.898
0 0 0.972333 -0.2336
3
7.28614 109.679
15.6538 93.2698
56.5355 114.116
48.1678 130.526
2
30.6446 110.149
0 0 0.964229 -0.26507
3
6.21604 106.336
15.6319 90.5043
55.0733 113.962
45.6574 129.794
2
29.4947 108.322
0 0 0.955107 -0.296261
3
5.36538 102.93
15.7897 87.7432
53.6241 113.713
43.1998 128.9
2
28.4659 106.423
0 0 0.944976 -0.327138
3
4.73775 99.4756
16.1264 84.9982
52.1941 113.371
40.8055 127.848
2
27.5626 104.462
0 0 0.933848 -0.357671
3
4.33579 95.9879
16.6407 82.2808
50.7895 112.936
38.4845 126.643
2
26.7886 102.446
0 0 0.921733 -0.387825
3
4.16121 92.4816
17.3305 79.6026
49.416 112.411
36.2467 125.29
2
26.1471 100.385
0 0 0.908645 -0.41757
3
4.21475 88.9713
18.1927 76.9749
48.0795 111.798
34.1015 123.795
2
25.6409 98.2858
0 0 0.894597 -0.446874
3
4.49616 85.4718
19.2238 74.4087
46.7856 111.1
32.058 122.163
2
25.2721 96.1584
0 0 0.879604 -0.475706
3
5.00428 81.9981
20.4194 71.9149
45.5399 110.319
30.1248 120.402
2
25.0422 94.0115
0 0 0.863683 -0.504036
3
5.73694 78.5647
21.7744 69.504
44.3475 109.458
28.31 118.519
2
24.9523 91.8542
0 0 0.846849 -0.531833
3
6.69107 75.1861
23.2832 67.1862
43.2135 108.522
26.6214 116.522
2
25.0027 89.6956
0 0 0.829121 -0.559069
3
7.86262 71.8766
24.9393 64.9713
42.1427 107.515
25.066 114.42
2
25.1931 87.5449
0 0 0.810518 -0.585714
3
9.24666 68.6503
26.7358 62.8686
41.1396 106.44
23.6505 112.221
2
25.5229 85.4111
0 0 0.791058 -0.611741
3
10.8373 65.5206
28.665 60.8871
40.2085 105.302
22.3807 109.935
2
25.9906 83.3032
0 0 0.770763 -0.637122
3
12.6279 62.5008
30.7189 59.0351
39.3532 104.105
21.2622 107.571
2
26.5941 81.2301
0 0 0.749654 -0.66183
3
14.6109 59.6038
32.8888 57.3204
38.5774 102.856
20.2995 105.14
2
27.3311 79.2006
0 0 0.727754 -0.685839
3
16.7778 56.8416
35.1654 55.7502
37.8844 101.56
19.4968 102.651
2
28.1983 77.2232
0 0 0.705084 -0.709123
3
19.1195 54.226
37.5392 54.3312
37.2771 100.22
18.8574 100.115
2
29.1922 75.3064
0 0 0.681671 -0.731659
3
21.6262 51.7681
40.0002 53.0694
36.7581 98.8448
18.3841 97.5434
2
30.3084 73.4582
0 0 0.657537 -0.753422
3
24.2873 49.4781
42.5379 51.9701
36.3295 97.4382
18.0788 94.9462
2
31.5423 71.6863
0 0 0.632709 -0.77439
3
27.0915 47.3658
45.1417 51.038
35.9931 96.0068
17.9429 92.3346
2
32.8887 69.9984
0 0 0.607213 -0.794539
3
30.0269 45.4401
47.8005 50.277
35.7505 94.5566
17.9769 89.7198
2
34.3419 68.4014
0 0 0.581075 -0.81385
3
33.0812 43.7092
50.5032 49.6902
35.6025 93.0937
18.1806 87.1127
2
35.8957 66.9023
0 0 0.554324 -0.832301
3
36.2415 42.1802
53.2382 49.2802
35.5499 91.6243
18.5532 84.5243
2
37.5437 65.5072
0 0 0.526987 -0.849873
3
39.4945 40.8598
55.9941 49.0488
35.5928 90.1545
19.0932 81.9656
2
39.2787 64.2221
0 0 0.499094 -0.866548
3
42.8263 39.7535
58.7592 48.9968
35.7311 88.6906
19.7983 79.4473
2
41.0936 63.0524
0 0 0.470674 -0.882307
3
46.2229 38.8659
61.5218 49.1245
35.9642 87.2389
20.6654 76.9802
2
42.9806 62.003
0 0 0.441757 -0.897135
3
49.6701 38.2007
64.2703 49.4314
36.2911 85.8053
21.6909 74.5746
2
44.9318 61.0784
0 0 0.412373 -0.911015
3
53.1531 37.7609
66.9931 49.9162
36.7105 84.396
22.8705 72.2407
2
46.9389 60.2825
0 0 0.382554 -0.923933
3
56.6574 37.5482
69.6787 50.5768
37.2204 83.0168
24.1992 69.9883
2
48.9935 59.6187
0 0 0.352331 -0.935876
3
60.1681 37.5636
72.3156 51.4104
37.8189 81.6738
25.6714 67.827
2
51.0868 59.0897
0 0 0.321735 -0.94683
3
63.6703 37.807
74.8929 52.4136
38.5033 80.3724
27.2808 65.7658
2
53.2101 58.6978
0 0 0.2908 -0.956784
3
67.1494 38.2774
77.3995 53.582
39.2709 79.1182
29.0208 63.8136
2
55.3544 58.4446
0 0 0.259558 -0.965727
3
70.5906 38.9727
79.825 54.9108
40.1182 77.9166
30.8838 61.9785
2
57.5106 58.3313
0 0 0.228042 -0.973651
3
73.9793 39.8901
82.159 56.3943
41.0419 76.7725
32.8622 60.2683
2
59.6696 58.3582
0 0 0.196285 -0.980547
3
77.3013 41.0256
84.3918 58.0262
42.0378 75.6908
34.9474 58.6902
2
61.8223 58.5253
0 0 0.16432 -0.986407
3
80.5425 42.3745
86.5138 59.7998
43.102 74.6761
37.1307 57.2508
2
63.9595 58.8319
0 0 0.132182 -0.991225
3
83.6893 43.9311
88.5162 61.7074
44.2298 73.7326
39.4029 55.9563
2
66.0724 59.2766
0 0 0.0999046 -0.994997
3
86.7283 45.6888
90.3904 63.7411
45.4165 72.8644
41.7544 54.8121
2
68.1519 59.8576
0 0 0.0675216 -0.997718
3
89.6468 47.6401
92.1286 65.8922
46.657 72.0751
44.1752 53.8231
2
70.1893 60.5725
0 0 0.0350674 -0.999385
3
92.4323 49.7769
93.7234 68.1516
47.9463 71.3681
46.6552 52.9934
2
72.1759 61.4182
0 0 0.00257602 -0.999997
3
95.0732 52.0901
95.1681 70.5098
49.2787 70.7463
49.1838 52.3265
2
74.1035 62.3911
0 0 0.0299182 0.999552
3
97.5582 54.5699
96.4565 72.957
50.6487 70.2123
51.7504 51.8253
2
75.9637 63.4872
0 0 0.0623808 0.998052
3
99.877 57.206
97.5833 75.4826
52.0505 69.7685
54.3441 51.4918
2
77.7489 64.7018
0 0 0.0947774 0.995498
3
102.02 59.987
98.5437 78.0761
53.4781 69.4166
56.954 51.3275
2
79.4513 66.0298
0 0 0.127074 0.991893
3
103.977 62.9014
99.3336 80.7265
54.9256 69.1582
59.5691 51.3331
2
81.064 67.4655
0 0 0.159236 0.98724
3
105.741 65.9367
99.9497 83.4226
56.3869 68.9944
62.1783 51.5085
2
82.5799 69.003
0 0 0.191231 0.981545
3
107.304 69.0802
100.389 86.153
57.8556 68.9258
64.7706 51.853
2
83.9929 70.6357
0 0 0.223023 0.974813
3
108.66 72.3186
100.651 88.9062
59.3258 68.9527
67.335 52.3651
2
85.2967 72.3567
0 0 0.254579 0.967052
3
109.802 75.6382
100.733 91.6706
60.7911 69.0751
69.8608 53.0428
2
86.4861 74.1587
0 0 0.285867 0.958269
3
110.727 79.025
100.635 94.4345
62.2453 69.2924
72.3372 53.883
2
87.5559 76.0342
0 0 0.316853 0.948475
3
111.429 82.4647
100.358 97.1861
63.6823 69.6037
74.7538 54.8823
2
88.5016 77.9753
0 0 0.347505 0.937678
3
111.907 85.9428
99.9028 99.914
65.0961 70.0077
77.1004 56.0365
2
89.3192 79.9736
0 0 0.377789 0.925892
3
112.158 89.4446
99.2714 102.607
66.4807 70.5027
79.367 57.3407
2
90.0053 82.0209
0 0 0.407674 0.913127
3
112.181 92.9552
98.4665 105.252
67.8302 71.0865
81.5442 58.7893
2
90.5571 84.1083
0 0 0.437129 0.899399
3
111.975 96.4599
97.4914 107.84
69.1389 71.7568
83.6227 60.3763
2
90.972 86.2273
0 0 0.466122 0.88472
3
111.543 99.9439
96.3503 110.36
70.4013 72.5107
85.5937 62.0949
2
91.2485 88.3686
0 0 0.494623 0.869107
3
110.885 103.392
95.048 112.799
71.6122 73.3449
87.449 63.9379
2
91.3852 90.5235
0 0 0.522602 0.852577
3
110.004 106.791
93.5899 115.149
72.7662 74.2561
89.1806 65.8975
2
91.3818 92.6826
0 0 0.550029 0.835146
3
108.905 110.125
91.9823 117.4
73.8586 75.2402
90.7813 67.9655
2
91.2381 94.837
0 0 0.576875 0.816833
3
107.591 113.381
90.2319 119.541
74.8849 76.2933
92.2442 70.1331
2
90.9547 96.9775
0 0 0.603111 0.797657
3
106.069 116.544
88.3461 121.564
75.8405 77.4108
93.5633 72.3911
2
90.533 99.095
0 0 0.628711 0.777639
3
104.344 119.602
86.333 123.46
76.7215 78.5879
94.733 74.73
2
89.9746 101.181
0 0 0.653647 0.7568
3
102.425 122.542
84.2009 125.222
77.5243 79.8199
95.7483 77.1399
2
89.2819 103.226
0 0 0.677892 0.735161
3
100.318 125.35
81.9589 126.841
78.2453 81.1013
96.6049 79.6107
2
88.4578 105.221
0 0 0.701422 0.712746
3
98.0341 128.016
79.6165 128.311
78.8815 82.4269
97.2992 82.1319
2
87.5059 107.159
0 0 0.724211 0.689579
3
95.5814 130.528
77.1835 129.626
79.4304 83.7911
97.8283 84.6929
2
86.4301 109.032
0 0 0.746235 0.665683
3
92.9707 132.875
74.6703 130.78
79.8894 85.1879
98.1899 87.2829
2
85.2349 110.83
0 0 0.76747 0.641084
3
90.2131 135.048
72.0873 131.769
80.2568 86.6117
98.3825 89.8909
2
83.9255 112.547
0 0 0.787896 0.615808
3
87.3202 137.037
69.4457 132.587
80.5309 88.0563
98.4054 92.5058
2
82.5074 114.175
0 0 0.807489 0.589882
3
84.3042 138.834
66.7564 133.233
80.7106 89.5157
98.2583 95.1168
2
81.1338 115.764
0 0 0.823094 0.567905
3
81.5992 140.484
64.3788 133.946
80.6683 91.0441
97.8887 97.5826
2
81.3702 117.91
0 0 0.804207 0.594349
3
83.4403 142.548
65.8315 137.142
79.3001 93.2727
96.9089 98.6789
2
81.7455 120.037
0 0 0.78447 0.620167
3
85.4115 144.488
67.4887 140.237
78.0795 95.5855
96.0023 99.8366
2
82.2582 122.134
0 0 0.763905 0.645329
3
87.5045 146.295
69.3435 143.217
77.0118 97.9726
95.1728 101.051
2
82.9059 124.194
0 0 0.742533 0.66981
3
89.7105 147.963
71.388 146.071
76.1013 100.424
94.4239 102.316
2
83.6861 126.207
0 0 0.720377 0.693583
3
92.0202 149.484
73.6135 148.787
75.352 102.93
93.7588 103.627
2
84.5955 128.165
0 0 0.69746 0.716624
3
94.4239 150.852
76.0106 151.351
74.7671 105.478
93.1803 104.979
2
85.6301 130.06
0 0 0.673807 0.738908
3
96.9113 152.061
78.5693 153.755
74.3489 108.06
92.6908 106.366
2
86.7856 131.884
0 0 0.649441 0.760412
3
99.4719 153.106
81.2788 155.988
74.0992 110.663
92.2924 107.781
2
88.0571 133.629
0 0 0.624391 0.781112
3
102.095 153.982
84.1275 158.04
74.0191 113.277
91.9867 109.219
2
89.4393 135.288
0 0 0.59868 0.800988
3
104.77 154.686
87.1034 159.902
74.109 115.89
91.7751 110.674
2
90.9263 136.854
0 0 0.572338 0.820018
3
107.484 155.215
90.1941 161.567
74.3685 118.492
91.6585 112.14
2
92.5118 138.319
0 0 0.545391 0.838182
3
110.227 155.566
93.3864 163.028
74.7964 121.072
91.6373 113.61
2
94.1892 139.679
0 0 0.517868 0.855461
3
112.987 155.739
96.6668 164.279
75.391 123.619
91.7117 115.079
2
95.9514 140.927
0 0 0.489798 0.871836
3
115.753 155.732
100.022 165.314
76.1497 126.121
91.8813 116.539
2
97.7909 142.057
0 0 0.461211 0.88729
3
118.512 155.545
103.436 166.128
77.0694 128.569
92.1454 117.986
2
99.6999 143.066
0 0 0.432137 0.901808
3
121.254 155.179
106.897 166.72
78.1462 130.953
92.5029 119.412
2
101.67 143.949
0 0 0.402606 0.915373
3
123.965 154.636
110.389 167.085
79.3754 133.261
92.9522 120.812
2
103.694 144.701
0 0 0.372651 0.927972
3
126.636 153.918
113.897 167.223
80.752 135.484
93.4916 122.18
2
105.762 145.321
0 0 0.342301 0.93959
3
129.255 153.029
117.406 167.132
82.2701 137.613
94.1186 123.51
2
107.867 145.805
0 0 0.311591 0.950216
3
131.81 151.971
120.902 166.814
83.9232 139.64
94.8308 124.796
2
109.998 146.152
0 0 0.280551 0.959839
3
134.291 150.749
124.371 166.269
85.7045 141.554
95.6249 126.034
2
112.147 146.359
0 0 0.249215 0.968448
3
136.688 149.368
127.796 165.5
87.6064 143.349
96.4978 127.217
2
114.305 146.426
0 0 0.217616 0.976035
3
138.989 147.835
131.164 164.511
89.6209 145.017
97.4457 128.341
2
112.536 145.596
0 0 0.217616 0.976035
3
137.221 147.005
129.396 163.681
87.8522 144.187
95.677 127.511
2
110.768 144.766
0 0 0.217616 0.976035
3
135.452 146.175
127.627 162.851
86.0835 143.357
93.9083 126.681
2
108.554 144.828
0 0 0.247716 0.968833
3
133.104 147.762
124.263 163.921
84.0047 141.895
92.8462 125.735
2
106.342 144.754
0 0 0.277579 0.960703
3
130.663 149.2
120.839 164.782
82.0204 140.307
91.8446 124.725
2
104.138 144.542
0 0 0.307176 0.951653
3
128.137 150.485
117.368 165.429
80.1382 138.599
90.9074 123.655
2
101.951 144.195
0 0 0.336479 0.941691
3
125.537 151.611
113.864 165.86
78.3651 136.778
90.0382 122.529
2
99.7902 143.713
0 0 0.365459 0.930827
3
122.872 152.574
110.34 166.073
76.7082 134.852
89.2404 121.352
2
97.6632 143.098
0 0 0.394089 0.919072
3
120.153 153.37
106.81 166.068
75.1735 132.826
88.5169 120.127
2
95.5783 142.353
0 0 0.422342 0.906436
3
117.389 153.996
103.286 165.845
73.7672 130.709
87.8705 118.86
2
96.2373 144.31
0 0 0.450191 0.892932
3
117.286 157.281
102.477 168.234
75.1883 131.34
89.9976 120.386
2
96.7739 146.305
0 0 0.477608 0.878573
3
116.98 160.553
101.522 170.569
76.5676 132.057
92.0261 122.041
2
97.1861 148.329
0 0 0.504568 0.863372
3
116.472 163.8
100.424 172.841
77.8999 132.859
93.9485 123.818
2
97.4723 150.375
0 0 0.531044 0.847344
3
115.765 167.009
99.1874 175.04
79.18 133.741
95.7572 125.71
2
97.6314 152.435
0 0 0.557012 0.830505
3
114.86 170.169
97.8173 177.158
80.4032 134.701
97.4454 127.711
2
97.6627 154.5
0 0 0.582446 0.81287
3
113.761 173.266
96.3189 179.188
81.5646 135.735
99.0066 129.812
2
97.5662 156.564
0 0 0.607322 0.794456
3
112.473 176.289
94.6977 181.121
82.6598 136.838
100.435 132.006
2
97.3423 158.617
0 0 0.631616 0.775281
3
111 179.227
92.96 182.95
83.6847 138.007
101.724 134.284
2
98.4702 160.348
0 0 0.607322 0.794456
3
113.377 180.073
95.6016 184.905
83.5637 140.622
101.339 135.79
2
99.7029 162.005
0 0 0.582446 0.81287
3
115.801 180.771
98.3591 186.693
83.6048 143.24
101.047 137.318
2
101.036 163.584
0 0 0.557012 0.830505
3
118.264 181.317
101.222 188.307
83.8077 145.85
100.85 138.86
2
101.067 165.649
0 0 0.582446 0.81287
3
117.165 184.415
99.7234 190.337
84.9691 146.884
102.411 140.961
2
100.971 167.713
0 0 0.607322 0.794456
3
115.877 187.438
98.1022 192.27
86.0643 147.987
103.839 143.155
2
101.483 169.598
0 0 0.607322 0.794456
3
116.39 189.323
98.6147 194.155
86.5769 149.872
104.352 145.04
2
101.996 171.483
0 0 0.607322 0.794456
3
116.902 191.209
99.1273 196.041
87.0894 151.758
104.864 146.926
2
102.508 173.369
0 0 0.607322 0.794456
3
117.415 193.094
99.6398 197.926
87.6019 153.643
105.377 148.811
2
103.021 175.254
0 0 0.607322 0.794456
3
117.927 194.979
100.152 199.811
88.1144 155.528
105.889 150.696
2
103.533 177.139
0 0 0.607322 0.794456
3
118.44 196.865
100.665 201.697
88.6269 157.414
106.402 152.582
2
103.309 179.193
0 0 0.631616 0.775281
3
116.967 199.803
98.9271 203.526
89.6518 158.583
107.692 154.86
2
103.704 181.106
0 0 0.631616 0.775281
3
117.362 201.716
99.322 205.439
90.0467 160.496
108.086 156.773
2
104.832 182.837
0 0 0.607322 0.794456
3
119.739 202.562
101.964 207.394
89.9257 163.111
107.701 158.279
2
106.065 184.494
0 0 0.582446 0.81287
3
122.163 203.26
104.721 209.182
89.9668 165.729
107.409 159.807
2
106.693 186.344
0 0 0.582446 0.81287
3
122.791 205.11
105.349 211.032
90.595 167.579
108.037 161.657
2
108.026 187.923
0 0 0.557012 0.830505
3
125.254 205.656
108.212 212.646
90.7979 170.189
107.84 163.199
2
108.767 189.73
0 0 0.557012 0.830505
3
125.996 207.464
108.953 214.454
91.5393 171.996
108.581 165.006
2
109.509 191.538
0 0 0.557012 0.830505
3
126.737 209.272
109.695 216.262
92.2807 173.804
109.323 166.814
2
110.25 193.345
0 0 0.557012 0.830505
3
127.478 211.079
110.436 218.069
93.0221 175.612
110.064 168.622
2
110.992 195.153
0 0 0.557012 0.830505
3
128.22 212.887
111.178 219.877
93.7635 177.419
110.806 170.429
2
111.733 196.961
0 0 0.557012 0.830505
3
128.961 214.694
111.919 221.684
94.5049 179.227
111.547 172.237
2
112.474 198.768
0 0 0.557012 0.830505
3
129.703 216.502
112.66 223.492
95.2463 181.034
112.288 174.045
2
113.216 200.576
0 0 0.557012 0.830505
3
130.444 218.31
113.402 225.3
95.9877 182.842
113.03 175.852
2
113.957 202.383
0 0 0.557012 0.830505
3
131.185 220.117
114.143 227.107
96.7291 184.65
113.771 177.66
2
114.699 204.191
0 0 0.557012 0.830505
3
131.927 221.925
114.885 228.915
97.4705 186.457
114.513 179.467
2
115.44 205.999
0 0 0.557012 0.830505
3
132.668 223.733
115.626 230.722
98.2119 188.265
115.254 181.275
2
116.181 207.806
0 0 0.557012 0.830505
3
133.41 225.54
116.367 232.53
98.9533 190.073
115.995 183.083
2
116.923 209.614
0 0 0.557012 0.830505
3
134.151 227.348
117.109 234.338
99.6947 191.88
116.737 184.89
2
117.664 211.422
0 0 0.557012 0.830505
3
134.892 229.155
117.85 236.145
100.436 193.688
117.478 186.698
2
118.406 213.229
0 0 0.557012 0.830505
3
135.634 230.963
118.592 237.953
101.177 195.495
118.22 188.505
2
119.147 215.037
0 0 0.557012 0.830505
3
136.375 232.771
119.333 239.761
101.919 197.303
118.961 190.313
2
119.888 216.844
0 0 0.557012 0.830505
3
137.117 234.578
120.074 241.568
102.66 199.111
119.702 192.121
2
120.63 218.652
0 0 0.557012 0.830505
3
137.858 236.386
120.816 243.376
103.402 200.918
120.444 193.928
2
121.371 220.46
0 0 0.557012 0.830505
3
138.599 238.193
121.557 245.183
104.143 202.726
121.185 195.736
2
122.113 222.267
0 0 0.557012 0.830505
3
139.341 240.001
122.299 246.991
104.884 204.534
121.927 197.544
2
123.541 223.76
0 0 0.531044 0.847344
3
141.833 240.394
125.256 248.425
105.248 207.126
121.826 199.095
2
125.058 225.161
0 0 0.504568 0.863372
3
144.345 240.632
128.296 249.673
105.772 209.691
121.821 200.65
2
126.017 226.864
0 0 0.504568 0.863372
3
145.304 242.334
129.255 251.375
106.731 211.393
122.78 202.352
2
126.976 228.566
0 0 0.504568 0.863372
3
146.262 244.036
130.214 253.077
107.69 213.095
123.739 204.054
2
127.262 230.612
0 0 0.531044 0.847344
3
145.555 247.246
128.978 255.277
108.97 213.978
125.547 205.947
2
127.421 232.671
0 0 0.557012 0.830505
3
144.65 250.405
127.607 257.395
110.193 214.937
127.236 207.948
2
127.453 234.737
0 0 0.582446 0.81287
3
143.551 253.502
126.109 259.425
111.355 215.971
128.797 210.049
2
127.356 236.8
0 0 0.607322 0.794456
3
142.263 256.526
124.488 261.358
112.45 217.075
130.225 212.243
2
127.132 238.854
0 0 0.631616 0.775281
3
140.79 259.464
122.75 263.187
113.475 218.244
131.515 214.521
2
126.782 240.89
0 0 0.655306 0.755364
3
139.138 262.305
120.903 264.905
114.425 219.474
132.661 216.874
2
126.306 242.9
0 0 0.678367 0.734723
3
137.314 265.038
118.953 266.505
115.298 220.761
133.66 219.294
2
127.212 244.756
0 0 0.655306 0.755364
3
139.568 266.172
121.332 268.772
114.855 223.341
133.091 220.741
2
128.23 246.554
0 0 0.631616 0.775281
3
141.888 267.163
123.848 270.886
114.573 225.944
132.612 222.221
2
129.358 248.284
0 0 0.607322 0.794456
3
144.265 268.01
126.49 272.842
114.452 228.559
132.227 223.727
2
130.591 249.942
0 0 0.582446 0.81287
3
146.689 268.707
129.247 274.63
114.493 231.176
131.935 225.254
2
131.924 251.52
0 0 0.557012 0.830505
3
149.152 269.254
132.11 276.244
114.696 233.786
131.738 226.796
2
133.352 253.012
0 0 0.531044 0.847344
3
151.644 269.647
135.067 277.677
115.06 236.378
131.637 228.348
2
134.87 254.414
0 0 0.504568 0.863372
3
154.156 269.884
138.107 278.925
115.583 238.943
131.632 229.902
2
136.471 255.719
0 0 0.477608 0.878573
3
156.677 269.967
141.219 279.983
116.265 241.471
131.723 231.455
2
138.15 256.922
0 0 0.450191 0.892932
3
159.199 269.893
144.39 280.846
117.101 243.952
131.91 232.998
2
138.687 258.917
0 0 0.477608 0.878573
3
158.893 273.165
143.434 283.181
118.48 244.669
133.939 234.653
2
139.099 260.941
0 0 0.504568 0.863372
3
158.385 276.412
142.336 285.453
119.813 245.471
135.861 236.43
2
139.385 262.987
0 0 0.531044 0.847344
3
157.677 279.621
141.1 287.652
121.093 246.353
137.67 238.322
2
139.544 265.047
0 0 0.557012 0.830505
3
156.772 282.78
139.73 289.77
122.316 247.313
139.358 240.323
2
139.575 267.112
0 0 0.582446 0.81287
3
155.674 285.878
138.232 291.8
123.477 248.346
140.919 242.424
2
139.479 269.176
0 0 0.607322 0.794456
3
154.385 288.901
136.61 293.733
124.573 249.45
142.347 244.618
2
139.255 271.229
0 0 0.631616 0.775281
3
152.913 291.839
134.873 295.562
125.597 250.619
143.637 246.896
2
138.904 273.265
0 0 0.655306 0.755364
3
151.261 294.68
133.025 297.28
126.548 251.85
144.784 249.25
2
139.923 275.062
0 0 0.631616 0.775281
3
153.581 295.672
135.541 299.395
126.265 254.452
144.305 250.729
2
141.051 276.793
0 0 0.607322 0.794456
3
155.957 296.518
138.182 301.35
126.145 257.067
143.919 252.235
2
142.284 278.45
0 0 0.582446 0.81287
3
158.382 297.216
140.94 303.138
126.186 259.685
143.628 253.762
2
143.617 280.028
0 0 0.557012 0.830505
3
160.845 297.762
143.803 304.752
126.388 262.295
143.431 255.305
2
145.045 281.521
0 0 0.531044 0.847344
3
163.337 298.155
146.76 306.186
126.752 264.887
143.33 256.856
2
146.562 282.922
0 0 0.504568 0.863372
3
165.849 298.393
149.8 307.434
127.276 267.452
143.325 258.411
2
148.164 284.227
0 0 0.477608 0.878573
3
168.37 298.475
152.912 308.492
127.957 269.979
143.416 259.963
2
149.843 285.431
0 0 0.450191 0.892932
3
170.892 298.401
156.083 309.355
128.794 272.46
143.603 261.506
2
151.593 286.528
0 0 0.422342 0.906436
3
173.404 298.171
159.301 310.02
129.782 274.884
143.885 263.035
2
152.252 288.485
0 0 0.450191 0.892932
3
173.301 301.456
158.492 312.41
131.203 275.515
146.012 264.561
2
152.789 290.48
0 0 0.477608 0.878573
3
172.995 304.728
157.537 314.745
132.582 276.232
148.041 266.216
2
153.201 292.504
0 0 0.504568 0.863372
3
172.487 307.975
156.439 317.016
133.915 277.034
149.963 267.993
2
153.487 294.55
0 0 0.531044 0.847344
3
171.779 311.184
155.202 319.215
135.195 277.916
151.772 269.885
2
153.646 296.61
0 0 0.557012 0.830505
3
170.874 314.344
153.832 321.334
136.418 278.876
153.46 271.886
2
153.678 298.675
0 0 0.582446 0.81287
3
169.776 317.441
152.334 323.363
137.579 279.91
155.021 273.987
2
153.581 300.739
0 0 0.607322 0.794456
3
168.487 320.464
150.713 325.296
138.675 281.013
156.45 276.181
2
153.357 302.792
0 0 0.631616 0.775281
3
167.015 323.402
148.975 327.125
139.7 282.182
157.739 278.459
2
153.007 304.828
0 0 0.655306 0.755364
3
165.363 326.243
147.127 328.843
140.65 283.413
158.886 280.813
2
152.531 306.838
0 0 0.678367 0.734723
3
163.539 328.977
145.177 330.444
141.523 284.7
159.884 283.233
2
153.436 308.695
0 0 0.655306 0.755364
3
165.793 330.11
147.557 332.71
141.08 287.28
159.315 284.68
2
154.455 310.492
0 0 0.631616 0.775281
3
168.112 331.102
150.073 334.825
140.797 289.882
158.837 286.159
2
155.583 312.223
0 0 0.607322 0.794456
3
170.489 331.948
152.714 336.78
140.676 292.497
158.451 287.665
2
156.816 313.88
0 0 0.582446 0.81287
3
172.914 332.646
155.472 338.568
140.717 295.115
158.159 289.192
2
158.149 315.458
0 0 0.557012 0.830505
3
175.377 333.192
158.334 340.182
140.92 297.725
157.963 290.735
2
159.577 316.951
0 0 0.531044 0.847344
3
177.869 333.585
161.292 341.616
141.284 300.317
157.861 292.286
2
159.736 319.011
0 0 0.557012 0.830505
3
176.964 336.744
159.922 343.734
142.507 301.277
159.55 294.287
2
159.767 321.076
0 0 0.582446 0.81287
3
175.865 339.842
158.423 345.764
143.669 302.311
161.111 296.388
2
161.1 322.654
0 0 0.557012 0.830505
3
178.328 340.388
161.286 347.378
143.872 304.921
160.914 297.931
2
162.528 324.147
0 0 0.531044 0.847344
3
180.82 340.781
164.243 348.812
144.236 307.513
160.813 299.482
2
164.046 325.548
0 0 0.504568 0.863372
3
183.332 341.019
167.283 350.06
144.759 310.078
160.808 301.037
2
165.647 326.853
0 0 0.477608 0.878573
3
185.853 341.101
170.395 351.117
145.441 312.605
160.899 302.589
2
166.059 328.877
0 0 0.504568 0.863372
3
185.345 344.348
169.297 353.389
146.773 313.407
162.822 304.366
2
166.345 330.923
0 0 0.531044 0.847344
3
184.638 347.557
168.06 355.588
148.053 314.289
164.63 306.258
2
167.197 332.681
0 0 0.531044 0.847344
3
185.489 349.316
168.912 357.346
148.905 316.047
165.482 308.017
2
168.049 334.44
0 0 0.531044 0.847344
3
186.341 351.074
169.764 359.105
149.757 317.806
166.334 309.775
2
168.901 336.198
0 0 0.531044 0.847344
3
187.193 352.832
170.616 360.863
150.609 319.564
167.186 311.533
2
169.753 337.956
0 0 0.531044 0.847344
3
188.045 354.59
171.468 362.621
151.46 321.322
168.038 313.291
2
170.604 339.715
0 0 0.531044 0.847344
3
188.897 356.349
172.32 364.379
152.312 323.081
168.889 315.05
2
171.456 341.473
0 0 0.531044 0.847344
3
189.748 358.107
173.171 366.138
153.164 324.839
169.741 316.808
2
172.308 343.231
0 0 0.531044 0.847344
3
190.6 359.865
174.023 367.896
154.016 326.597
170.593 318.566
2
173.16 344.989
0 0 0.531044 0.847344
3
191.452 361.623
174.875 369.654
154.868 328.355
171.445 320.325
2
174.012 346.748
0 0 0.531044 0.847344
3
192.304 363.382
175.727 371.413
155.719 330.114
172.297 322.083
2
174.863 348.506
0 0 0.531044 0.847344
3
193.156 365.14
176.579 373.171
156.571 331.872
173.148 323.841
2
175.715 350.264
0 0 0.531044 0.847344
3
194.007 366.898
177.43 374.929
157.423 333.63
174 325.599
2
176.567 352.022
0 0 0.531044 0.847344
3
194.859 368.656
178.282 376.687
158.275 335.388
174.852 327.358
2
177.419 353.781
0 0 0.531044 0.847344
3
195.711 370.415
179.134 378.446
159.127 337.147
175.704 329.116
2
178.937 355.182
0 0 0.504568 0.863372
3
198.223 370.653
182.174 379.694
159.65 339.712
175.699 330.671
2
180.538 356.487
0 0 0.477608 0.878573
3
200.744 370.735
185.286 380.751
160.332 342.239
175.79 332.223
2
181.6 358.127
0 0 0.477608 0.878573
3
201.807 372.374
186.348 382.391
161.394 343.879
176.853 333.862
2
182.663 359.766
0 0 0.477608 0.878573
3
202.869 374.014
187.411 384.031
162.456 345.518
177.915 335.502
2
183.725 361.406
0 0 0.477608 0.878573
3
203.932 375.654
188.473 385.67
163.519 347.158
178.977 337.142
2
184.788 363.046
0 0 0.477608 0.878573
3
204.994 377.293
189.535 387.31
164.581 348.798
180.04 338.781
2
185.85 364.685
0 0 0.477608 0.878573
3
206.056 378.933
190.598 388.95
165.644 350.437
181.102 340.421
2
186.912 366.325
0 0 0.477608 0.878573
3
207.119 380.573
191.66 390.589
166.706 352.077
182.165 342.061
2
187.975 367.965
0 0 0.477608 0.878573
3
208.181 382.212
192.723 392.229
167.768 353.717
183.227 343.7
2
189.654 369.168
0 0 0.450191 0.892932
3
210.703 382.138
195.894 393.092
168.605 356.197
183.414 345.244
2
191.404 370.265
0 0 0.422342 0.906436
3
213.215 381.909
199.112 393.757
169.593 358.621
183.696 346.773
2
193.219 371.252
0 0 0.394089 0.919072
3
215.709 381.524
202.365 394.222
170.729 360.98
184.073 348.281
2
195.091 372.124
0 0 0.365459 0.930827
3
218.173 380.985
205.641 394.485
172.009 363.263
184.542 349.764
2
197.014 372.879
0 0 0.336479 0.941691
3
220.6 380.295
208.927 394.545
173.428 365.463
185.101 351.214
2
198.98 373.514
0 0 0.307176 0.951653
3
222.98 379.457
212.21 394.401
174.98 367.571
185.75 352.627
2
200.981 374.026
0 0 0.277579 0.960703
3
225.303 378.473
215.478 394.054
176.66 369.579
186.484 353.998
2
203.01 374.413
0 0 0.247716 0.968833
3
227.56 377.347
218.719 393.506
178.461 371.479
187.302 355.32
2
205.06 374.674
0 0 0.217616 0.976035
3
229.744 376.083
221.919 392.759
180.375 373.264
188.2 356.589
2
207.121 374.807
0 0 0.187307 0.982301
3
231.845 374.687
225.067 391.814
182.397 374.928
189.175 357.8
2
209.187 374.813
0 0 0.156819 0.987627
3
233.856 373.163
228.15 390.677
184.517 376.463
190.223 358.949
2
211.249 374.691
0 0 0.12618 0.992007
3
235.769 371.518
231.158 389.352
186.729 377.864
191.34 360.03
2
213.3 374.442
0 0 0.0954212 0.995437
3
237.576 369.758
234.077 387.843
189.023 379.125
192.522 361.04
2
211.548 373.088
0 0 0.0645706 0.997913
3
235.488 366.911
233.114 385.178
187.607 379.264
189.981 360.998
2
209.716 371.845
0 0 0.0336582 0.999433
3
233.228 364.199
231.989 382.578
186.203 379.49
187.442 361.112
2
207.81 370.717
0 0 0.00271351 0.999996
3
230.805 361.632
230.705 380.052
184.815 379.803
184.915 361.383
2
205.838 369.71
0 0 0.0282337 -0.999601
3
228.227 359.22
229.267 377.61
183.45 380.201
182.41 361.81
2
203.808 368.827
0 0 0.059154 -0.998249
3
225.505 356.971
227.68 375.263
182.111 380.682
179.936 362.391
