0
120 364
0
119 364
0
118 364
0
117 364
0
116 364
0
115 364
0
114 364
0
113 364
0
112 364
0
111 364
0
110 364
0
109 364
0
108 364
0
107 364
0
106 364
0
105 364
0
104 364
0
103 364
0
102 364
0
101 364
0
100 364
0
99 364
0
98 364
0
97 364
0
96 364
0
95 364
0
94 364
0
93 364
0
92 363
0
91 362
0
90 361
0
89 361
0
88 361
0
87 361
0
86 361
0
85 361
0
84 361
0
83 361
0
82 361
0
81 360
0
80 359
0
79 358
0
78 357
0
77 356
0
77 355
0
76 354
0
76 353
0
76 352
0
76 351
0
76 350
0
75 349
0
75 348
0
75 347
0
75 346
0
75 345
0
75 344
0
75 343
0
75 342
0
75 341
0
75 340
0
75 339
0
75 338
0
75 337
0
75 336
0
75 335
0
75 334
0
75 333
0
75 332
0
75 331
0
75 330
0
75 329
0
75 328
0
75 327
0
75 326
0
75 325
0
75 324
0
75 323
0
75 322
0
75 321
0
75 320
0
75 319
0
75 318
0
75 317
0
75 316
0
75 315
0
75 314
0
75 313
0
75 312
0
75 311
0
75 310
0
75 309
0
75 308
0
75 307
0
75 306
0
75 305
0
75 304
0
75 303
0
75 302
0
75 301
0
75 300
0
75 299
0
75 298
0
75 297
0
75 296
0
75 295
0
75 294
0
75 293
0
75 292
0
75 291
0
75 290
0
75 289
0
75 288
0
75 287
0
75 286
0
75 285
0
75 284
0
75 283
0
75 282
0
75 281
0
75 280
0
75 279
0
75 278
0
75 277
0
75 276
0
74 275
0
74 274
0
74 273
0
74 272
0
74 271
0
74 270
0
74 269
0
74 268
0
74 267
0
74 266
0
74 265
0
74 264
0
74 263
0
74 262
0
74 261
0
74 260
0
74 259
0
73 258
0
72 257
0
71 256
0
70 255
0
69 254
0
68 253
0
67 252
0
66 251
0
65 250
0
64 249
0
63 248
0
62 247
0
62 246
0
61 245
0
61 244
0
61 243
0
61 242
0
61 241
0
60 240
0
60 239
0
60 238
0
60 237
0
60 236
0
60 235
0
60 234
0
60 233
0
60 232
0
60 231
0
60 230
0
60 229
0
60 228
0
60 227
0
60 226
0
60 225
0
61 224
0
61 223
0
61 222
0
61 221
0
61 220
0
62 219
0
62 218
0
63 217
0
64 216
0
65 215
0
66 214
0
67 213
0
68 212
0
69 211
0
70 210
0
71 209
0
72 208
0
73 207
0
74 206
0
74 205
0
74 204
0
74 203
0
74 202
0
74 201
0
74 200
0
74 199
0
74 198
0
74 197
0
74 196
0
74 195
0
74 194
0
74 193
0
74 192
0
74 191
0
74 190
0
74 189
0
74 188
0
74 187
0
74 186
0
74 185
0
74 184
0
74 183
0
74 182
0
74 181
0
74 180
0
74 179
0
74 178
0
74 177
0
74 176
0
74 175
0
74 174
0
74 173
0
74 172
0
74 171
0
74 170
0
74 169
0
74 168
0
74 167
0
74 166
0
74 165
0
74 164
0
74 163
0
74 162
0
74 161
0
74 160
0
75 159
0
75 158
0
75 157
0
75 156
0
75 155
0
75 154
0
75 153
0
75 152
0
75 151
0
75 150
0
75 149
0
75 148
0
75 147
0
75 146
0
75 145
0
75 144
0
75 143
0
75 142
0
75 141
0
75 140
0
75 139
0
75 138
0
75 137
0
75 136
0
75 135
0
76 134
0
76 133
0
76 132
0
76 131
0
76 130
0
77 129
0
77 128
0
78 127
0
79 126
0
80 125
0
81 124
0
82 123
0
83 122
0
84 121
0
85 120
0
86 119
0
87 118
0
88 117
0
89 116
0
90 115
0
91 114
0
91 113
0
91 112
0
91 111
0
91 110
0
91 109
0
91 108
0
91 107
0
91 106
0
91 105
0
91 104
0
91 103
0
91 102
0
91 101
0
92 100
0
92 99
0
92 98
0
92 97
0
92 96
0
93 95
0
93 94
0
94 93
0
95 92
0
96 91
0
97 90
0
98 89
0
99 88
0
100 87
0
101 86
0
102 85
0
102 84
0
102 83
0
102 82
0
102 81
0
102 80
0
102 79
0
102 78
0
102 77
0
102 76
0
102 75
0
102 74
0
102 73
0
102 72
0
102 71
0
102 70
0
102 69
0
102 68
0
102 67
0
103 66
0
103 65
0
103 64
0
103 63
0
103 62
0
103 61
0
104 60
0
104 59
0
105 58
0
106 57
0
107 57
0
108 56
0
109 55
0
110 55
0
111 55
0
112 54
0
113 54
0
114 54
0
115 54
0
116 54
0
117 54
0
118 54
0
119 54
0
120 54
0
121 54
0
122 54
0
123 54
0
124 54
0
125 54
0
126 54
0
127 54
0
128 54
0
129 54
0
130 54
0
131 54
0
132 54
0
133 54
0
134 54
0
135 54
0
136 54
0
137 54
0
138 54
0
139 54
0
140 54
0
141 54
0
142 54
0
143 54
0
144 54
0
145 54
0
146 54
0
147 54
0
148 54
0
149 54
0
150 54
0
151 54
0
152 54
0
153 54
0
154 54
0
155 54
0
156 54
0
157 54
0
158 54
0
159 54
0
160 54
0
161 54
0
162 54
0
163 54
0
164 54
0
165 54
0
166 54
0
167 54
0
168 54
0
169 54
0
170 54
0
171 54
0
172 54
0
173 54
0
174 54
0
175 54
0
176 54
0
177 54
0
178 54
0
179 54
0
180 54
0
181 54
0
182 55
0
183 56
0
184 57
0
185 58
0
186 59
0
187 60
0
188 61
0
189 62
0
190 63
0
191 64
0
192 65
0
193 66
0
194 67
0
195 68
0
196 69
0
197 70
0
198 71
0
199 72
0
200 73
0
201 74
0
202 75
0
203 76
0
204 77
0
205 78
0
206 79
0
207 80
0
208 81
0
209 82
0
210 83
0
211 84
0
212 85
0
213 86
0
214 87
0
215 88
0
216 89
0
217 90
0
218 91
0
219 92
0
220 93
0
221 94
0
222 95
0
223 96
0
224 97
0
225 98
0
226 99
0
227 100
0
228 101
0
229 102
0
230 103
0
231 104
0
232 105
0
233 106
0
234 107
0
235 108
0
236 109
0
237 110
0
238 111
0
239 112
0
240 113
0
241 114
0
242 115
0
243 116
0
244 117
0
245 118
0
246 119
0
247 120
0
248 121
0
249 122
0
250 123
0
251 124
0
252 125
0
253 126
0
254 127
0
255 128
0
256 129
0
257 130
0
258 131
0
259 132
0
260 133
0
261 134
0
262 135
0
263 136
0
264 137
0
265 138
0
266 139
0
266 140
0
266 141
0
266 142
0
266 143
0
266 144
0
266 145
0
266 146
0
266 147
0
266 148
0
266 149
0
266 150
0
266 151
0
266 152
0
266 153
0
266 154
0
266 155
0
266 156
0
266 157
0
266 158
0
266 159
0
266 160
0
266 161
0
266 162
0
266 163
0
266 164
0
266 165
0
266 166
0
266 167
0
266 168
0
266 169
0
266 170
0
266 171
0
266 172
0
266 173
0
266 174
0
266 175
0
266 176
0
266 177
0
266 178
0
266 179
0
266 180
0
266 181
0
266 182
0
266 183
0
266 184
0
266 185
0
266 186
0
266 187
0
266 188
0
266 189
0
266 190
0
266 191
0
266 192
0
266 193
0
266 194
0
266 195
0
266 196
0
266 197
0
266 198
0
266 199
0
266 200
0
266 201
0
266 202
0
266 203
0
266 204
0
266 205
0
266 206
0
266 207
0
266 208
0
266 209
0
266 210
0
266 211
0
266 212
0
266 213
0
266 214
0
266 215
0
266 216
0
266 217
0
266 218
0
266 219
0
266 220
0
266 221
0
266 222
0
266 223
0
266 224
0
266 225
0
266 226
0
266 227
0
266 228
0
266 229
0
266 230
0
266 231
0
266 232
0
266 233
0
266 234
0
266 235
0
266 236
0
266 237
0
266 238
0
266 239
0
266 240
0
266 241
0
266 242
0
266 243
0
266 244
0
266 245
0
266 246
0
266 247
0
266 248
0
266 249
0
266 250
0
266 251
0
266 252
0
266 253
0
266 254
0
266 255
0
266 256
0
266 257
0
266 258
0
266 259
0
266 260
0
266 261
0
266 262
0
266 263
0
266 264
0
266 265
0
266 266
0
266 267
0
266 268
0
266 269
0
266 270
0
266 271
0
266 272
0
266 273
0
266 274
0
266 275
0
266 276
0
266 277
0
266 278
0
266 279
0
266 280
0
266 281
0
266 282
0
266 283
0
266 284
0
266 285
0
266 286
0
266 287
0
266 288
0
266 289
0
266 290
0
266 291
0
266 292
0
266 293
0
266 294
0
266 295
0
266 296
0
266 297
0
266 298
0
266 299
0
266 300
0
266 301
0
266 302
0
266 303
0
266 304
0
266 305
0
266 306
0
266 307
0
266 308
0
266 309
0
266 310
0
266 311
0
266 312
0
266 313
0
266 314
0
267 315
0
267 316
0
267 317
0
267 318
0
267 319
0
268 320
0
268 321
0
269 322
0
270 323
0
271 324
0
272 325
0
273 325
0
274 326
0
275 326
0
276 326
0
277 327
0
278 327
0
279 327
0
280 327
0
281 327
0
282 327
0
283 327
0
284 327
0
285 327
0
286 327
0
287 327
0
288 327
0
289 327
0
290 327
0
291 327
0
292 327
0
293 327
0
294 327
0
295 327
0
296 327
0
297 327
0
298 327
0
299 327
0
300 327
0
301 327
0
302 327
0
303 327
0
304 327
0
305 327
0
306 327
0
307 327
0
308 327
0
309 327
0
310 327
0
311 327
0
312 327
0
313 327
0
314 327
0
315 327
0
316 327
0
317 327
0
318 327
0
319 327
0
320 327
0
321 327
0
322 327
0
323 327
0
324 327
0
325 327
0
326 327
0
327 327
0
328 327
0
329 327
0
330 327
0
331 327
0
332 327
0
333 327
0
334 327
0
335 327
0
336 327
0
337 327
0
338 327
0
339 327
0
340 327
0
341 327
0
342 327
0
343 327
0
344 327
0
345 327
0
346 327
0
347 327
0
348 327
0
349 327
0
350 327
0
351 327
0
352 327
0
353 327
0
354 327
0
355 327
0
356 327
0
357 327
0
358 327
0
359 327
0
360 327
0
361 327
0
362 327
0
363 328
0
364 329
0
365 330
0
366 330
0
367 331
0
368 332
0
369 332
0
370 332
0
371 332
0
372 332
0
373 332
0
374 332
0
375 332
0
376 332
0
377 332
0
378 333
0
379 333
0
380 333
0
381 333
0
382 333
0
383 333
0
384 333
0
385 333
0
386 333
0
387 333
0
388 333
0
389 333
0
390 333
0
391 333
0
392 333
0
393 333
0
394 333
0
395 333
0
396 333
0
397 333
0
398 333
0
399 333
0
400 333
0
401 333
0
402 333
0
403 333
0
404 333
0
405 333
0
406 333
0
407 333
0
408 333
0
409 333
0
410 333
0
411 333
0
412 332
0
413 332
0
414 332
0
415 332
0
416 332
0
417 332
0
418 332
0
419 332
0
420 332
0
421 332
0
422 332
0
423 331
0
424 330
0
425 330
0
426 329
0
427 328
0
428 327
0
429 326
0
430 325
0
431 324
0
432 323
0
433 322
0
434 321
0
435 320
0
436 319
0
437 318
0
438 317
0
439 316
0
440 315
0
441 314
0
442 313
0
443 312
0
444 311
0
445 310
0
446 309
0
447 308
0
448 307
0
449 306
0
450 305
0
451 304
0
452 303
0
453 302
0
454 301
0
455 300
0
456 299
0
457 298
0
458 297
0
459 296
0
460 295
0
461 294
0
462 293
0
463 292
0
464 291
0
465 290
0
466 289
0
467 288
0
468 287
0
469 286
0
470 285
0
471 284
0
472 283
0
473 282
0
474 281
0
475 280
0
476 279
0
477 278
0
478 277
0
479 276
0
480 275
0
481 274
0
482 273
0
483 272
0
484 271
0
485 270
0
486 269
0
487 268
0
488 267
0
489 266
0
490 265
0
491 264
0
492 263
0
493 262
0
494 261
0
495 260
0
496 259
0
497 258
0
498 257
0
499 256
0
500 255
0
501 254
0
502 253
0
502 252
0
502 251
0
503 250
0
504 249
0
505 248
0
506 247
0
507 246
0
508 245
0
509 244
0
510 243
0
511 242
0
512 241
0
513 240
0
514 239
0
515 238
0
516 237
0
517 236
0
518 235
0
519 234
0
520 233
0
521 232
0
522 231
0
523 230
0
524 229
0
525 228
0
526 227
0
527 226
0
528 225
0
529 224
0
530 223
0
531 222
0
532 221
0
533 220
0
534 219
0
535 218
0
535 217
0
535 216
0
535 215
0
535 214
0
535 213
0
535 212
0
535 211
0
536 210
0
536 209
0
536 208
0
536 207
0
536 206
0
537 205
0
537 204
0
538 203
0
539 202
0
540 201
0
541 200
0
542 200
0
543 199
0
544 199
0
545 198
0
546 198
0
547 198
0
548 198
0
549 198
0
550 198
0
551 198
0
552 198
0
553 198
0
554 198
0
555 198
0
556 198
0
557 198
0
558 198
0
559 198
0
560 198
0
561 198
0
562 198
0
563 198
0
564 198
0
565 198
0
566 198
0
567 198
0
568 198
0
569 198
0
570 198
0
571 198
0
572 198
0
573 198
0
574 198
0
575 198
0
576 198
0
577 197
0
578 197
0
579 196
0
580 196
1
120 364 3.1415
1
118.046 364 3.1415
1
116.092 364 3.1415
1
114.139 364.001 3.1415
1
112.185 364.001 3.1415
1
110.231 364.001 3.1415
1
108.277 364.001 3.1415
1
106.324 364.001 3.1415
1
104.37 364.001 3.1415
1
102.416 364.002 3.1415
1
100.466 364.123 3.2034
1
98.5125 364.123 3.2653
1
96.5737 363.882 3.2653
1
94.6349 363.641 3.2653
1
92.696 363.4 3.2653
1
90.7572 363.159 3.2653
1
88.8184 362.917 3.2653
1
86.8684 362.797 3.32721
1
84.9296 362.556 3.38911
1
83.0094 362.195 3.45101
1
81.1152 361.716 3.51291
1
79.2542 361.121 3.57481
1
77.4336 360.413 3.63672
1
75.6603 359.592 3.69862
1
73.9412 358.664 3.76052
1
72.2828 357.631 3.82242
1
70.6915 356.498 3.88432
1
69.1733 355.268 3.94623
1
67.7341 353.947 4.00813
1
66.3795 352.539 4.07003
1
65.209 350.974 4.07003
1
63.944 349.486 4.13193
1
62.7735 347.921 4.19383
1
61.7021 346.287 4.25574
1
60.7338 344.591 4.31764
1
59.8723 342.837 4.37954
1
59.1209 341.033 4.44144
1
58.4825 339.187 4.50335
1
57.9596 337.304 4.56525
1
57.5542 335.393 4.62715
1
57.2677 333.461 4.68905
1
57.1014 331.514 4.75095
1
57.0558 329.561 4.81286
1
57.1311 327.608 4.87476
1
57.3271 325.665 4.93666
1
57.6429 323.736 4.99856
1
58.0774 321.832 5.06046
1
58.8562 320.04 4.99856
1
59.5226 318.203 4.93666
1
60.0741 316.329 4.87476
1
60.5086 314.424 4.81286
1
60.8244 312.496 4.75095
1
60.8998 310.544 4.75095
1
60.9751 308.591 4.75095
1
61.0504 306.639 4.75095
1
61.1257 304.687 4.75095
1
61.2011 302.735 4.75095
1
61.2764 300.782 4.75095
1
61.3517 298.83 4.75095
1
61.427 296.878 4.75095
1
61.5024 294.925 4.75095
1
61.5777 292.973 4.75095
1
61.653 291.021 4.75095
1
61.7283 289.068 4.75095
1
61.8037 287.116 4.75095
1
61.879 285.164 4.75095
1
61.9543 283.212 4.75095
1
62.0296 281.259 4.75095
1
62.2256 279.315 4.68905
1
62.3009 277.363 4.62715
1
62.2553 275.41 4.56525
1
61.9689 273.477 4.56525
1
61.8025 271.531 4.50335
1
61.5161 269.598 4.44144
1
61.1106 267.687 4.37954
1
60.5877 265.804 4.31764
1
59.9494 263.958 4.25574
1
58.9811 262.261 4.31764
1
58.1196 260.507 4.37954
1
57.3682 258.704 4.44144
1
56.7298 256.857 4.50335
1
56.3244 254.946 4.50335
1
55.9189 253.035 4.50335
1
55.5135 251.124 4.50335
1
55.108 249.212 4.50335
1
54.7026 247.301 4.50335
1
54.4161 245.368 4.44144
1
54.0107 243.457 4.37954
1
54.5336 245.34 4.31764
1
53.6721 243.586 4.37954
1
52.9207 241.783 4.44144
1
52.2823 239.936 4.50335
1
51.7594 238.054 4.56525
1
51.354 236.143 4.62715
1
51.0676 234.21 4.68905
1
50.9012 232.263 4.75095
1
50.8556 230.31 4.81286
1
50.9309 228.358 4.87476
1
51.1269 226.414 4.93666
1
51.4427 224.486 4.99856
1
51.8772 222.581 5.06046
1
52.4288 220.707 5.12237
1
53.3169 218.966 5.06046
1
54.0956 217.175 4.99856
1
54.762 215.338 4.93666
1
55.3135 213.464 4.87476
1
55.748 211.559 4.81286
1
56.0638 209.631 4.75095
1
56.2598 207.687 4.68905
1
56.0935 205.74 4.75095
1
56.0479 203.787 4.81286
1
56.1232 201.835 4.87476
1
56.439 199.907 4.87476
1
56.7549 197.979 4.87476
1
57.0707 196.051 4.87476
1
57.3865 194.123 4.87476
1
57.7024 192.194 4.87476
1
58.0182 190.266 4.87476
1
58.334 188.338 4.87476
1
58.6499 186.41 4.87476
1
58.9657 184.482 4.87476
1
59.2815 182.554 4.87476
1
59.5974 180.626 4.87476
1
59.7933 178.682 4.93666
1
60.1092 176.754 4.99856
1
60.5437 174.849 5.06046
1
61.0952 172.975 5.12237
1
61.8739 171.183 5.12237
1
62.6527 169.391 5.12237
1
63.5408 167.651 5.06046
1
64.3195 165.859 4.99856
1
64.9859 164.023 4.93666
1
65.5374 162.148 4.87476
1
65.9719 160.244 4.81286
1
66.2878 158.316 4.75095
1
66.2422 156.362 4.81286
1
66.3175 154.41 4.87476
1
66.5134 152.466 4.93666
1
66.8293 150.538 4.99856
1
67.2638 148.633 5.06046
1
67.8153 146.759 5.12237
1
68.4817 144.922 5.18427
1
69.3698 143.182 5.18427
1
70.2579 141.442 5.18427
1
71.146 139.702 5.18427
1
72.0341 137.961 5.18427
1
73.0281 136.279 5.12237
1
73.9162 134.539 5.06046
1
74.695 132.747 4.99856
1
75.3614 130.911 4.93666
1
75.9129 129.037 4.87476
1
76.3474 127.132 4.81286
1
76.6632 125.204 4.75095
1
76.8592 123.26 4.68905
1
76.9345 121.307 4.62715
1
76.8889 119.354 4.56525
1
76.7226 117.408 4.50335
1
76.4361 115.475 4.44144
1
76.0307 113.564 4.37954
1
75.5078 111.681 4.31764
1
74.8694 109.835 4.25574
1
74.1181 108.031 4.19383
1
73.2566 106.278 4.13193
1
72.2882 104.581 4.07003
1
71.2168 102.947 4.00813
1
70.0463 101.383 3.94623
1
68.6071 100.061 4.00813
1
67.2525 98.6535 4.07003
1
65.9875 97.1646 4.13193
1
64.817 95.6003 4.19383
1
63.7456 93.9665 4.25574
1
62.7772 92.2696 4.31764
1
62.0259 90.4661 4.31764
1
61.2745 88.6626 4.31764
1
60.5231 86.8591 4.31764
1
59.7717 85.0556 4.31764
1
59.0204 83.2521 4.31764
1
58.269 81.4487 4.31764
1
57.5176 79.6452 4.31764
1
56.6561 77.8916 4.37954
1
55.9048 76.0881 4.44144
1
55.2664 74.2416 4.50335
1
54.7435 72.3591 4.56525
1
54.3381 70.4479 4.62715
1
54.0516 68.5153 4.68905
1
53.8853 66.5686 4.75095
1
53.8397 64.6154 4.81286
1
53.915 62.6631 4.87476
1
54.111 60.7192 4.93666
1
53.7951 62.6473 4.99856
1
53.3606 64.5521 5.06046
1
52.8091 66.4264 5.12237
1
52.1427 68.2629 5.18427
1
51.364 70.0548 5.24617
1
50.4759 71.795 5.30807
1
49.4818 73.477 5.36997
1
50.578 71.8597 5.43188
1
51.7722 70.3134 5.49378
1
53.0597 68.8439 5.55568
1
54.4357 67.4569 5.61758
1
55.8948 66.1576 5.67948
1
57.4315 64.9511 5.74139
1
59.0399 63.842 5.80329
1
60.7138 62.8345 5.86519
1
62.545 62.1534 5.80329
1
64.2781 61.2513 5.80329
1
65.952 60.2438 5.86519
1
67.6851 59.3418 5.92709
1
69.4706 58.5487 5.98899
1
71.3018 57.8676 6.0509
1
73.1716 57.3011 6.1128
1
75.0729 56.8513 6.1747
1
76.9983 56.52 6.2366
1
78.95 56.4291 6.2366
1
80.9016 56.3381 6.2366
1
82.8532 56.2471 6.2366
1
84.8048 56.1561 6.2366
1
86.7565 56.0651 6.2366
1
88.7081 55.9742 6.2366
1
90.6597 55.8832 6.2366
1
92.6114 55.7922 6.2366
1
94.563 55.7012 6.2366
1
96.5146 55.6102 6.2366
1
98.4663 55.5193 6.2366
1
100.418 55.4283 6.2366
1
102.37 55.3373 6.2366
1
104.321 55.2463 6.2366
1
106.273 55.1553 6.2366
1
108.224 55.0644 6.2366
1
110.176 54.9734 6.2366
1
112.128 54.8824 6.2366
1
114.079 54.7914 6.2366
1
116.031 54.7004 6.2366
1
117.983 54.6095 6.2366
1
119.934 54.5185 6.2366
1
121.886 54.4275 6.2366
1
123.837 54.3365 6.2366
1
125.789 54.2455 6.2366
1
127.741 54.1545 6.2366
1
129.692 54.0636 6.2366
1
131.644 53.9726 6.2366
1
133.596 53.8816 6.2366
1
135.547 53.7906 6.2366
1
137.499 53.6996 6.2366
1
139.45 53.6087 6.2366
1
141.402 53.5177 6.2366
1
143.354 53.4267 6.2366
1
145.305 53.3357 6.2366
1
147.248 53.1242 0.015319
1
149.199 53.0332 0.0772211
1
151.153 53.0631 0.139123
1
153.101 53.2139 0.201025
1
155.015 53.604 0.201025
1
156.95 53.8749 0.262927
1
158.864 54.265 0.324829
1
160.751 54.7728 0.386731
1
162.603 55.3964 0.448634
1
164.412 56.1332 0.510536
1
166.172 56.9806 0.572438
1
167.877 57.9353 0.63434
1
169.519 58.9936 0.696242
1
171.093 60.1515 0.758144
1
172.592 61.4045 0.820046
1
174.011 62.7479 0.881948
1
175.344 64.1764 0.94385
1
176.585 65.6847 1.00575
1
177.528 67.3963 0.94385
1
178.574 69.0464 0.881948
1
179.72 70.6286 0.820046
1
180.962 72.1368 0.758144
1
182.295 73.5654 0.696242
1
183.713 74.9087 0.63434
1
185.212 76.1617 0.572438
1
186.786 77.3196 0.510536
1
188.428 78.3779 0.448634
1
190.189 79.2253 0.448634
1
191.949 80.0727 0.448634
1
193.709 80.9202 0.448634
1
195.47 81.7676 0.448634
1
197.23 82.615 0.448634
1
198.991 83.4624 0.448634
1
200.751 84.3098 0.448634
1
202.512 85.1572 0.448634
1
204.216 86.1119 0.386731
1
205.977 86.9593 0.324829
1
207.786 87.6962 0.262927
1
209.638 88.3197 0.201025
1
211.524 88.8275 0.139123
1
213.439 89.2176 0.0772211
1
215.373 89.4886 0.015319
1
217.321 89.6393 6.2366
1
219.275 89.6692 6.1747
1
221.2 89.3379 6.2366
1
223.143 89.1264 0.015319
1
225.094 89.0354 0.0772211
1
227.048 89.0654 0.139123
1
228.996 89.2161 0.201025
1
230.931 89.487 0.262927
1
229.016 89.0969 0.324829
1
227.13 88.5891 0.386731
1
225.369 87.7417 0.324829
1
227.256 88.2495 0.386731
1
229.107 88.873 0.448634
1
230.917 89.6099 0.510536
1
232.677 90.4573 0.572438
1
234.382 91.412 0.63434
1
236.024 92.4703 0.696242
1
237.598 93.6282 0.758144
1
239.097 94.8812 0.820046
1
240.515 96.2246 0.881948
1
241.848 97.6531 0.94385
1
243.09 99.1613 1.00575
1
244.236 100.744 1.06765
1
245.283 102.394 1.12956
1
246.225 104.105 1.19146
1
247.059 105.872 1.25336
1
247.782 107.687 1.31526
1
248.392 109.543 1.37716
1
248.886 111.433 1.43907
1
249.022 113.382 1.37716
1
249.279 115.319 1.31526
1
249.655 117.236 1.25336
1
250.379 119.051 1.31526
1
250.988 120.907 1.37716
1
251.482 122.798 1.43907
1
251.858 124.715 1.50097
1
252.115 126.652 1.56287
1
252.251 128.601 1.62477
1
252.146 130.551 1.62477
1
252.04 132.502 1.62477
1
251.935 134.453 1.62477
1
251.829 136.404 1.62477
1
251.724 138.355 1.62477
1
251.619 140.306 1.62477
1
251.513 142.257 1.62477
1
251.408 144.208 1.62477
1
251.302 146.159 1.62477
1
251.197 148.11 1.62477
1
251.092 150.06 1.62477
1
250.986 152.011 1.62477
1
250.881 153.962 1.62477
1
250.775 155.913 1.62477
1
250.67 157.864 1.62477
1
250.565 159.815 1.62477
1
250.459 161.766 1.62477
1
250.354 163.717 1.62477
1
250.248 165.668 1.62477
1
250.143 167.619 1.62477
1
250.038 169.569 1.62477
1
249.932 171.52 1.62477
1
249.827 173.471 1.62477
1
249.721 175.422 1.62477
1
249.616 177.373 1.62477
1
249.51 179.324 1.62477
1
249.405 181.275 1.62477
1
249.3 183.226 1.62477
1
249.194 185.177 1.62477
1
249.089 187.127 1.62477
1
248.983 189.078 1.62477
1
248.878 191.029 1.62477
1
248.773 192.98 1.62477
1
248.667 194.931 1.62477
1
248.562 196.882 1.62477
1
248.456 198.833 1.62477
1
248.351 200.784 1.62477
1
248.246 202.735 1.62477
1
248.14 204.686 1.62477
1
248.035 206.636 1.62477
1
247.929 208.587 1.62477
1
247.824 210.538 1.62477
1
247.719 212.489 1.62477
1
247.613 214.44 1.62477
1
247.508 216.391 1.62477
1
247.402 218.342 1.62477
1
247.297 220.293 1.62477
1
247.192 222.244 1.62477
1
247.086 224.195 1.62477
1
246.981 226.145 1.62477
1
246.875 228.096 1.62477
1
246.77 230.047 1.62477
1
246.664 231.998 1.62477
1
246.559 233.949 1.62477
1
246.454 235.9 1.62477
1
246.348 237.851 1.62477
1
246.243 239.802 1.62477
1
246.137 241.753 1.62477
1
246.032 243.704 1.62477
1
245.927 245.654 1.62477
1
245.942 247.608 1.68667
1
245.837 249.559 1.74858
1
245.373 251.457 1.68667
1
245.027 253.38 1.62477
1
244.801 255.32 1.56287
1
244.696 257.271 1.50097
1
244.712 259.225 1.43907
1
244.848 261.174 1.37716
1
245.104 263.111 1.31526
1
245.48 265.028 1.25336
1
245.974 266.918 1.19146
1
246.584 268.775 1.12956
1
247.526 270.486 1.19146
1
248.361 272.253 1.25336
1
248.854 274.143 1.19146
1
249.464 275.999 1.12956
1
250.406 277.711 1.19146
1
251.13 279.526 1.19146
1
251.853 281.341 1.19146
1
252.577 283.155 1.19146
1
253.3 284.97 1.19146
1
254.024 286.785 1.19146
1
254.747 288.6 1.19146
1
255.471 290.415 1.19146
1
256.194 292.23 1.19146
1
256.918 294.045 1.19146
1
257.641 295.859 1.19146
1
258.365 297.674 1.19146
1
259.088 299.489 1.19146
1
259.811 301.304 1.19146
1
260.535 303.119 1.19146
1
261.258 304.934 1.19146
1
261.982 306.749 1.19146
1
262.705 308.563 1.19146
1
263.429 310.378 1.19146
1
264.152 312.193 1.19146
1
264.876 314.008 1.19146
1
265.599 315.823 1.19146
1
266.323 317.638 1.19146
1
267.046 319.452 1.19146
1
267.656 321.309 1.12956
1
268.38 323.123 1.06765
1
269.214 324.89 1.00575
1
270.156 326.602 0.94385
1
271.202 328.252 0.881948
1
272.348 329.834 0.820046
1
273.59 331.342 0.758144
1
274.923 332.771 0.696242
1
276.342 334.114 0.63434
1
277.841 335.367 0.572438
1
279.414 336.525 0.510536
1
281.057 337.583 0.448634
1
282.761 338.538 0.386731
1
284.522 339.385 0.324829
1
286.331 340.122 0.262927
1
288.183 340.746 0.201025
1
290.069 341.254 0.139123
1
291.984 341.644 0.0772211
1
293.919 341.915 0.015319
1
295.867 342.065 6.2366
1
297.82 342.095 6.1747
1
299.772 342.004 6.1128
1
301.714 341.793 6.0509
1
303.639 341.461 5.98899
1
305.541 341.012 5.92709
1
307.326 340.219 5.98899
1
309.157 339.538 6.0509
1
311.027 338.971 6.1128
1
312.929 338.521 6.1747
1
314.854 338.19 6.2366
1
316.796 337.978 0.015319
1
318.75 338.008 0.015319
1
320.703 338.038 0.015319
1
322.657 338.068 0.015319
1
324.61 338.098 0.015319
1
326.564 338.128 0.015319
1
328.517 338.158 0.015319
1
330.471 338.188 0.015319
1
332.424 338.218 0.015319
1
334.378 338.248 0.015319
1
336.331 338.278 0.015319
1
338.285 338.308 0.015319
1
340.239 338.338 0.015319
1
342.192 338.368 0.015319
1
344.146 338.397 0.015319
1
346.099 338.427 0.015319
1
348.053 338.457 0.015319
1
350.006 338.487 0.015319
1
351.96 338.517 0.015319
1
353.908 338.668 6.2366
1
355.861 338.698 6.1747
1
357.787 338.367 6.2366
1
359.729 338.155 0.015319
1
361.677 338.306 6.2366
1
363.63 338.336 6.1747
1
365.556 338.004 6.2366
1
367.498 337.793 0.015319
1
369.45 337.702 0.0772211
1
371.403 337.732 0.139123
1
373.351 337.883 0.201025
1
375.238 338.39 0.139123
1
377.152 338.78 0.0772211
1
379.087 339.051 0.015319
1
381.035 339.202 6.2366
1
382.986 339.111 6.2366
1
384.938 339.02 6.2366
1
386.88 338.809 0.015319
1
388.828 338.959 6.2366
1
390.782 338.989 6.1747
1
392.733 338.898 6.1128
1
394.676 338.687 6.0509
1
396.546 338.12 6.1128
1
398.447 337.67 6.1747
1
400.372 337.339 6.2366
1
402.315 337.128 0.015319
1
404.262 337.278 6.2366
1
406.216 337.308 6.1747
1
408.168 337.217 6.1128
1
410.11 337.006 6.0509
1
412.035 336.674 5.98899
1
413.937 336.225 5.92709
1
415.806 335.658 5.86519
1
417.638 334.977 5.80329
1
419.371 334.075 5.80329
1
421.104 333.173 5.80329
1
422.837 332.271 5.80329
1
424.57 331.369 5.80329
1
426.355 330.576 5.74139
1
428.089 329.674 5.67948
1
429.762 328.666 5.61758
1
431.371 327.557 5.55568
1
432.908 326.351 5.49378
1
434.283 324.964 5.49378
1
435.659 323.577 5.49378
1
437.035 322.19 5.49378
1
438.411 320.803 5.49378
1
439.787 319.416 5.49378
1
441.163 318.029 5.49378
1
442.539 316.642 5.49378
1
443.915 315.255 5.49378
1
445.291 313.868 5.49378
1
446.667 312.481 5.49378
1
448.043 311.094 5.49378
1
449.419 309.706 5.49378
1
450.795 308.319 5.49378
1
452.254 307.02 5.43188
1
453.63 305.633 5.36997
1
454.917 304.164 5.30807
1
456.112 302.617 5.24617
1
457.106 300.935 5.24617
1
458.1 299.253 5.24617
1
459.094 297.571 5.24617
1
460.088 295.889 5.24617
1
461.082 294.207 5.24617
1
462.076 292.525 5.24617
1
463.07 290.844 5.24617
1
464.064 289.162 5.24617
1
465.058 287.48 5.24617
1
466.052 285.798 5.24617
1
467.046 284.116 5.24617
1
468.04 282.434 5.24617
1
469.034 280.752 5.24617
1
470.028 279.07 5.24617
1
471.022 277.388 5.24617
1
472.016 275.706 5.24617
1
472.904 273.965 5.30807
1
473.899 272.284 5.36997
1
474.995 270.666 5.43188
1
476.189 269.12 5.49378
1
477.476 267.65 5.55568
1
478.852 266.263 5.61758
1
480.311 264.964 5.67948
1
481.985 263.957 5.61758
1
483.594 262.848 5.55568
1
485.13 261.641 5.49378
1
486.59 260.342 5.43188
1
487.966 258.955 5.36997
1
489.062 257.337 5.43188
1
490.256 255.791 5.49378
1
491.543 254.322 5.55568
1
492.919 252.935 5.61758
1
494.456 251.728 5.61758
1
495.993 250.522 5.61758
1
497.53 249.315 5.61758
1
499.066 248.109 5.61758
1
500.603 246.902 5.61758
1
502.14 245.696 5.61758
1
503.676 244.489 5.61758
1
505.213 243.282 5.61758
1
506.672 241.983 5.67948
1
508.346 240.976 5.61758
1
509.954 239.867 5.55568
1
511.491 238.66 5.49378
1
512.95 237.361 5.43188
1
514.326 235.974 5.36997
1
515.614 234.504 5.30807
1
516.808 232.958 5.24617
1
517.904 231.341 5.18427
1
518.898 229.659 5.12237
1
519.565 227.822 5.18427
1
520.343 226.03 5.24617
1
521.44 224.413 5.18427
1
522.434 222.731 5.12237
1
523.322 220.991 5.06046
1
524.1 219.199 4.99856
1
524.767 217.362 4.93666
1
525.318 215.488 4.87476
1
525.753 213.583 4.81286
1
526.069 211.655 4.75095
1
526.265 209.711 4.68905
1
526.34 207.759 4.62715
1
526.294 205.806 4.56525
1
526.128 203.859 4.50335
1
525.842 201.927 4.44144
1
525.436 200.015 4.37954
1
524.913 198.133 4.31764
1
524.275 196.286 4.25574
1
523.523 194.483 4.19383
1
522.662 192.729 4.13193
1
521.694 191.032 4.07003
1
520.622 189.399 4.00813
1
519.452 187.834 3.94623
1
518.187 186.345 3.88432
1
519.541 187.753 3.82242
1
520.981 189.075 3.76052
1
522.499 190.304 3.69862
1
524.09 191.438 3.63672
1
525.748 192.471 3.57481
1
527.468 193.399 3.51291
1
529.241 194.219 3.45101
1
531.061 194.928 3.38911
1
532.922 195.523 3.32721
1
534.817 196.002 3.2653
1
536.737 196.362 3.2034
1
538.676 196.603 3.1415
1
540.626 196.724 3.0796
1
542.579 196.724 3.0177
1
544.5 196.363 3.0796
1
546.438 196.121 3.1415
1
548.388 196 3.2034
1
550.342 196 3.2653
1
552.281 196.241 3.2653
1
554.22 196.482 3.2653
1
556.14 196.843 3.2034
1
558.079 197.084 3.1415
1
560.029 197.205 3.0796
1
561.982 197.205 3.0177
1
563.921 196.963 3.0177
1
565.86 196.722 3.0177
1
567.799 196.48 3.0177
1
569.738 196.239 3.0177
1
571.658 195.878 3.0796
1
573.596 195.636 3.1415
1
575.55 195.636 3.1415
1
577.504 195.636 3.1415
2
105.845 364.001
0 0 1 4.63287e-05
3
82.9009 373.213
82.8991 354.793
128.789 354.789
128.791 373.209
2
103.891 364.001
0 0 1 4.63287e-05
3
80.9471 373.214
80.9454 354.794
126.835 354.789
126.837 373.209
2
101.938 364.002
0 0 1 4.63287e-05
3
78.9934 373.214
78.9916 354.794
124.882 354.79
124.883 373.21
2
99.9837 364.002
0 0 1 4.63287e-05
3
77.0396 373.214
77.0379 354.794
122.928 354.79
122.93 373.21
2
98.03 364.002
0 0 1 4.63287e-05
3
75.0859 373.214
75.0841 354.794
120.974 354.79
120.976 373.21
2
96.0762 364.002
0 0 1 4.63287e-05
3
73.1321 373.214
73.1304 354.794
119.02 354.79
119.022 373.21
2
94.1225 364.002
0 0 1 4.63287e-05
3
71.1783 373.215
71.1766 354.795
117.067 354.79
117.068 373.21
2
92.1687 364.003
0 0 1 4.63287e-05
3
69.2246 373.215
69.2229 354.795
115.113 354.79
115.115 373.21
2
90.215 364.003
0 0 1 4.63287e-05
3
67.2708 373.215
67.2691 354.795
113.159 354.791
113.161 373.211
2
88.2612 364.003
0 0 1 4.63287e-05
3
65.3171 373.215
65.3154 354.795
111.205 354.791
111.207 373.211
2
86.3383 363.248
0 0 0.999522 -0.0308998
3
62.8682 371.023
64.006 352.639
109.808 355.473
108.671 373.858
2
84.4657 362.376
0 0 0.998088 -0.0618163
3
60.5596 368.684
62.8325 350.405
108.372 356.068
106.099 374.347
2
82.5269 362.135
0 0 0.998088 -0.0618163
3
58.6207 368.443
60.8937 350.164
106.433 355.827
104.16 374.106
2
80.588 361.894
0 0 0.998088 -0.0618163
3
56.6819 368.202
58.9549 349.923
104.494 355.586
102.221 373.865
2
78.6492 361.653
0 0 0.998088 -0.0618163
3
54.7431 367.961
57.0161 349.682
102.555 355.345
100.282 373.624
2
76.7104 361.412
0 0 0.998088 -0.0618163
3
52.8043 367.72
55.0772 349.441
100.617 355.104
98.3436 373.383
2
74.7716 361.171
0 0 0.998088 -0.0618163
3
50.8655 367.479
53.1384 349.2
98.6777 354.862
96.4047 373.142
2
72.9565 360.184
0 0 0.995697 -0.0926736
3
48.7059 365.002
52.1053 346.898
97.2071 355.367
93.8077 373.471
2
71.2059 359.088
0 0 0.992352 -0.123442
3
46.7038 362.396
51.2166 344.537
95.7081 355.78
91.1953 373.638
2
69.5266 357.885
0 0 0.988056 -0.154092
3
44.8667 359.671
50.4757 342.125
94.1864 356.099
88.5775 373.644
2
67.9248 356.58
0 0 0.982815 -0.184595
3
43.2017 356.837
49.8854 339.673
92.6479 356.323
85.9643 373.488
2
66.4069 355.179
0 0 0.976631 -0.214921
3
41.7152 353.906
49.4479 337.188
91.0985 356.452
83.3658 373.171
2
64.9785 353.687
0 0 0.969513 -0.245041
3
40.4129 350.889
49.165 334.681
89.544 356.485
80.792 372.693
2
63.6451 352.109
0 0 0.961465 -0.274926
3
39.2997 347.797
49.0377 332.161
87.9906 356.422
78.2526 372.057
2
62.412 350.452
0 0 0.952497 -0.304548
3
38.3799 344.642
49.0665 329.638
86.444 356.262
75.7574 371.265
2
61.2837 348.721
0 0 0.942616 -0.333878
3
37.6571 341.436
49.2514 327.122
84.9102 356.007
73.316 370.321
2
60.2646 346.925
0 0 0.931833 -0.362889
3
37.134 338.191
49.5915 324.623
83.3952 355.658
70.9377 369.227
2
59.3586 345.068
0 0 0.920156 -0.391551
3
36.8126 334.921
50.0856 322.149
81.9046 355.216
68.6316 367.988
2
58.5692 343.159
0 0 0.907599 -0.419839
3
36.6941 331.636
50.7319 319.71
80.4443 354.682
66.4066 366.609
2
57.8994 341.205
0 0 0.894172 -0.447725
3
36.7791 328.351
51.5277 317.316
79.0197 354.059
64.2711 365.094
2
56.7289 339.641
0 0 0.894172 -0.447725
3
35.6086 326.787
50.3572 315.751
77.8493 352.495
63.1006 363.53
2
56.1813 337.649
0 0 0.879888 -0.475181
3
35.8966 323.513
51.2997 313.411
76.466 351.785
61.063 361.887
2
55.758 335.627
0 0 0.864762 -0.502183
3
36.3866 320.263
52.3851 311.134
75.1293 350.991
59.1309 360.12
2
55.4605 333.583
0 0 0.848807 -0.528703
3
37.0767 317.05
53.6093 308.928
73.8443 350.116
57.3117 358.238
2
55.2901 331.524
0 0 0.832039 -0.554717
3
37.9643 313.886
54.9676 306.802
72.6159 349.163
55.6125 356.246
2
55.2473 329.459
0 0 0.814474 -0.5802
3
39.0458 310.782
56.4549 304.764
71.4488 348.135
54.0398 354.154
2
55.3324 327.395
0 0 0.796129 -0.605127
3
40.3173 307.752
58.0653 302.822
70.3475 347.038
52.5995 351.968
2
55.545 325.34
0 0 0.777021 -0.629474
3
41.7739 304.806
59.7929 300.983
69.3162 345.874
51.2972 349.697
2
55.8843 323.302
0 0 0.75717 -0.653218
3
43.4099 301.956
61.6308 299.255
68.3588 344.649
50.1379 347.35
2
56.3491 321.29
0 0 0.736592 -0.676337
3
45.2191 299.212
63.5722 297.644
67.4791 343.367
49.126 344.935
2
56.9374 319.309
0 0 0.71531 -0.698808
3
47.1945 296.586
65.6095 296.156
66.6804 342.033
48.2654 342.463
2
57.6471 317.369
0 0 0.693342 -0.720609
3
49.3286 294.086
67.7349 294.797
65.9657 340.652
47.5594 339.942
2
58.4755 315.477
0 0 0.67071 -0.74172
3
51.6133 291.724
69.9404 293.572
65.3378 339.23
47.0106 337.383
2
59.4194 313.64
0 0 0.647435 -0.762121
3
54.0397 289.508
72.2174 292.485
64.799 337.772
46.6213 334.794
2
60.4751 311.864
0 0 0.62354 -0.781791
3
56.5986 287.445
74.5573 291.542
64.3516 336.283
46.3929 332.186
2
61.6386 310.157
0 0 0.599048 -0.800713
3
59.2802 285.545
76.9511 290.745
63.9971 334.769
46.3262 329.569
2
62.9055 308.526
0 0 0.573982 -0.818868
3
62.0741 283.815
79.3895 290.098
63.737 333.236
46.4216 326.953
2
62.8519 306.46
0 0 0.599048 -0.800713
3
60.4934 281.849
78.1643 287.048
65.2104 331.072
47.5395 325.873
2
62.6706 304.403
0 0 0.62354 -0.781791
3
58.7941 279.984
76.7528 284.081
66.5471 328.821
48.5884 324.725
2
62.3623 302.36
0 0 0.647435 -0.762121
3
56.9827 278.228
75.1604 281.206
67.742 326.492
49.5643 323.514
2
61.9283 300.341
0 0 0.67071 -0.74172
3
55.0661 276.587
73.3932 278.435
68.7905 324.094
50.4634 322.246
2
61.3702 298.352
0 0 0.693342 -0.720609
3
53.0517 275.069
71.458 275.779
69.6887 321.635
51.2824 320.924
2
61.4455 296.399
0 0 0.693342 -0.720609
3
53.127 273.116
71.5333 273.826
69.764 319.682
51.3577 318.972
2
61.5208 294.447
0 0 0.693342 -0.720609
3
53.2023 271.164
71.6086 271.874
69.8393 317.73
51.433 317.02
2
61.5961 292.495
0 0 0.693342 -0.720609
3
53.2776 269.212
71.6839 269.922
69.9147 315.778
51.5084 315.068
2
61.6715 290.542
0 0 0.693342 -0.720609
3
53.353 267.259
71.7593 267.97
69.99 313.825
51.5837 313.115
2
61.7468 288.59
0 0 0.693342 -0.720609
3
53.4283 265.307
71.8346 266.017
70.0653 311.873
51.659 311.163
2
61.8221 286.638
0 0 0.693342 -0.720609
3
53.5036 263.355
71.9099 264.065
70.1406 309.921
51.7343 309.211
2
61.8974 284.686
0 0 0.693342 -0.720609
3
53.5789 261.402
71.9852 262.113
70.216 307.969
51.8097 307.258
2
61.9728 282.733
0 0 0.693342 -0.720609
3
53.6543 259.45
72.0606 260.16
70.2913 306.016
51.885 305.306
2
62.0481 280.781
0 0 0.693342 -0.720609
3
53.7296 257.498
72.1359 258.208
70.3666 304.064
51.9603 303.354
2
62.1234 278.829
0 0 0.693342 -0.720609
3
53.8049 255.546
72.2112 256.256
70.4419 302.112
52.0356 301.401
2
62.1987 276.876
0 0 0.693342 -0.720609
3
53.8802 253.593
72.2865 254.303
70.5173 300.159
52.111 299.449
2
62.2741 274.924
0 0 0.693342 -0.720609
3
53.9556 251.641
72.3619 252.351
70.5926 298.207
52.1863 297.497
2
62.3494 272.972
0 0 0.693342 -0.720609
3
54.0309 249.689
72.4372 250.399
70.6679 296.255
52.2616 295.545
2
62.4247 271.019
0 0 0.693342 -0.720609
3
54.1062 247.736
72.5125 248.447
70.7432 294.302
52.3369 293.592
2
62.5 269.067
0 0 0.693342 -0.720609
3
54.1815 245.784
72.5878 246.494
70.8186 292.35
52.4123 291.64
2
62.5754 267.115
0 0 0.693342 -0.720609
3
54.2569 243.832
72.6632 244.542
70.8939 290.398
52.4876 289.688
2
61.8953 265.164
0 0 0.71531 -0.698808
3
52.1523 242.44
70.5673 242.011
71.6382 287.888
53.2232 288.318
2
61.0958 263.259
0 0 0.736592 -0.676337
3
49.9658 241.182
68.3189 239.614
72.2258 285.337
53.8727 286.905
2
60.18 261.408
0 0 0.75717 -0.653218
3
47.7056 240.061
65.9265 237.36
72.6545 282.755
54.4336 285.455
2
59.8936 259.475
0 0 0.75717 -0.653218
3
47.4191 238.128
65.6401 235.428
72.3681 280.822
54.1471 283.523
2
58.865 257.684
0 0 0.777021 -0.629474
3
45.0939 237.15
63.1129 233.327
72.6362 278.218
54.6172 282.04
2
57.7276 255.959
0 0 0.796129 -0.605127
3
42.7125 236.316
60.4605 231.386
72.7427 275.602
54.9947 280.532
2
56.4857 254.309
0 0 0.814474 -0.5802
3
40.2842 235.632
57.6933 229.614
72.6872 272.985
55.2781 279.003
2
55.144 252.738
0 0 0.832039 -0.554717
3
37.8182 235.099
54.8216 228.016
72.4699 270.376
55.4665 277.46
2
53.7078 251.253
0 0 0.848807 -0.528703
3
35.324 234.72
51.8566 226.598
72.0916 267.786
55.559 275.908
2
53.5374 249.194
0 0 0.832039 -0.554717
3
36.2115 231.556
53.2149 224.472
70.8632 266.833
53.8598 273.917
2
53.4946 247.129
0 0 0.814474 -0.5802
3
37.2931 228.453
54.7022 222.434
69.6961 265.806
52.2871 271.824
2
53.5797 245.065
0 0 0.796129 -0.605127
3
38.5646 225.422
56.3126 220.492
68.5948 264.708
50.8468 269.638
2
53.7923 243.01
0 0 0.777021 -0.629474
3
40.0212 222.476
58.0402 218.654
67.5635 263.545
49.5445 267.367
2
53.3869 241.099
0 0 0.777021 -0.629474
3
39.6157 220.565
57.6347 216.742
67.158 261.633
49.139 265.456
2
52.9814 239.188
0 0 0.777021 -0.629474
3
39.2103 218.654
57.2292 214.831
66.7526 259.722
48.7336 263.545
2
52.576 237.277
0 0 0.777021 -0.629474
3
38.8048 216.743
56.8238 212.92
66.3471 257.811
48.3281 261.633
2
52.1705 235.365
0 0 0.777021 -0.629474
3
38.3994 214.831
56.4183 211.009
65.9417 255.9
47.9227 259.722
2
51.7651 233.454
0 0 0.777021 -0.629474
3
37.9939 212.92
56.0129 209.098
65.5362 253.988
47.5172 257.811
2
50.6276 231.73
0 0 0.796129 -0.605127
3
35.6126 212.087
53.3606 207.157
65.6427 251.373
47.8947 256.303
2
49.3857 230.079
0 0 0.814474 -0.5802
3
33.1842 211.403
50.5933 205.384
65.5872 248.756
48.1782 254.774
2
49.0899 232.273
0 0 0.832039 -0.554717
3
31.7641 214.635
48.7674 207.551
66.4157 249.912
49.4123 256.996
2
49.0471 230.208
0 0 0.814474 -0.5802
3
32.8457 211.532
50.2547 205.513
65.2486 248.885
47.8396 254.903
2
49.1322 228.144
0 0 0.796129 -0.605127
3
34.1172 208.501
51.8652 203.571
64.1473 247.787
46.3993 252.717
2
49.3448 226.089
0 0 0.777021 -0.629474
3
35.5737 205.555
53.5927 201.733
63.116 246.624
45.097 250.446
2
49.6842 224.052
0 0 0.75717 -0.653218
3
37.2097 202.705
55.4306 200.004
62.1586 245.398
43.9377 248.099
2
50.1489 222.039
0 0 0.736592 -0.676337
3
39.0189 199.961
57.372 198.393
61.2789 244.116
42.9258 245.685
2
50.7372 220.059
0 0 0.71531 -0.698808
3
40.9943 197.335
59.4093 196.905
60.4802 242.783
42.0652 243.212
2
51.447 218.119
0 0 0.693342 -0.720609
3
43.1284 194.836
61.5347 195.546
59.7655 241.402
41.3592 240.692
2
52.2753 216.226
0 0 0.67071 -0.74172
3
45.4131 192.473
63.7402 194.321
59.1376 239.979
40.8104 238.132
2
53.2192 214.389
0 0 0.647435 -0.762121
3
47.8395 190.257
66.0172 193.235
58.5989 238.521
40.4211 235.543
2
54.2749 212.613
0 0 0.62354 -0.781791
3
50.3984 188.195
68.3571 192.291
58.1514 237.032
40.1927 232.935
2
55.4384 210.906
0 0 0.599048 -0.800713
3
53.08 186.295
70.7509 191.494
57.7969 235.518
40.126 230.318
2
56.7054 209.275
0 0 0.573982 -0.818868
3
55.8739 184.564
73.1893 190.847
57.5368 233.985
40.2214 227.702
2
58.0708 207.725
0 0 0.548367 -0.836238
3
58.7696 183.01
75.6631 190.352
57.3719 232.439
40.4784 225.097
2
58.145 205.66
0 0 0.573982 -0.818868
3
57.3135 180.95
74.6289 187.233
58.9764 230.371
41.661 224.088
2
58.0913 203.595
0 0 0.599048 -0.800713
3
55.7328 178.984
73.4037 184.183
60.4498 228.207
42.7789 223.007
2
57.91 201.537
0 0 0.62354 -0.781791
3
54.0335 177.119
71.9922 181.215
61.7865 225.956
43.8278 221.86
2
57.6017 199.495
0 0 0.647435 -0.762121
3
52.2221 175.363
70.3998 178.341
62.9814 223.627
44.8037 220.649
2
57.1677 197.475
0 0 0.67071 -0.74172
3
50.3055 173.722
68.6326 175.57
64.03 221.228
45.7028 219.381
2
56.6096 195.486
0 0 0.693342 -0.720609
3
48.2911 172.203
66.6974 172.913
64.9281 218.769
46.5218 218.059
2
55.9295 193.536
0 0 0.71531 -0.698808
3
46.1866 170.812
64.6015 170.382
65.6724 216.26
47.2574 216.689
2
56.6392 191.596
0 0 0.693342 -0.720609
3
48.3207 168.313
66.727 169.023
64.9577 214.879
46.5514 214.169
2
57.4676 189.703
0 0 0.67071 -0.74172
3
50.6053 165.95
68.9325 167.798
64.3298 213.456
46.0027 211.609
2
58.4114 187.866
0 0 0.647435 -0.762121
3
53.0318 163.734
71.2095 166.712
63.7911 211.998
45.6134 209.02
2
58.7273 185.938
0 0 0.647435 -0.762121
3
53.3476 161.806
71.5253 164.784
64.1069 210.07
45.9292 207.092
2
59.0431 184.01
0 0 0.647435 -0.762121
3
53.6634 159.878
71.8412 162.855
64.4228 208.142
46.245 205.164
2
59.3589 182.082
0 0 0.647435 -0.762121
3
53.9793 157.95
72.157 160.927
64.7386 206.214
46.5609 203.236
2
59.6748 180.154
0 0 0.647435 -0.762121
3
54.2951 156.022
72.4728 158.999
65.0544 204.286
46.8767 201.308
2
59.9906 178.226
0 0 0.647435 -0.762121
3
54.6109 154.094
72.7887 157.071
65.3703 202.358
47.1925 199.38
2
60.3064 176.298
0 0 0.647435 -0.762121
3
54.9268 152.166
73.1045 155.143
65.6861 200.43
47.5084 197.452
2
60.6223 174.37
0 0 0.647435 -0.762121
3
55.2426 150.237
73.4203 153.215
66.0019 198.502
47.8242 195.524
2
60.9381 172.441
0 0 0.647435 -0.762121
3
55.5584 148.309
73.7362 151.287
66.3178 196.574
48.1401 193.596
2
61.2539 170.513
0 0 0.647435 -0.762121
3
55.8743 146.381
74.052 149.359
66.6336 194.645
48.4559 191.668
2
61.5698 168.585
0 0 0.647435 -0.762121
3
56.1901 144.453
74.3678 147.431
66.9494 192.717
48.7717 189.74
2
61.8856 166.657
0 0 0.647435 -0.762121
3
56.5059 142.525
74.6837 145.503
67.2653 190.789
49.0876 187.812
2
62.9413 164.882
0 0 0.62354 -0.781791
3
59.0648 140.463
77.0235 144.56
66.8178 189.3
48.8591 185.204
2
64.1049 163.175
0 0 0.599048 -0.800713
3
61.7464 138.563
79.4173 143.763
66.4633 187.787
48.7925 182.587
2
65.3718 161.543
0 0 0.573982 -0.818868
3
64.5404 136.833
81.8557 143.116
66.2032 186.254
48.8878 179.971
2
66.7372 159.993
0 0 0.548367 -0.836238
3
67.436 135.279
84.3296 142.621
66.0384 184.708
49.1448 177.366
2
67.5159 158.201
0 0 0.548367 -0.836238
3
68.2148 133.487
85.1083 140.829
66.8171 182.916
49.9236 175.574
2
68.2947 156.409
0 0 0.548367 -0.836238
3
68.9935 131.695
85.887 139.037
67.5958 181.124
50.7023 173.782
2
68.3689 154.345
0 0 0.573982 -0.818868
3
67.5374 129.635
84.8528 135.917
69.2003 179.055
51.8849 172.773
2
68.3152 152.28
0 0 0.599048 -0.800713
3
65.9567 127.668
83.6276 132.868
70.6737 176.892
53.0028 171.692
2
68.1339 150.222
0 0 0.62354 -0.781791
3
64.2574 125.804
82.2161 129.9
72.0104 174.641
54.0517 170.544
2
67.8256 148.18
0 0 0.647435 -0.762121
3
62.446 124.048
80.6237 127.025
73.2053 172.312
55.0276 169.334
2
67.3916 146.16
0 0 0.67071 -0.74172
3
60.5294 122.407
78.8565 124.254
74.2539 169.913
55.9267 168.066
2
66.8335 144.171
0 0 0.693342 -0.720609
3
58.515 120.888
76.9213 121.598
75.152 167.454
56.7457 166.744
2
67.6619 142.279
0 0 0.67071 -0.74172
3
60.7996 118.526
79.1267 120.373
74.5241 166.032
56.197 164.184
2
68.6057 140.441
0 0 0.647435 -0.762121
3
63.2261 116.309
81.4038 119.287
73.9854 164.573
55.8077 161.596
2
69.6614 138.666
0 0 0.62354 -0.781791
3
65.7849 114.247
83.7436 118.344
73.5379 163.084
55.5792 158.988
2
70.825 136.959
0 0 0.599048 -0.800713
3
68.4665 112.347
86.1374 117.547
73.1834 161.57
55.5126 156.371
2
72.0919 135.327
0 0 0.573982 -0.818868
3
71.2605 110.617
88.5758 116.9
72.9233 160.038
55.6079 153.755
2
73.4573 133.777
0 0 0.548367 -0.836238
3
74.1561 109.062
91.0497 116.404
72.7585 158.492
55.8649 151.15
2
74.916 132.314
0 0 0.522226 -0.852807
3
77.1424 107.69
93.5494 116.063
72.6896 156.938
56.2826 148.565
2
75.8041 130.574
0 0 0.522226 -0.852807
3
78.0305 105.95
94.4375 114.323
73.5777 155.198
57.1707 146.825
2
76.6922 128.834
0 0 0.522226 -0.852807
3
78.9186 104.21
95.3256 112.583
74.4658 153.458
58.0588 145.085
2
77.5803 127.094
0 0 0.522226 -0.852807
3
79.8067 102.47
96.2137 110.843
75.3539 151.718
58.9469 143.345
2
78.4684 125.353
0 0 0.522226 -0.852807
3
80.6948 100.729
97.1018 109.102
76.242 149.977
59.835 141.604
2
78.6702 123.298
0 0 0.548367 -0.836238
3
79.369 98.583
96.2625 105.925
77.9713 148.012
61.0778 140.67
2
78.7443 121.233
0 0 0.573982 -0.818868
3
77.9129 96.5227
95.2283 102.806
79.5758 145.944
62.2604 139.661
2
78.6907 119.168
0 0 0.599048 -0.800713
3
76.3322 94.5564
94.0031 99.756
81.0492 143.78
63.3783 138.58
2
78.5094 117.11
0 0 0.62354 -0.781791
3
74.6329 92.6917
92.5916 96.7882
82.3859 141.529
64.4272 137.432
2
78.2011 115.068
0 0 0.647435 -0.762121
3
72.8215 90.9356
90.9992 93.9133
83.5808 139.2
65.4031 136.222
2
77.7671 113.048
0 0 0.67071 -0.74172
3
70.9049 89.295
89.232 91.1425
84.6293 136.801
66.3022 134.954
2
77.209 111.059
0 0 0.693342 -0.720609
3
68.8905 87.7761
87.2968 88.4863
85.5275 134.342
67.1212 133.632
2
76.5289 109.109
0 0 0.71531 -0.698808
3
66.7859 86.3848
85.2009 85.9549
86.2718 131.832
67.8568 132.262
2
75.7294 107.204
0 0 0.736592 -0.676337
3
64.5994 85.1263
82.9525 83.558
86.8594 129.281
68.5063 130.85
2
74.8136 105.352
0 0 0.75717 -0.653218
3
62.3392 84.0054
80.5601 81.3048
87.2881 126.699
69.0672 129.4
2
73.7851 103.561
0 0 0.777021 -0.629474
3
60.0139 83.0266
78.0329 79.204
87.5562 124.095
69.5372 127.918
2
72.6477 101.836
0 0 0.796129 -0.605127
3
57.6326 82.1934
75.3806 77.2634
87.6627 121.479
69.9147 126.409
2
71.4057 100.186
0 0 0.814474 -0.5802
3
55.2043 81.5092
72.6133 75.4907
87.6072 118.862
70.1982 124.881
2
70.0641 98.6149
0 0 0.832039 -0.554717
3
52.7383 80.9765
69.7416 73.8925
87.3899 116.253
70.3865 123.337
2
68.6278 97.1301
0 0 0.848807 -0.528703
3
50.244 80.5973
66.7766 72.4751
87.0116 113.663
70.4791 121.785
2
67.1025 95.7371
0 0 0.864762 -0.502183
3
47.7311 80.3732
63.7296 71.2438
86.4738 111.101
70.4754 120.23
2
65.4939 94.4411
0 0 0.879888 -0.475181
3
45.2092 80.305
60.6122 70.2034
85.7786 108.577
70.3755 118.679
2
63.8082 93.2471
0 0 0.894172 -0.447725
3
42.6879 80.3929
57.4365 69.3578
84.9285 106.101
70.1799 117.136
2
62.0518 92.1596
0 0 0.907599 -0.419839
3
40.1768 80.6367
54.2145 68.7103
83.9269 103.683
69.8892 115.609
2
60.2316 91.1829
0 0 0.920156 -0.391551
3
37.6856 81.0353
50.9586 68.2633
82.7776 101.331
69.5046 114.103
2
59.4422 89.274
0 0 0.907599 -0.419839
3
37.5671 77.751
51.6048 65.8246
81.3173 100.797
67.2795 112.723
2
58.7724 87.3198
0 0 0.894172 -0.447725
3
37.6521 74.4657
52.4007 63.4305
79.8927 100.174
65.1441 111.209
2
58.2248 85.328
0 0 0.879888 -0.475181
3
37.9401 71.1919
53.3431 61.0903
78.5095 99.4641
63.1064 109.566
2
57.8014 83.3061
0 0 0.864762 -0.502183
3
38.4301 67.9422
54.4285 58.8128
77.1728 98.67
61.1743 107.799
2
57.504 81.2619
0 0 0.848807 -0.528703
3
39.1202 64.7291
55.6527 56.6069
75.8878 97.7947
59.3552 105.917
2
57.3335 79.2032
0 0 0.832039 -0.554717
3
40.0077 61.5648
57.0111 54.4809
74.6593 96.8416
57.656 103.926
2
56.5822 77.3997
0 0 0.832039 -0.554717
3
39.2563 59.7613
56.2597 52.6774
73.908 95.0381
56.9046 102.122
2
55.8308 75.5962
0 0 0.832039 -0.554717
3
38.505 57.9578
55.5083 50.8739
73.1566 93.2346
56.1532 100.319
2
55.0794 73.7927
0 0 0.832039 -0.554717
3
37.7536 56.1543
54.757 49.0704
72.4052 91.4311
55.4019 98.5151
2
54.3281 71.9893
0 0 0.832039 -0.554717
3
37.0022 54.3509
54.0056 47.2669
71.6539 89.6277
54.6505 96.7116
2
53.5767 70.1858
0 0 0.832039 -0.554717
3
36.2509 52.5474
53.2542 45.4634
70.9025 87.8242
53.8991 94.9081
2
52.8253 68.3823
0 0 0.832039 -0.554717
3
35.4995 50.7439
52.5029 43.66
70.1511 86.0207
53.1478 93.1046
2
52.0739 66.5788
0 0 0.832039 -0.554717
3
34.7481 48.9404
51.7515 41.8565
69.3998 84.2172
52.3964 91.3011
2
52.0312 64.5135
0 0 0.814474 -0.5802
3
35.8297 45.8371
53.2387 39.8186
68.2327 83.1899
50.8236 89.2084
2
52.1163 62.4495
0 0 0.796129 -0.605127
3
37.1012 42.8066
54.8492 37.8766
67.1314 82.0925
49.3834 87.0224
2
52.3289 60.3948
0 0 0.777021 -0.629474
3
38.5577 39.8606
56.5767 36.038
66.1 80.9289
48.0811 84.7515
2
52.6682 58.3571
0 0 0.75717 -0.653218
3
40.1937 37.0103
58.4147 34.3097
65.1427 79.7038
46.9217 82.4044
2
53.1329 56.3443
0 0 0.736592 -0.676337
3
42.0029 34.2667
60.356 32.6985
64.263 78.4219
45.9098 79.9901
2
53.7213 54.3641
0 0 0.71531 -0.698808
3
43.9784 31.6403
62.3933 31.2104
63.4642 77.088
45.0492 77.5178
2
54.431 52.4241
0 0 0.693342 -0.720609
3
46.1125 29.1411
64.5188 29.8513
62.7495 75.7072
44.3432 74.997
2
55.2594 50.5318
0 0 0.67071 -0.74172
3
48.3972 26.7787
66.7243 28.6262
62.1216 74.2848
43.7945 72.4373
2
56.2032 48.6943
0 0 0.647435 -0.762121
3
50.8236 24.5622
69.0013 27.5399
61.5829 72.8263
43.4052 69.8486
2
57.259 46.9187
0 0 0.62354 -0.781791
3
53.3825 22.5001
71.3412 26.5966
61.1355 71.3373
43.1768 67.2408
2
57.7908 49.0679
0 0 0.599048 -0.800713
3
55.4324 24.4562
73.1032 29.6559
60.1493 73.6796
42.4784 68.48
2
58.1887 51.2459
0 0 0.573982 -0.818868
3
57.3573 26.5355
74.6727 32.8183
59.0201 75.9564
41.7048 69.6735
2
58.4511 53.4444
0 0 0.548367 -0.836238
3
59.15 28.7298
76.0435 36.0718
57.7523 78.1589
40.8588 70.8169
2
58.577 55.6549
0 0 0.522226 -0.852807
3
60.8034 31.0309
77.2104 39.4039
56.3506 80.2788
39.9436 71.9058
2
58.5659 57.8689
0 0 0.495585 -0.86856
3
62.3114 33.4298
78.1689 42.8017
54.8205 82.308
38.9629 72.936
2
58.4179 60.078
0 0 0.468469 -0.88348
3
63.668 35.9174
78.9154 46.2524
53.1678 84.2386
37.9203 73.9036
2
58.1335 62.2737
0 0 0.440904 -0.897554
3
64.8682 38.4842
79.4471 49.7426
51.3988 86.0632
36.8199 74.8048
2
59.9062 61.2131
0 0 0.412917 -0.910769
3
68.0996 37.8858
81.9541 50.0246
51.7127 84.5405
37.8582 72.4017
2
61.7411 60.2643
0 0 0.384535 -0.923111
3
71.3619 37.4885
84.439 50.4611
52.1202 83.04
39.0432 70.0674
2
63.6311 59.4307
0 0 0.355784 -0.934568
3
74.6426 37.2937
86.892 51.0504
52.6197 81.5677
40.3703 67.811
2
65.5692 58.7157
0 0 0.326692 -0.945131
3
77.929 37.3023
89.3039 51.7904
53.2094 80.1291
41.8344 65.6409
2
67.5477 58.1219
0 0 0.297288 -0.954788
3
81.2085 37.5141
91.6654 52.6782
53.887 78.7297
43.43 63.5656
2
69.5592 57.6517
0 0 0.267598 -0.963531
3
84.4687 37.9285
93.9675 53.7104
54.6498 77.3749
45.151 61.5929
2
71.596 57.3068
0 0 0.237653 -0.97135
3
87.697 38.5437
96.2013 54.883
55.4949 76.0699
46.9906 59.7305
2
73.6502 57.0885
0 0 0.207479 -0.978239
3
90.8811 39.3574
98.3583 56.1915
56.4192 74.8196
48.942 57.9855
2
75.1011 55.6182
0 0 0.237653 -0.97135
3
91.2021 36.8551
99.7064 53.1944
59.0001 74.3812
50.4958 58.0419
2
76.8342 54.7161
0 0 0.237653 -0.97135
3
92.9352 35.953
101.439 52.2924
60.7331 73.4792
52.2288 57.1399
2
78.8883 54.4979
0 0 0.207479 -0.978239
3
96.1193 36.7668
103.596 53.6009
61.6574 72.229
54.1802 55.3949
2
80.9521 54.4072
0 0 0.177107 -0.984192
3
99.2469 37.776
105.668 55.0404
62.6572 71.0383
56.2358 53.7739
2
83.0175 54.4442
0 0 0.146566 -0.989201
3
102.306 38.9767
107.647 56.6053
63.7288 69.9118
58.3877 52.2832
2
85.0766 54.609
0 0 0.115884 -0.993263
3
105.285 40.3643
109.526 58.2896
64.8681 68.8538
60.6277 50.9285
2
87.1216 54.9009
0 0 0.0850905 -0.996373
3
108.173 41.9336
111.296 60.0869
66.0706 67.8682
62.9472 49.7149
2
89.1447 55.3187
0 0 0.0542159 -0.998529
3
110.958 43.6786
112.952 61.9903
67.3317 66.9589
65.3374 48.6472
2
91.138 55.8609
0 0 0.0232894 -0.999729
3
113.629 45.5924
114.487 63.9924
68.6467 66.1294
67.789 47.7293
2
93.0896 55.7699
0 0 0.0232894 -0.999729
3
115.581 45.5014
116.439 63.9015
70.5984 66.0384
69.7406 47.6384
2
95.0412 55.6789
0 0 0.0232894 -0.999729
3
117.532 45.4105
118.39 63.8105
72.55 65.9474
71.6922 47.5474
2
96.9929 55.588
0 0 0.0232894 -0.999729
3
119.484 45.3195
120.342 63.7195
74.5016 65.8564
73.6439 47.4564
2
98.9445 55.497
0 0 0.0232894 -0.999729
3
121.436 45.2285
122.293 63.6285
76.4533 65.7654
75.5955 47.3654
2
100.896 55.406
0 0 0.0232894 -0.999729
3
123.387 45.1375
124.245 63.5375
78.4049 65.6745
77.5471 47.2744
2
102.848 55.315
0 0 0.0232894 -0.999729
3
125.339 45.0465
126.197 63.4466
80.3565 65.5835
79.4988 47.1835
2
104.799 55.224
0 0 0.0232894 -0.999729
3
127.291 44.9556
128.148 63.3556
82.3081 65.4925
81.4504 47.0925
2
106.751 55.1331
0 0 0.0232894 -0.999729
3
129.242 44.8646
130.1 63.2646
84.2598 65.4015
83.402 47.0015
2
108.703 55.0421
0 0 0.0232894 -0.999729
3
131.194 44.7736
132.052 63.1736
86.2114 65.3105
85.3537 46.9105
2
110.654 54.9511
0 0 0.0232894 -0.999729
3
133.146 44.6826
134.003 63.0826
88.163 65.2196
87.3053 46.8195
2
112.606 54.8601
0 0 0.0232894 -0.999729
3
135.097 44.5916
135.955 62.9917
90.1147 65.1286
89.2569 46.7286
2
114.558 54.7691
0 0 0.0232894 -0.999729
3
137.049 44.5007
137.907 62.9007
92.0663 65.0376
91.2085 46.6376
2
116.509 54.6782
0 0 0.0232894 -0.999729
3
139 44.4097
139.858 62.8097
94.0179 64.9466
93.1602 46.5466
2
118.461 54.5872
0 0 0.0232894 -0.999729
3
140.952 44.3187
141.81 62.7187
95.9696 64.8556
95.1118 46.4556
2
120.412 54.4962
0 0 0.0232894 -0.999729
3
142.904 44.2277
143.761 62.6277
97.9212 64.7647
97.0634 46.3646
2
122.364 54.4052
0 0 0.0232894 -0.999729
3
144.855 44.1367
145.713 62.5368
99.8728 64.6737
99.0151 46.2737
2
124.316 54.3142
0 0 0.0232894 -0.999729
3
146.807 44.0458
147.665 62.4458
101.824 64.5827
100.967 46.1827
2
126.267 54.2232
0 0 0.0232894 -0.999729
3
148.759 43.9548
149.616 62.3548
103.776 64.4917
102.918 46.0917
2
128.219 54.1323
0 0 0.0232894 -0.999729
3
150.71 43.8638
151.568 62.2638
105.728 64.4007
104.87 46.0007
2
130.171 54.0413
0 0 0.0232894 -0.999729
3
152.662 43.7728
153.52 62.1728
107.679 64.3098
106.822 45.9097
2
132.122 53.9503
0 0 0.0232894 -0.999729
3
154.613 43.6818
155.471 62.0819
109.631 64.2188
108.773 45.8188
2
134.074 53.8593
0 0 0.0232894 -0.999729
3
156.565 43.5909
157.423 61.9909
111.583 64.1278
110.725 45.7278
2
136.025 53.7683
0 0 0.0232894 -0.999729
3
158.517 43.4999
159.374 61.8999
113.534 64.0368
112.676 45.6368
2
137.977 53.6774
0 0 0.0232894 -0.999729
3
160.468 43.4089
161.326 61.8089
115.486 63.9458
114.628 45.5458
2
139.929 53.5864
0 0 0.0232894 -0.999729
3
162.42 43.3179
163.278 61.7179
117.437 63.8549
116.58 45.4548
2
141.88 53.4954
0 0 0.0232894 -0.999729
3
164.372 43.2269
165.229 61.627
119.389 63.7639
118.531 45.3639
2
143.832 53.4044
0 0 0.0232894 -0.999729
3
166.323 43.136
167.181 61.536
121.341 63.6729
120.483 45.2729
2
145.784 53.3134
0 0 0.0232894 -0.999729
3
168.275 43.045
169.133 61.445
123.292 63.5819
122.435 45.1819
2
147.735 53.2225
0 0 0.0232894 -0.999729
3
170.226 42.954
171.084 61.354
125.244 63.4909
124.386 45.0909
2
149.687 53.1315
0 0 0.0232894 -0.999729
3
172.178 42.863
173.036 61.263
127.196 63.4
126.338 44.9999
2
151.639 53.0405
0 0 0.0232894 -0.999729
3
174.13 42.772
174.987 61.1721
129.147 63.309
128.29 44.909
2
153.59 52.9495
0 0 0.0232894 -0.999729
3
176.081 42.6811
176.939 61.0811
131.099 63.218
130.241 44.818
2
155.542 52.8585
0 0 0.0232894 -0.999729
3
178.033 42.5901
178.891 60.9901
133.051 63.127
132.193 44.727
2
157.493 52.7676
0 0 0.0232894 -0.999729
3
179.985 42.4991
180.842 60.8991
135.002 63.036
134.144 44.636
2
159.445 52.6766
0 0 0.0232894 -0.999729
3
181.936 42.4081
182.794 60.8081
136.954 62.945
136.096 44.545
2
161.401 53.341
0 0 0.00765945 0.999971
3
184.484 44.4836
184.202 62.9014
138.318 62.1985
138.6 43.7806
2
163.312 54.1252
0 0 0.038601 0.999255
3
186.899 46.7127
185.478 65.0778
139.725 61.5377
141.146 43.1726
2
165.171 55.0261
0 0 0.0695055 0.997582
3
189.172 49.087
186.617 67.329
141.171 60.9652
143.725 42.7232
2
166.971 56.0402
0 0 0.100343 0.994953
3
191.293 51.5972
187.615 69.6463
142.649 60.4833
146.327 42.4342
2
168.885 56.4304
0 0 0.100343 0.994953
3
193.207 51.9873
189.529 70.0364
144.563 60.8734
148.241 42.8243
2
170.619 57.5539
0 0 0.131085 0.991371
3
195.169 54.624
190.381 72.411
146.068 60.4838
150.856 42.6968
2
172.279 58.7826
0 0 0.161702 0.98684
3
196.964 57.377
191.085 74.8337
147.595 60.1881
153.473 42.7314
2
173.861 60.1116
0 0 0.192163 0.981363
3
198.585 60.2358
191.637 77.2954
149.137 59.9874
156.084 42.9277
2
175.357 61.5359
0 0 0.22244 0.974946
3
200.026 63.1893
192.037 79.7865
150.688 59.8824
158.677 43.2852
2
176.762 63.05
0 0 0.252505 0.967596
3
201.282 66.2264
192.281 82.2975
152.243 59.8736
161.243 43.8025
2
178.071 64.6482
0 0 0.282327 0.959318
3
202.347 69.3353
192.369 84.8188
153.795 59.961
163.773 44.4775
2
179.278 66.3242
0 0 0.311879 0.950122
3
203.218 72.5042
192.302 87.3408
155.339 60.1443
166.255 45.3077
2
180.38 68.0718
0 0 0.341132 0.940015
3
203.891 75.7209
192.078 89.8538
156.868 60.4227
168.682 46.2898
2
181.371 69.8841
0 0 0.370058 0.929008
3
204.364 78.973
191.699 92.3481
158.378 60.7953
171.043 47.4202
2
182.248 71.7543
0 0 0.39863 0.917112
3
204.635 82.2483
191.167 94.8142
159.862 61.2604
173.33 48.6945
2
183.008 73.6752
0 0 0.42682 0.904336
3
204.703 85.534
190.483 97.2426
161.313 61.8165
175.533 50.1079
2
183.648 75.6395
0 0 0.454602 0.890695
3
204.568 88.8176
189.651 99.6241
162.728 62.4614
177.645 51.6548
2
184.165 77.6395
0 0 0.481947 0.8762
3
204.229 92.0865
188.672 101.95
164.1 63.1925
179.657 53.3294
2
185.832 78.8594
0 0 0.454602 0.890695
3
206.752 92.0375
191.835 102.844
164.912 65.6812
179.829 54.8747
2
187.571 79.9737
0 0 0.42682 0.904336
3
209.266 91.8325
195.046 103.541
165.876 68.115
180.096 56.4064
2
189.376 80.9784
0 0 0.39863 0.917112
3
211.763 91.4723
198.295 104.038
166.989 70.4845
180.458 57.9186
2
191.24 81.8694
0 0 0.370058 0.929008
3
214.233 90.9583
201.568 104.333
168.247 72.7805
180.912 59.4055
2
193.155 82.6435
0 0 0.341132 0.940015
3
216.667 90.2926
204.853 104.425
169.644 74.9944
181.457 60.8615
2
195.115 83.2976
0 0 0.311879 0.950122
3
219.054 89.4775
208.138 104.314
171.175 77.1177
182.092 62.281
2
197.111 83.8292
0 0 0.282327 0.959318
3
221.387 88.5164
211.409 104
172.835 79.1421
182.812 63.6586
2
199.136 84.2364
0 0 0.252505 0.967596
3
223.655 87.4128
214.655 103.484
174.616 81.06
183.617 64.9888
2
201.182 84.5174
0 0 0.22244 0.974946
3
225.852 86.1709
217.862 102.768
176.513 82.864
184.503 66.2668
2
202.943 85.3648
0 0 0.22244 0.974946
3
227.612 87.0183
219.623 103.615
178.274 83.7114
186.263 67.1142
2
204.703 86.2122
0 0 0.22244 0.974946
3
229.372 87.8657
221.383 104.463
180.034 84.5588
188.024 67.9616
2
206.464 87.0597
0 0 0.22244 0.974946
3
231.133 88.7131
223.143 105.31
181.795 85.4062
189.784 68.809
2
208.224 87.9071
0 0 0.22244 0.974946
3
232.893 89.5605
224.904 106.158
183.555 86.2536
191.544 69.6565
2
209.985 88.7545
0 0 0.22244 0.974946
3
234.654 90.4079
226.664 107.005
185.315 87.101
193.305 70.5039
2
211.745 89.6019
0 0 0.22244 0.974946
3
236.414 91.2554
228.425 107.853
187.076 87.9484
195.065 71.3513
2
213.505 90.4493
0 0 0.22244 0.974946
3
238.174 92.1028
230.185 108.7
188.836 88.7959
196.826 72.1987
2
215.266 91.2967
0 0 0.22244 0.974946
3
239.935 92.9502
231.945 109.547
190.597 89.6433
198.586 73.0461
2
217.326 91.4506
0 0 0.192163 0.981363
3
242.05 91.5748
235.102 108.634
192.602 91.3264
199.549 74.2668
2
219.391 91.4768
0 0 0.161702 0.98684
3
244.076 90.0713
238.197 107.528
194.707 92.8824
200.586 75.4256
2
221.455 91.3752
0 0 0.131085 0.991371
3
246.005 88.4453
241.217 106.232
196.904 94.3051
201.692 76.5181
2
223.508 91.1461
0 0 0.100343 0.994953
3
247.829 86.7031
244.151 104.752
199.186 95.5891
202.864 77.5401
2
225.542 90.7905
0 0 0.0695055 0.997582
3
249.543 84.8514
246.989 103.093
201.542 96.7296
204.096 78.4876
2
227.551 90.3096
0 0 0.0386009 0.999255
3
251.139 82.8971
249.718 101.262
203.964 97.7221
205.385 79.357
2
229.527 89.7054
0 0 0.00765943 0.999971
3
252.61 80.848
252.328 99.2658
206.443 98.5628
206.726 80.145
2
231.461 88.9802
0 0 0.0232894 -0.999729
3
253.952 78.7117
254.81 97.1117
208.97 99.2486
208.112 80.8486
2
233.347 88.1366
0 0 0.0542159 -0.998529
3
255.16 76.4965
257.154 94.8082
211.534 99.7768
209.539 81.4651
2
235.34 88.6788
0 0 0.0232894 -0.999729
3
257.831 78.4103
258.689 96.8103
212.849 98.9473
211.991 80.5473
2
237.296 89.3432
0 0 0.00765945 0.999971
3
260.379 80.4858
260.097 98.9036
214.213 98.2007
214.495 79.7828
2
239.207 90.1274
0 0 0.038601 0.999255
3
262.794 82.7149
261.373 101.08
215.62 97.5399
217.041 79.1748
2
241.066 91.0283
0 0 0.0695055 0.997582
3
265.067 85.0892
262.512 103.331
217.066 96.9674
219.62 78.7254
2
242.866 92.0425
0 0 0.100343 0.994953
3
267.188 87.5994
263.51 105.649
218.544 96.4855
222.222 78.4364
2
244.599 93.166
0 0 0.131085 0.991371
3
269.149 90.2361
264.362 108.023
220.049 96.0959
224.836 78.3089
2
242.431 93.6144
0 0 0.161702 0.98684
3
267.115 92.2089
261.237 109.666
217.746 95.02
223.625 77.5632
2
240.239 93.9278
0 0 0.192163 0.981363
3
264.963 94.052
258.016 111.112
215.515 93.8036
222.462 76.744
2
238.784 92.2592
0 0 0.161702 0.98684
3
263.468 90.8537
257.59 108.31
214.099 93.6647
219.978 76.208
2
240.365 93.5882
0 0 0.192163 0.981363
3
265.089 93.7124
258.142 110.772
215.641 93.464
222.589 76.4044
2
241.862 95.0125
0 0 0.22244 0.974946
3
266.531 96.666
258.541 113.263
217.192 93.3591
225.182 76.7619
2
243.267 96.5267
0 0 0.252505 0.967596
3
267.786 99.703
258.785 115.774
218.747 93.3503
227.748 77.2791
2
244.576 98.1248
0 0 0.282327 0.959318
3
268.852 102.812
258.874 118.296
220.3 93.4377
230.277 77.9542
2
245.783 99.8009
0 0 0.311879 0.950122
3
269.723 105.981
258.806 120.817
221.844 93.621
232.76 78.7843
2
246.885 101.548
0 0 0.341132 0.940015
3
270.396 109.198
258.583 123.33
223.373 93.8994
235.187 79.7665
2
247.876 103.361
0 0 0.370058 0.929008
3
270.869 112.45
258.204 125.825
224.883 94.2719
237.548 80.8969
2
248.753 105.231
0 0 0.39863 0.917112
3
271.14 115.725
257.672 128.291
226.366 94.7371
239.835 82.1712
2
249.513 107.152
0 0 0.42682 0.904336
3
271.208 119.011
256.988 130.719
227.818 95.2932
242.038 83.5845
2
250.153 109.116
0 0 0.454602 0.890695
3
271.072 122.294
256.155 133.101
229.233 95.938
244.15 85.1315
2
250.67 111.116
0 0 0.481947 0.8762
3
270.734 125.563
255.177 135.426
230.605 96.6691
246.162 86.8061
2
251.062 113.144
0 0 0.508832 0.860866
3
270.194 128.805
254.057 137.687
231.929 97.4838
248.067 88.602
2
251.328 115.193
0 0 0.535228 0.844707
3
269.454 132.007
252.799 139.874
233.201 98.3787
249.857 90.5123
2
251.466 117.254
0 0 0.561112 0.82774
3
268.518 135.157
251.408 141.978
234.414 99.3506
251.525 92.5296
2
251.477 119.32
0 0 0.586459 0.809979
3
267.389 138.244
249.889 143.993
235.566 100.396
253.065 94.6463
2
251.36 121.382
0 0 0.611244 0.791442
3
266.071 141.254
248.249 145.91
236.65 101.51
254.472 96.8542
2
251.116 123.433
0 0 0.635443 0.772148
3
264.569 144.177
246.493 147.722
237.663 102.689
255.739 99.1449
2
250.745 125.466
0 0 0.659034 0.752113
3
262.889 147.002
244.629 149.421
238.601 103.929
256.862 101.51
2
251.746 127.273
0 0 0.635443 0.772148
3
265.199 148.017
247.124 151.561
238.293 106.529
256.369 102.984
2
252.857 129.014
0 0 0.611244 0.791442
3
267.568 148.886
249.746 153.542
238.146 109.142
255.968 104.486
2
254.073 130.684
0 0 0.586459 0.809979
3
269.985 149.608
252.485 155.357
238.162 111.76
255.661 106.011
2
253.956 132.746
0 0 0.611244 0.791442
3
268.667 152.618
250.845 157.274
239.246 112.874
257.068 108.219
2
253.712 134.798
0 0 0.635443 0.772148
3
267.165 155.542
249.089 159.086
240.259 114.054
258.335 110.509
2
253.341 136.83
0 0 0.659034 0.752113
3
265.485 158.366
247.225 160.786
241.197 115.293
259.458 112.874
2
252.846 138.835
0 0 0.681993 0.731359
3
263.634 161.082
245.259 162.367
242.057 116.589
260.432 115.304
2
252.227 140.806
0 0 0.704299 0.709903
3
261.619 163.677
243.199 163.823
242.835 117.935
261.255 117.789
2
251.487 142.735
0 0 0.72593 0.687768
3
259.446 166.143
241.053 165.15
243.529 119.326
261.922 120.32
2
251.382 144.686
0 0 0.72593 0.687768
3
259.341 168.094
240.948 167.101
243.423 121.277
261.816 122.271
2
251.277 146.637
0 0 0.72593 0.687768
3
259.235 170.045
240.842 169.051
243.318 123.228
261.711 124.222
2
251.171 148.588
0 0 0.72593 0.687768
3
259.13 171.996
240.737 171.002
243.212 125.179
261.606 126.173
2
251.066 150.539
0 0 0.72593 0.687768
3
259.024 173.947
240.631 172.953
243.107 127.13
261.5 128.124
2
250.96 152.489
0 0 0.72593 0.687768
3
258.919 175.898
240.526 174.904
243.002 129.081
261.395 130.075
2
250.855 154.44
0 0 0.72593 0.687768
3
258.814 177.849
240.421 176.855
242.896 131.032
261.289 132.026
2
250.75 156.391
0 0 0.72593 0.687768
3
258.708 179.8
240.315 178.806
242.791 132.983
261.184 133.977
2
250.644 158.342
0 0 0.72593 0.687768
3
258.603 181.751
240.21 180.757
242.685 134.934
261.079 135.927
2
250.539 160.293
0 0 0.72593 0.687768
3
258.497 183.701
240.104 182.708
242.58 136.885
260.973 137.878
2
250.433 162.244
0 0 0.72593 0.687768
3
258.392 185.652
239.999 184.659
242.475 138.835
260.868 139.829
2
250.328 164.195
0 0 0.72593 0.687768
3
258.287 187.603
239.893 186.61
242.369 140.786
260.762 141.78
2
250.223 166.146
0 0 0.72593 0.687768
3
258.181 189.554
239.788 188.56
242.264 142.737
260.657 143.731
2
250.117 168.097
0 0 0.72593 0.687768
3
258.076 191.505
239.683 190.511
242.158 144.688
260.552 145.682
2
250.012 170.048
0 0 0.72593 0.687768
3
257.97 193.456
239.577 192.462
242.053 146.639
260.446 147.633
2
249.906 171.998
0 0 0.72593 0.687768
3
257.865 195.407
239.472 194.413
241.948 148.59
260.341 149.584
2
249.801 173.949
0 0 0.72593 0.687768
3
257.76 197.358
239.366 196.364
241.842 150.541
260.235 151.535
2
249.695 175.9
0 0 0.72593 0.687768
3
257.654 199.309
239.261 198.315
241.737 152.492
260.13 153.486
2
249.59 177.851
0 0 0.72593 0.687768
3
257.549 201.26
239.156 200.266
241.631 154.443
260.025 155.436
2
249.485 179.802
0 0 0.72593 0.687768
3
257.443 203.21
239.05 202.217
241.526 156.394
259.919 157.387
2
249.379 181.753
0 0 0.72593 0.687768
3
257.338 205.161
238.945 204.168
241.421 158.344
259.814 159.338
2
249.274 183.704
0 0 0.72593 0.687768
3
257.233 207.112
238.839 206.119
241.315 160.295
259.708 161.289
2
249.168 185.655
0 0 0.72593 0.687768
3
257.127 209.063
238.734 208.069
241.21 162.246
259.603 163.24
2
249.063 187.606
0 0 0.72593 0.687768
3
257.022 211.014
238.629 210.02
241.104 164.197
259.498 165.191
2
248.958 189.556
0 0 0.72593 0.687768
3
256.916 212.965
238.523 211.971
240.999 166.148
259.392 167.142
2
248.852 191.507
0 0 0.72593 0.687768
3
256.811 214.916
238.418 213.922
240.894 168.099
259.287 169.093
2
248.747 193.458
0 0 0.72593 0.687768
3
256.706 216.867
238.312 215.873
240.788 170.05
259.181 171.044
2
248.641 195.409
0 0 0.72593 0.687768
3
256.6 218.818
238.207 217.824
240.683 172.001
259.076 172.994
2
248.536 197.36
0 0 0.72593 0.687768
3
256.495 220.769
238.102 219.775
240.577 173.952
258.97 174.945
2
248.431 199.311
0 0 0.72593 0.687768
3
256.389 222.719
237.996 221.726
240.472 175.903
258.865 176.896
2
248.325 201.262
0 0 0.72593 0.687768
3
256.284 224.67
237.891 223.677
240.366 177.853
258.76 178.847
2
248.22 203.213
0 0 0.72593 0.687768
3
256.178 226.621
237.785 225.627
240.261 179.804
258.654 180.798
2
248.114 205.164
0 0 0.72593 0.687768
3
256.073 228.572
237.68 227.578
240.156 181.755
258.549 182.749
2
248.009 207.115
0 0 0.72593 0.687768
3
255.968 230.523
237.575 229.529
240.05 183.706
258.443 184.7
2
247.904 209.065
0 0 0.72593 0.687768
3
255.862 232.474
237.469 231.48
239.945 185.657
258.338 186.651
2
247.798 211.016
0 0 0.72593 0.687768
3
255.757 234.425
237.364 233.431
239.839 187.608
258.233 188.602
2
247.693 212.967
0 0 0.72593 0.687768
3
255.651 236.376
237.258 235.382
239.734 189.559
258.127 190.553
2
247.587 214.918
0 0 0.72593 0.687768
3
255.546 238.327
237.153 237.333
239.629 191.51
258.022 192.503
2
247.482 216.869
0 0 0.72593 0.687768
3
255.441 240.278
237.047 239.284
239.523 193.461
257.916 194.454
2
247.377 218.82
0 0 0.72593 0.687768
3
255.335 242.228
236.942 241.235
239.418 195.411
257.811 196.405
2
247.271 220.771
0 0 0.72593 0.687768
3
255.23 244.179
236.837 243.186
239.312 197.362
257.706 198.356
2
247.166 222.722
0 0 0.72593 0.687768
3
255.124 246.13
236.731 245.136
239.207 199.313
257.6 200.307
2
247.06 224.673
0 0 0.72593 0.687768
3
255.019 248.081
236.626 247.087
239.102 201.264
257.495 202.258
2
246.955 226.624
0 0 0.72593 0.687768
3
254.914 250.032
236.52 249.038
238.996 203.215
257.389 204.209
2
246.849 228.574
0 0 0.72593 0.687768
3
254.808 251.983
236.415 250.989
238.891 205.166
257.284 206.16
2
246.744 230.525
0 0 0.72593 0.687768
3
254.703 253.934
236.31 252.94
238.785 207.117
257.179 208.111
2
246.639 232.476
0 0 0.72593 0.687768
3
254.597 255.885
236.204 254.891
238.68 209.068
257.073 210.062
2
246.533 234.427
0 0 0.72593 0.687768
3
254.492 257.836
236.099 256.842
238.575 211.019
256.968 212.012
2
246.428 236.378
0 0 0.72593 0.687768
3
254.387 259.786
235.993 258.793
238.469 212.97
256.862 213.963
2
246.322 238.329
0 0 0.72593 0.687768
3
254.281 261.737
235.888 260.744
238.364 214.92
256.757 215.914
2
246.217 240.28
0 0 0.72593 0.687768
3
254.176 263.688
235.783 262.695
238.258 216.871
256.652 217.865
2
246.112 242.231
0 0 0.72593 0.687768
3
254.07 265.639
235.677 264.645
238.153 218.822
256.546 219.816
2
246.006 244.182
0 0 0.72593 0.687768
3
253.965 267.59
235.572 266.596
238.048 220.773
256.441 221.767
2
245.901 246.133
0 0 0.72593 0.687768
3
253.86 269.541
235.466 268.547
237.942 222.724
256.335 223.718
2
245.795 248.083
0 0 0.72593 0.687768
3
253.754 271.492
235.361 270.498
237.837 224.675
256.23 225.669
2
245.69 250.034
0 0 0.72593 0.687768
3
253.649 273.443
235.256 272.449
237.731 226.626
256.124 227.62
2
245.585 251.985
0 0 0.72593 0.687768
3
253.543 275.394
235.15 274.4
237.626 228.577
256.019 229.57
2
245.479 253.936
0 0 0.72593 0.687768
3
253.438 277.345
235.045 276.351
237.52 230.528
255.914 231.521
2
245.374 255.887
0 0 0.72593 0.687768
3
253.332 279.295
234.939 278.302
237.415 232.479
255.808 233.472
2
245.268 257.838
0 0 0.72593 0.687768
3
253.227 281.246
234.834 280.253
237.31 234.429
255.703 235.423
2
245.163 259.789
0 0 0.72593 0.687768
3
253.122 283.197
234.728 282.203
237.204 236.38
255.597 237.374
2
244.306 261.668
0 0 0.746866 0.664974
3
250.801 285.524
232.504 283.394
237.81 237.812
256.107 239.942
2
243.333 263.491
0 0 0.767087 0.641543
3
248.341 287.703
230.211 284.446
238.326 239.279
256.456 242.536
2
243.736 265.517
0 0 0.746866 0.664974
3
250.232 289.373
231.935 287.243
237.241 241.661
255.537 243.791
2
244.264 267.514
0 0 0.72593 0.687768
3
252.222 290.923
233.829 289.929
236.305 244.106
254.698 245.1
2
244.914 269.475
0 0 0.704299 0.709903
3
254.305 292.346
235.886 292.492
235.522 246.604
253.942 246.458
2
245.684 271.392
0 0 0.681993 0.731359
3
256.472 293.638
238.097 294.924
234.895 249.145
253.27 247.86
2
246.571 273.257
0 0 0.659034 0.752113
3
258.715 294.794
240.454 297.213
234.427 251.721
252.687 249.301
2
247.572 275.065
0 0 0.635443 0.772148
3
261.025 295.808
242.949 299.353
234.119 254.321
252.194 250.776
2
248.682 276.806
0 0 0.611244 0.791442
3
263.393 296.678
245.571 301.334
233.972 256.934
251.794 252.278
2
249.899 278.476
0 0 0.586459 0.809979
3
265.81 297.4
248.311 303.149
233.987 259.552
251.487 253.803
2
251.216 280.067
0 0 0.561112 0.82774
3
268.268 297.97
251.157 304.792
234.164 262.164
251.275 255.343
2
252.629 281.574
0 0 0.535228 0.844707
3
270.756 298.388
254.1 306.254
234.502 264.76
251.158 256.893
2
252.768 283.635
0 0 0.561112 0.82774
3
269.82 301.538
252.709 308.359
235.716 265.732
252.826 258.911
2
252.779 285.701
0 0 0.586459 0.809979
3
268.69 304.625
251.191 310.374
236.867 266.777
254.367 261.027
2
254.096 287.292
0 0 0.561112 0.82774
3
271.148 305.195
254.037 312.016
237.044 269.389
254.155 262.568
2
255.509 288.799
0 0 0.535228 0.844707
3
273.636 305.613
256.98 313.479
237.382 271.984
254.038 264.118
2
255.648 290.86
0 0 0.561112 0.82774
3
272.7 308.763
255.589 315.584
238.596 272.956
255.706 266.135
2
256.371 292.674
0 0 0.561112 0.82774
3
273.423 310.578
256.313 317.399
239.319 274.771
256.43 267.95
2
257.095 294.489
0 0 0.561112 0.82774
3
274.147 312.393
257.036 319.214
240.043 276.586
257.153 269.765
2
257.818 296.304
0 0 0.561112 0.82774
3
274.87 314.208
257.76 321.029
240.766 278.401
257.877 271.58
2
258.542 298.119
0 0 0.561112 0.82774
3
275.594 316.022
258.483 322.843
241.49 280.216
258.6 273.395
2
259.265 299.934
0 0 0.561112 0.82774
3
276.317 317.837
259.207 324.658
242.213 282.031
259.324 275.21
2
259.989 301.749
0 0 0.561112 0.82774
3
277.041 319.652
259.93 326.473
242.937 283.845
260.047 277.024
2
260.712 303.564
0 0 0.561112 0.82774
3
277.764 321.467
260.654 328.288
243.66 285.66
260.771 278.839
2
261.436 305.378
0 0 0.561112 0.82774
3
278.488 323.282
261.377 330.103
244.384 287.475
261.494 280.654
2
262.159 307.193
0 0 0.561112 0.82774
3
279.211 325.097
262.101 331.918
245.107 289.29
262.218 282.469
2
262.883 309.008
0 0 0.561112 0.82774
3
279.935 326.911
262.824 333.733
245.831 291.105
262.941 284.284
2
263.606 310.823
0 0 0.561112 0.82774
3
280.658 328.726
263.548 335.547
246.554 292.92
263.665 286.099
2
264.33 312.638
0 0 0.561112 0.82774
3
281.382 330.541
264.271 337.362
247.278 294.735
264.388 287.914
2
265.053 314.453
0 0 0.561112 0.82774
3
282.105 332.356
264.995 339.177
248.001 296.549
265.112 289.728
2
265.777 316.268
0 0 0.561112 0.82774
3
282.829 334.171
265.718 340.992
248.725 298.364
265.835 291.543
2
266.5 318.082
0 0 0.561112 0.82774
3
283.552 335.986
266.442 342.807
249.448 300.179
266.559 293.358
2
267.224 319.897
0 0 0.561112 0.82774
3
284.276 337.801
267.165 344.622
250.172 301.994
267.282 295.173
2
267.947 321.712
0 0 0.561112 0.82774
3
284.999 339.615
267.888 346.436
250.895 303.809
268.006 296.988
2
268.671 323.527
0 0 0.561112 0.82774
3
285.722 341.43
268.612 348.251
251.619 305.624
268.729 298.803
2
269.394 325.342
0 0 0.561112 0.82774
3
286.446 343.245
269.335 350.066
252.342 307.438
269.453 300.617
2
270.117 327.157
0 0 0.561112 0.82774
3
287.169 345.06
270.059 351.881
253.066 309.253
270.176 302.432
2
270.841 328.971
0 0 0.561112 0.82774
3
287.893 346.875
270.782 353.696
253.789 311.068
270.9 304.247
2
271.564 330.786
0 0 0.561112 0.82774
3
288.616 348.69
271.506 355.511
254.513 312.883
271.623 306.062
2
272.288 332.601
0 0 0.561112 0.82774
3
289.34 350.505
272.229 357.326
255.236 314.698
272.347 307.877
2
273.701 334.108
0 0 0.535228 0.844707
3
291.828 350.922
275.172 358.789
255.574 317.294
272.23 309.427
2
275.205 335.524
0 0 0.508832 0.860866
3
294.337 351.185
278.2 360.067
256.073 319.864
272.21 310.982
2
276.793 336.845
0 0 0.481947 0.8762
3
296.858 351.292
281.301 361.155
256.729 322.398
272.286 312.535
2
278.46 338.065
0 0 0.454602 0.890695
3
299.38 351.243
284.463 362.049
257.541 324.887
272.458 314.08
2
280.2 339.179
0 0 0.42682 0.904336
3
301.895 351.038
287.675 362.747
258.505 327.32
272.725 315.612
2
282.005 340.184
0 0 0.39863 0.917112
3
304.392 350.678
290.923 363.244
259.618 329.69
273.086 317.124
2
283.868 341.075
0 0 0.370058 0.929008
3
306.862 350.164
294.196 363.539
260.875 331.986
273.54 318.611
2
285.784 341.849
0 0 0.341132 0.940015
3
309.295 349.498
297.482 363.631
262.272 334.2
274.086 320.067
2
287.743 342.503
0 0 0.311879 0.950122
3
311.683 348.683
300.766 363.52
263.803 336.323
274.72 321.486
2
289.739 343.035
0 0 0.282327 0.959318
3
314.015 347.722
304.037 363.205
265.463 338.348
275.441 322.864
2
291.764 343.442
0 0 0.252505 0.967596
3
316.284 346.618
307.283 362.689
267.245 340.265
276.246 324.194
2
293.811 343.723
0 0 0.22244 0.974946
3
318.48 345.376
310.491 361.973
269.142 342.069
277.131 325.472
2
295.871 343.877
0 0 0.192163 0.981363
3
320.595 344.001
313.648 361.061
271.147 343.753
278.094 326.693
2
297.936 343.903
0 0 0.161702 0.98684
3
322.621 342.497
316.742 359.954
273.252 345.308
279.131 327.852
2
300 343.801
0 0 0.131085 0.991371
3
324.55 340.871
319.762 358.658
275.45 346.731
280.237 328.944
2
302.053 343.572
0 0 0.100343 0.994953
3
326.375 339.129
322.697 357.178
277.731 348.015
281.409 329.966
2
304.088 343.217
0 0 0.0695055 0.997582
3
328.088 337.277
325.534 355.519
280.087 349.156
282.641 330.914
2
306.097 342.736
0 0 0.0386009 0.999255
3
329.684 335.323
328.263 353.688
282.509 350.148
283.93 331.783
2
308.072 342.131
0 0 0.00765943 0.999971
3
331.155 333.274
330.873 351.692
284.989 350.989
285.271 332.571
2
310.006 341.406
0 0 0.0232894 -0.999729
3
332.497 331.138
333.355 349.538
287.515 351.675
286.657 333.275
2
311.892 340.563
0 0 0.0542159 -0.998529
3
333.705 328.923
335.699 347.234
290.079 352.203
288.085 333.891
2
313.722 339.604
0 0 0.0850905 -0.996373
3
334.773 326.637
337.896 344.79
292.671 352.571
289.547 334.418
2
315.489 338.534
0 0 0.115884 -0.993263
3
335.697 324.29
339.938 342.215
295.28 352.779
291.04 334.854
2
317.186 337.357
0 0 0.146566 -0.989201
3
336.475 321.889
341.816 339.518
297.898 352.825
292.556 335.196
2
318.808 336.077
0 0 0.177107 -0.984192
3
337.103 319.446
343.524 336.71
300.513 352.708
294.091 335.444
2
320.873 336.114
0 0 0.146566 -0.989201
3
340.162 320.647
345.503 338.275
301.584 351.582
296.243 333.953
2
322.932 336.279
0 0 0.115884 -0.993263
3
343.141 322.034
347.381 339.96
302.724 350.524
298.483 332.598
2
324.977 336.571
0 0 0.0850905 -0.996373
3
346.028 323.604
349.152 341.757
303.926 349.538
300.803 331.385
2
327 336.989
0 0 0.0542159 -0.998529
3
348.813 325.348
350.808 343.66
305.187 348.629
303.193 330.317
2
328.994 337.531
0 0 0.0232894 -0.999729
3
351.485 327.262
352.343 345.662
306.502 347.799
305.645 329.399
2
330.95 338.195
0 0 0.00765945 0.999971
3
354.033 329.338
353.751 347.756
307.866 347.053
308.148 328.635
2
332.903 338.225
0 0 0.00765945 0.999971
3
355.987 329.368
355.704 347.786
309.82 347.083
310.102 328.665
2
334.857 338.255
0 0 0.00765945 0.999971
3
357.94 329.398
357.658 347.815
311.773 347.113
312.055 328.695
2
336.81 338.285
0 0 0.00765945 0.999971
3
359.894 329.428
359.611 347.845
313.727 347.142
314.009 328.725
2
338.764 338.315
0 0 0.00765945 0.999971
3
361.847 329.458
361.565 347.875
315.68 347.172
315.962 328.755
2
340.717 338.345
0 0 0.00765945 0.999971
3
363.801 329.487
363.518 347.905
317.634 347.202
317.916 328.784
2
342.671 338.375
0 0 0.00765945 0.999971
3
365.754 329.517
365.472 347.935
319.587 347.232
319.87 328.814
2
344.624 338.405
0 0 0.00765945 0.999971
3
367.708 329.547
367.425 347.965
321.541 347.262
321.823 328.844
2
346.578 338.435
0 0 0.00765945 0.999971
3
369.661 329.577
369.379 347.995
323.494 347.292
323.777 328.874
2
348.531 338.465
0 0 0.00765945 0.999971
3
371.615 329.607
371.333 348.025
325.448 347.322
325.73 328.904
2
350.485 338.495
0 0 0.00765945 0.999971
3
373.568 329.637
373.286 348.055
327.401 347.352
327.684 328.934
2
352.438 338.525
0 0 0.00765945 0.999971
3
375.522 329.667
375.24 348.085
329.355 347.382
329.637 328.964
2
354.392 338.554
0 0 0.00765945 0.999971
3
377.475 329.697
377.193 348.115
331.308 347.412
331.591 328.994
2
356.345 338.584
0 0 0.00765945 0.999971
3
379.429 329.727
379.147 348.145
333.262 347.442
333.544 329.024
2
358.299 338.614
0 0 0.00765945 0.999971
3
381.382 329.757
381.1 348.175
335.216 347.472
335.498 329.054
2
360.252 338.644
0 0 0.00765945 0.999971
3
383.336 329.787
383.054 348.205
337.169 347.502
337.451 329.084
2
362.206 338.674
0 0 0.00765945 0.999971
3
385.289 329.817
385.007 348.235
339.123 347.532
339.405 329.114
2
364.159 338.704
0 0 0.00765945 0.999971
3
387.243 329.847
386.961 348.265
341.076 347.562
341.358 329.144
2
366.113 338.734
0 0 0.00765945 0.999971
3
389.196 329.877
388.914 348.294
343.03 347.592
343.312 329.174
2
368.047 338.009
0 0 0.0232894 -0.999729
3
390.538 327.74
391.396 346.14
345.556 348.277
344.698 329.877
2
369.933 337.165
0 0 0.0542159 -0.998529
3
391.746 325.525
393.74 343.837
348.12 348.805
346.126 330.494
2
371.926 337.707
0 0 0.0232894 -0.999729
3
394.417 327.439
395.275 345.839
349.435 347.976
348.577 329.576
2
373.882 338.372
0 0 0.00765945 0.999971
3
396.966 329.514
396.683 347.932
350.799 347.229
351.081 328.811
2
375.816 337.647
0 0 0.0232894 -0.999729
3
398.308 327.378
399.165 345.778
353.325 347.915
352.467 329.515
2
377.702 336.803
0 0 0.0542159 -0.998529
3
399.515 325.163
401.509 343.475
355.889 348.443
353.895 330.132
2
379.695 337.345
0 0 0.0232894 -0.999729
3
402.187 327.077
403.044 345.477
357.204 347.614
356.346 329.214
2
381.651 338.01
0 0 0.00765945 0.999971
3
404.735 329.152
404.453 347.57
358.568 346.867
358.85 328.449
2
383.562 338.794
0 0 0.038601 0.999255
3
407.15 331.381
405.729 349.747
359.975 346.206
361.396 327.841
2
385.421 339.695
0 0 0.0695055 0.997582
3
409.422 333.756
406.867 351.998
361.421 345.634
363.975 327.392
2
387.221 340.709
0 0 0.100343 0.994953
3
411.543 336.266
407.865 354.315
362.899 345.152
366.577 327.103
2
389.256 340.353
0 0 0.0695055 0.997582
3
413.256 334.414
410.702 352.656
365.255 346.292
367.81 328.05
2
391.265 339.872
0 0 0.038601 0.999255
3
414.852 332.46
413.431 350.825
367.678 347.285
369.099 328.92
2
393.24 339.268
0 0 0.00765944 0.999971
3
416.324 330.411
416.041 348.829
370.157 348.126
370.439 329.708
2
395.174 338.543
0 0 0.0232894 -0.999729
3
417.666 328.275
418.523 346.675
372.683 348.811
371.825 330.411
2
397.126 338.452
0 0 0.0232894 -0.999729
3
419.617 328.184
420.475 346.584
374.635 348.72
373.777 330.32
2
399.078 338.361
0 0 0.0232894 -0.999729
3
421.569 328.093
422.427 346.493
376.586 348.629
375.729 330.229
2
401.034 339.025
0 0 0.00765945 0.999971
3
424.117 330.168
423.835 348.586
377.95 347.883
378.232 329.465
2
402.968 338.3
0 0 0.0232894 -0.999729
3
425.459 328.032
426.317 346.432
380.477 348.569
379.619 330.169
2
404.854 337.457
0 0 0.0542159 -0.998529
3
426.666 325.817
428.661 344.128
383.041 349.097
381.046 330.785
2
406.683 336.498
0 0 0.0850905 -0.996373
3
427.734 323.531
430.858 341.684
385.632 349.465
382.509 331.312
2
408.451 335.428
0 0 0.115884 -0.993263
3
428.659 321.183
432.899 339.109
388.242 349.673
384.002 331.748
2
410.496 335.72
0 0 0.0850905 -0.996373
3
431.547 322.753
434.67 340.906
389.444 348.687
386.321 330.534
2
412.519 336.138
0 0 0.0542159 -0.998529
3
434.331 324.498
436.326 342.809
390.706 347.778
388.711 329.466
2
414.512 336.68
0 0 0.0232894 -0.999729
3
437.003 326.412
437.861 344.812
392.021 346.948
391.163 328.548
2
416.468 337.344
0 0 0.00765945 0.999971
3
439.551 328.487
439.269 346.905
393.384 346.202
393.667 327.784
2
418.402 336.619
0 0 0.0232894 -0.999729
3
440.893 326.351
441.751 344.751
395.911 346.888
395.053 328.488
2
420.288 335.776
0 0 0.0542159 -0.998529
3
442.101 324.136
444.095 342.447
398.475 347.416
396.48 329.104
2
422.118 334.817
0 0 0.0850905 -0.996373
3
443.169 321.85
446.292 340.003
401.067 347.784
397.943 329.631
2
423.885 333.747
0 0 0.115884 -0.993263
3
444.093 319.502
448.334 337.428
403.676 347.992
399.436 330.067
2
425.582 332.57
0 0 0.146566 -0.989201
3
444.871 317.102
450.212 334.731
406.294 348.038
400.952 330.409
2
427.204 331.29
0 0 0.177107 -0.984192
3
445.498 314.659
451.92 331.923
408.909 347.921
402.487 330.657
2
428.743 329.912
0 0 0.207479 -0.978239
3
445.974 312.181
453.451 329.015
411.512 347.643
404.035 330.809
2
430.194 328.442
0 0 0.237653 -0.97135
3
446.295 309.679
454.799 326.018
414.093 347.205
405.588 330.866
2
431.927 327.54
0 0 0.237653 -0.97135
3
448.028 308.777
456.532 325.116
415.826 346.303
407.321 329.964
2
433.66 326.638
0 0 0.237653 -0.97135
3
449.761 307.875
458.265 324.214
417.559 345.401
409.055 329.062
2
435.393 325.736
0 0 0.237653 -0.97135
3
451.494 306.973
459.998 323.312
419.292 344.499
410.788 328.16
2
437.126 324.834
0 0 0.237653 -0.97135
3
453.227 306.071
461.731 322.41
421.025 343.597
412.521 327.258
2
438.483 323.276
0 0 0.267598 -0.963531
3
453.393 303.553
462.891 319.335
423.574 343
414.075 327.218
2
439.741 321.638
0 0 0.297288 -0.954788
3
453.402 301.03
463.859 316.195
426.081 342.246
415.624 327.082
2
440.896 319.925
0 0 0.326692 -0.945131
3
453.256 298.512
464.631 313
428.536 341.339
417.161 326.85
2
441.942 318.144
0 0 0.355784 -0.934568
3
452.954 296.007
465.203 309.764
430.931 340.281
418.681 326.524
2
442.876 316.302
0 0 0.384535 -0.923111
3
452.497 293.526
465.574 306.498
433.256 339.077
420.179 326.105
2
444.252 314.915
0 0 0.384535 -0.923111
3
453.873 292.139
466.95 305.111
434.631 337.69
421.554 324.718
2
445.628 313.528
0 0 0.384535 -0.923111
3
455.249 290.752
468.326 303.724
436.007 336.303
422.93 323.331
2
447.004 312.141
0 0 0.384535 -0.923111
3
456.625 289.365
469.702 302.337
437.383 334.916
424.306 321.944
2
448.38 310.754
0 0 0.384535 -0.923111
3
458.001 287.978
471.078 300.95
438.759 333.529
425.682 320.557
2
449.756 309.367
0 0 0.384535 -0.923111
3
459.377 286.591
472.454 299.563
440.135 332.142
427.058 319.17
2
451.132 307.979
0 0 0.384535 -0.923111
3
460.753 285.204
473.83 298.176
441.511 330.755
428.434 317.783
2
452.508 306.592
0 0 0.384535 -0.923111
3
462.129 283.817
475.206 296.789
442.887 329.368
429.81 316.396
2
453.884 305.205
0 0 0.384535 -0.923111
3
463.505 282.43
476.582 295.402
444.263 327.981
431.186 315.009
2
455.26 303.818
0 0 0.384535 -0.923111
3
464.881 281.043
477.958 294.015
445.639 326.594
432.562 313.622
2
456.636 302.431
0 0 0.384535 -0.923111
3
466.257 279.656
479.334 292.628
447.015 325.207
433.938 312.235
2
458.012 301.044
0 0 0.384535 -0.923111
3
467.633 278.269
480.71 291.241
448.391 323.82
435.314 310.848
2
459.388 299.657
0 0 0.384535 -0.923111
3
469.009 276.882
482.086 289.854
449.767 322.433
436.69 309.461
2
460.764 298.27
0 0 0.384535 -0.923111
3
470.385 275.495
483.462 288.467
451.143 321.046
438.066 308.074
2
461.582 296.374
0 0 0.412917 -0.910769
3
469.776 273.046
483.63 285.185
453.389 319.701
439.534 307.562
2
462.282 294.43
0 0 0.440904 -0.897554
3
469.016 270.64
483.595 281.899
455.547 318.219
440.968 306.961
2
462.859 292.447
0 0 0.468469 -0.88348
3
468.11 268.286
483.357 278.621
457.609 316.607
442.362 306.272
2
463.314 290.431
0 0 0.495585 -0.86856
3
467.059 265.992
482.917 275.364
459.568 314.871
443.711 305.499
2
464.308 288.749
0 0 0.495585 -0.86856
3
468.053 264.31
483.911 273.682
460.562 313.189
444.705 303.817
2
465.302 287.068
0 0 0.495585 -0.86856
3
469.047 262.628
484.905 272
461.556 311.507
445.699 302.135
2
466.296 285.386
0 0 0.495585 -0.86856
3
470.041 260.946
485.899 270.318
462.55 309.825
446.693 300.453
2
467.29 283.704
0 0 0.495585 -0.86856
3
471.035 259.264
486.893 268.636
463.544 308.143
447.687 298.771
2
468.284 282.022
0 0 0.495585 -0.86856
3
472.029 257.582
487.887 266.954
464.538 306.461
448.681 297.089
2
469.278 280.34
0 0 0.495585 -0.86856
3
473.023 255.901
488.881 265.272
465.532 304.779
449.675 295.407
2
470.272 278.658
0 0 0.495585 -0.86856
3
474.017 254.219
489.875 263.59
466.526 303.097
450.669 293.725
2
471.266 276.976
0 0 0.495585 -0.86856
3
475.011 252.537
490.869 261.908
467.521 301.415
451.663 292.043
2
472.26 275.294
0 0 0.495585 -0.86856
3
476.005 250.855
491.863 260.227
468.515 299.733
452.657 290.361
2
473.254 273.612
0 0 0.495585 -0.86856
3
476.999 249.173
492.857 258.545
469.509 298.051
453.651 288.679
2
474.248 271.93
0 0 0.495585 -0.86856
3
477.994 247.491
493.851 256.863
470.503 296.369
454.645 286.997
2
475.242 270.248
0 0 0.495585 -0.86856
3
478.988 245.809
494.845 255.181
471.497 294.687
455.639 285.315
2
476.236 268.566
0 0 0.495585 -0.86856
3
479.982 244.127
495.839 253.499
472.491 293.005
456.633 283.633
2
477.23 266.884
0 0 0.495585 -0.86856
3
480.976 242.445
496.833 251.817
473.485 291.323
457.627 281.951
2
478.224 265.202
0 0 0.495585 -0.86856
3
481.97 240.763
497.827 250.135
474.479 289.641
458.621 280.269
2
479.218 263.52
0 0 0.495585 -0.86856
3
482.964 239.081
498.821 248.453
475.473 287.959
459.615 278.587
2
480.846 262.248
0 0 0.468469 -0.88348
3
486.097 238.088
501.344 248.423
475.596 286.409
460.349 276.074
2
482.55 261.08
0 0 0.440904 -0.897554
3
489.285 237.291
503.864 248.549
475.815 284.87
461.237 273.611
2
484.323 260.02
0 0 0.412917 -0.910769
3
492.516 236.692
506.371 248.831
476.129 283.347
462.275 271.208
2
486.158 259.071
0 0 0.384535 -0.923111
3
495.779 236.295
508.856 249.268
476.537 281.847
463.46 268.874
2
488.048 258.237
0 0 0.355784 -0.934568
3
499.059 236.1
511.309 249.857
477.036 280.374
464.787 266.617
2
489.986 257.522
0 0 0.326692 -0.945131
3
502.346 236.109
513.721 250.597
477.626 278.936
466.251 264.447
2
491.964 256.928
0 0 0.297288 -0.954788
3
505.625 236.321
516.082 251.485
478.304 277.536
467.847 262.372
2
493.119 255.215
0 0 0.326692 -0.945131
3
505.479 233.802
516.854 248.29
480.759 276.629
469.384 262.141
2
494.165 253.434
0 0 0.355784 -0.934568
3
505.177 231.297
517.426 245.054
483.154 275.571
470.904 261.815
2
495.099 251.592
0 0 0.384535 -0.923111
3
504.72 228.816
517.797 241.789
485.478 274.368
472.401 261.395
2
495.918 249.695
0 0 0.412917 -0.910769
3
504.111 226.368
517.966 238.507
487.724 273.022
473.87 260.884
2
496.617 247.751
0 0 0.440904 -0.897554
3
503.352 223.962
517.931 235.22
489.883 271.541
475.304 260.283
2
498.39 246.691
0 0 0.412917 -0.910769
3
506.583 223.364
520.438 235.502
490.196 270.018
476.342 257.879
2
500.225 245.742
0 0 0.384535 -0.923111
3
509.846 222.966
522.923 235.939
490.604 268.518
477.527 255.545
2
502.115 244.908
0 0 0.355784 -0.934568
3
513.126 222.771
525.376 236.528
491.103 267.045
478.854 253.289
2
504.053 244.193
0 0 0.326692 -0.945131
3
516.413 222.78
527.788 237.268
491.693 265.607
480.318 251.119
2
505.59 242.987
0 0 0.326692 -0.945131
3
517.949 221.573
529.324 236.062
493.23 264.4
481.855 249.912
2
507.126 241.78
0 0 0.326692 -0.945131
3
519.486 220.367
530.861 234.855
494.767 263.194
483.392 248.706
2
508.663 240.574
0 0 0.326692 -0.945131
3
521.023 219.16
532.398 233.649
496.303 261.987
484.928 247.499
2
510.2 239.367
0 0 0.326692 -0.945131
3
522.56 217.954
533.935 232.442
497.84 260.781
486.465 246.293
2
511.736 238.161
0 0 0.326692 -0.945131
3
524.096 216.747
535.471 231.236
499.377 259.574
488.002 245.086
2
513.273 236.954
0 0 0.326692 -0.945131
3
525.633 215.541
537.008 230.029
500.913 258.368
489.538 243.88
2
514.81 235.748
0 0 0.326692 -0.945131
3
527.17 214.334
538.545 228.823
502.45 257.161
491.075 242.673
2
516.347 234.541
0 0 0.326692 -0.945131
3
528.706 213.128
540.081 227.616
503.987 255.955
492.612 241.467
2
518.325 233.948
0 0 0.297288 -0.954788
3
531.986 213.34
542.443 228.504
504.664 254.555
494.207 239.391
2
519.48 232.235
0 0 0.326692 -0.945131
3
531.839 210.821
543.214 225.309
507.12 253.648
495.745 239.16
2
520.526 230.453
0 0 0.355784 -0.934568
3
531.537 208.316
543.787 222.073
509.515 252.59
497.265 238.834
2
521.46 228.611
0 0 0.384535 -0.923111
3
531.081 205.835
544.158 218.808
511.839 251.387
498.762 238.414
2
522.279 226.714
0 0 0.412917 -0.910769
3
530.472 203.387
544.326 215.526
514.085 250.042
500.231 237.903
2
522.978 224.771
0 0 0.440904 -0.897554
3
529.713 200.981
544.292 212.239
516.243 248.56
501.664 237.302
2
523.556 222.787
0 0 0.468469 -0.88348
3
528.806 198.627
544.053 208.962
518.306 246.948
503.058 236.613
2
524.01 220.772
0 0 0.495585 -0.86856
3
527.755 196.333
543.613 205.705
520.264 245.211
504.407 235.839
2
524.338 218.733
0 0 0.522226 -0.852807
3
526.565 194.109
542.972 202.482
522.112 243.357
505.705 234.984
2
524.54 216.677
0 0 0.548367 -0.836238
3
525.239 191.962
542.133 199.304
523.841 241.391
506.948 234.049
2
525.999 215.214
0 0 0.522226 -0.852807
3
528.225 190.59
544.632 198.963
523.772 239.838
507.365 231.465
2
527.545 213.844
0 0 0.495585 -0.86856
3
531.291 189.405
547.148 198.777
523.8 238.283
507.942 228.912
2
527.874 211.805
0 0 0.522226 -0.852807
3
530.1 187.181
546.507 195.554
525.647 236.429
509.24 228.056
2
528.076 209.749
0 0 0.548367 -0.836238
3
528.774 185.035
545.668 192.377
527.377 234.464
510.483 227.122
2
528.15 207.685
0 0 0.573982 -0.818868
3
527.318 182.974
544.634 189.257
528.981 232.395
511.666 226.112
2
528.096 205.62
0 0 0.599048 -0.800713
3
525.738 181.008
543.408 186.208
530.455 230.231
512.784 225.032
2
527.915 203.562
0 0 0.62354 -0.781791
3
524.038 179.143
541.997 183.24
531.791 227.981
513.833 223.884
2
527.607 201.519
0 0 0.647435 -0.762121
3
522.227 177.387
540.405 180.365
532.986 225.651
514.808 222.674
2
527.173 199.5
0 0 0.67071 -0.74172
3
520.31 175.747
538.637 177.594
534.035 223.253
515.708 221.405
2
526.614 197.511
0 0 0.693342 -0.720609
3
518.296 174.228
536.702 174.938
534.933 220.794
516.527 220.084
2
525.934 195.56
0 0 0.71531 -0.698808
3
516.191 172.836
534.606 172.407
535.677 218.284
517.262 218.714
2
525.135 193.655
0 0 0.736592 -0.676337
3
514.005 171.578
532.358 170.01
536.265 215.733
517.912 217.301
2
524.219 191.804
0 0 0.75717 -0.653218
3
511.745 170.457
529.966 167.756
536.694 213.151
518.473 215.851
2
523.19 190.012
0 0 0.777021 -0.629474
3
509.419 169.478
527.438 165.656
536.962 210.547
518.943 214.369
2
522.053 188.288
0 0 0.796129 -0.605127
3
507.038 168.645
524.786 163.715
537.068 207.931
519.32 212.861
2
520.811 186.637
0 0 0.814474 -0.5802
3
504.61 167.961
522.019 161.942
537.013 205.314
519.604 211.332
2
519.47 185.066
0 0 0.832039 -0.554717
3
502.144 167.428
519.147 160.344
536.795 202.705
519.792 209.789
2
518.033 183.582
0 0 0.848807 -0.528703
3
499.649 167.049
516.182 158.927
536.417 200.115
519.884 208.237
2
516.508 182.189
0 0 0.864762 -0.502183
3
497.137 166.825
513.135 157.695
535.879 197.553
519.881 206.682
2
514.899 180.893
0 0 0.879888 -0.475181
3
494.615 166.757
510.018 156.655
535.184 195.029
519.781 205.13
2
513.214 179.699
0 0 0.894172 -0.447725
3
492.093 166.845
506.842 155.809
534.334 192.553
519.585 203.588
2
511.457 178.611
0 0 0.907599 -0.419839
3
489.582 167.088
503.62 155.162
533.332 190.134
519.295 202.061
2
509.637 177.635
0 0 0.920156 -0.391551
3
487.091 167.487
500.364 154.715
532.183 187.782
518.91 200.554
2
507.76 176.772
0 0 0.931833 -0.362889
3
484.629 168.039
497.087 154.47
530.89 185.506
518.433 199.074
2
508.542 178.844
0 0 0.942616 -0.333878
3
484.916 171.558
496.51 157.244
532.169 186.129
520.575 200.443
2
509.451 180.862
0 0 0.952497 -0.304548
3
485.419 175.052
496.106 160.049
533.483 186.673
522.797 201.676
2
510.484 182.821
0 0 0.961465 -0.274926
3
486.138 178.509
495.876 162.873
534.829 187.134
525.091 202.769
2
511.635 184.712
0 0 0.969513 -0.245041
3
487.069 181.914
495.821 165.706
536.201 187.51
527.448 203.718
2
512.901 186.528
0 0 0.976631 -0.214921
3
488.21 185.255
495.942 168.537
537.593 187.802
529.86 204.52
2
514.277 188.263
0 0 0.982815 -0.184595
3
489.554 188.52
496.238 171.355
539 188.006
532.317 205.171
2
515.758 189.909
0 0 0.988056 -0.154092
3
491.098 191.695
496.707 174.149
540.418 188.123
534.809 205.668
2
517.338 191.46
0 0 0.992352 -0.123442
3
492.836 194.768
497.349 176.909
541.84 188.152
537.327 206.011
2
519.011 192.911
0 0 0.995697 -0.0926736
3
494.76 197.728
498.159 179.624
543.261 188.093
539.862 206.197
2
520.77 194.255
0 0 0.998088 -0.0618163
3
496.864 200.563
499.137 182.284
544.676 187.947
542.403 206.226
2
522.609 195.488
0 0 0.999522 -0.0308998
3
499.139 203.263
500.277 184.878
546.079 187.713
544.941 206.098
2
524.521 196.605
0 0 1 4.63287e-05
3
501.577 205.817
501.575 187.397
547.465 187.392
547.467 205.812
2
526.498 197.601
0 0 0.99952 0.0309924
3
504.168 208.215
503.026 189.83
548.828 186.987
549.969 205.372
2
528.533 198.473
0 0 0.998082 0.0619088
3
506.902 210.448
504.626 192.169
550.164 186.498
552.44 204.777
2
530.372 197.24
0 0 0.99952 0.0309924
3
508.041 207.854
506.9 189.469
552.702 186.626
553.843 205.011
2
532.283 196.123
0 0 1 4.63287e-05
3
509.339 205.335
509.337 186.915
555.227 186.911
555.229 205.331
2
534.26 195.126
0 0 0.999522 -0.0308998
3
510.79 202.901
511.928 184.516
557.73 187.351
556.593 205.736
2
536.295 194.254
0 0 0.998088 -0.0618163
3
512.389 200.562
514.662 182.283
560.201 187.945
557.928 206.224
2
538.234 194.495
0 0 0.998088 -0.0618163
3
514.328 200.803
516.601 182.524
562.14 188.186
559.867 206.466
2
540.173 194.736
0 0 0.998088 -0.0618163
3
516.267 201.044
518.54 182.765
564.079 188.427
561.806 206.707
2
542.012 195.969
0 0 0.999522 -0.0308998
3
518.542 203.744
519.68 185.359
565.482 188.193
564.344 206.578
2
543.924 197.085
0 0 1 4.63287e-05
3
520.98 206.297
520.978 187.877
566.868 187.873
566.87 206.293
2
545.901 198.082
0 0 0.99952 0.0309924
3
523.571 208.696
522.429 190.311
568.231 187.468
569.372 205.852
2
547.936 198.954
0 0 0.998082 0.0619088
3
526.305 210.929
524.029 192.65
569.567 186.979
571.843 205.258
2
549.875 198.712
0 0 0.998082 0.0619088
3
528.244 210.687
525.967 192.408
571.506 186.737
573.782 205.016
2
551.814 198.471
0 0 0.998082 0.0619088
3
530.183 210.446
527.906 192.167
573.444 186.496
575.721 204.775
2
553.752 198.229
0 0 0.998082 0.0619088
3
532.121 210.204
529.845 191.926
575.383 186.255
577.66 204.533
2
555.691 197.988
0 0 0.998082 0.0619088
3
534.06 209.963
531.784 191.684
577.322 186.013
579.598 204.292
2
557.53 196.755
0 0 0.99952 0.0309924
3
535.2 207.369
534.058 188.984
579.86 186.141
581.001 204.526
2
559.441 195.638
0 0 1 4.63287e-05
3
536.497 204.85
536.496 186.43
582.386 186.426
582.387 204.846
2
561.395 195.638
0 0 1 4.63287e-05
3
538.451 204.85
538.449 186.43
584.339 186.425
584.341 204.845
2
563.349 195.637
0 0 1 4.63287e-05
3
540.405 204.849
540.403 186.429
586.293 186.425
586.295 204.845
