0
80 80
0
81 81
0
82 82
0
83 83
0
84 83
0
85 83
0
86 83
0
87 84
0
88 85
0
89 86
0
90 87
0
91 88
0
92 88
0
93 88
0
94 89
0
95 90
0
96 91
0
97 92
0
98 93
0
99 94
0
100 95
0
101 96
0
102 97
0
103 97
0
104 97
0
105 98
0
106 98
0
107 99
0
108 100
0
109 101
0
110 102
0
111 103
0
111 104
0
111 105
0
112 106
0
112 107
0
112 108
0
112 109
0
112 110
0
112 111
0
112 112
0
112 113
0
112 114
0
112 115
0
112 116
0
112 117
0
112 118
0
112 119
0
112 120
0
112 121
0
112 122
0
112 123
0
112 124
0
113 125
0
114 126
0
114 127
0
114 128
0
114 129
0
114 130
0
114 131
0
114 132
0
114 133
0
114 134
0
114 135
0
114 136
0
114 137
0
114 138
0
114 139
0
114 140
0
114 141
0
114 142
0
114 143
0
114 144
0
114 145
0
114 146
0
114 147
0
114 148
0
114 149
0
114 150
0
114 151
0
114 152
0
114 153
0
114 154
0
114 155
0
114 156
0
114 157
0
114 158
0
114 159
0
114 160
0
114 161
0
114 162
0
114 163
0
114 164
0
114 165
0
114 166
0
114 167
0
115 168
0
115 169
0
115 170
0
115 171
0
115 172
0
115 173
0
115 174
0
115 175
0
115 176
0
115 177
0
115 178
0
115 179
0
115 180
0
115 181
0
115 182
0
115 183
0
115 184
0
115 185
0
115 186
0
115 187
0
115 188
0
116 189
0
116 190
0
116 191
0
116 192
0
116 193
0
116 194
0
116 195
0
116 196
0
116 197
0
116 198
0
116 199
0
116 200
0
116 201
0
116 202
0
116 203
0
116 204
0
116 205
0
116 206
0
116 207
0
116 208
0
116 209
0
116 210
0
116 211
0
116 212
0
116 213
0
116 214
0
116 215
0
116 216
0
116 217
0
116 218
0
116 219
0
116 220
0
116 221
0
116 222
0
116 223
0
116 224
0
116 225
0
116 226
0
117 227
0
117 228
0
118 229
0
118 230
0
118 231
0
119 232
0
119 233
0
120 234
0
120 235
0
121 236
0
121 237
0
122 238
0
122 239
0
123 240
0
123 241
0
123 242
0
124 243
0
124 244
0
125 245
0
125 246
0
126 247
0
126 248
0
127 249
0
127 250
0
128 251
0
128 252
0
128 253
0
129 254
0
129 255
0
130 256
0
130 257
0
131 258
0
131 259
0
132 260
0
132 261
0
133 262
0
133 263
0
133 264
0
134 265
0
134 266
0
135 267
0
135 268
0
136 269
0
136 270
0
137 271
0
137 272
0
138 273
0
138 274
0
138 275
0
139 276
0
139 277
0
140 278
0
140 279
0
141 280
0
141 281
0
142 282
0
142 283
0
143 284
0
143 285
0
144 286
0
144 287
0
144 288
0
145 289
0
145 290
0
146 291
0
146 292
0
147 293
0
147 294
0
148 295
0
148 296
0
149 297
0
149 298
0
149 299
0
150 300
0
150 301
0
151 302
0
151 303
0
152 304
0
152 305
0
153 306
0
153 307
0
154 308
0
154 309
0
154 310
0
155 311
0
155 312
0
156 313
0
156 314
0
157 315
0
157 316
0
158 317
0
158 318
0
159 319
0
159 320
0
159 321
0
160 322
0
160 323
0
161 324
0
161 325
0
162 326
0
162 327
0
163 328
0
163 329
0
164 330
0
164 331
0
164 332
0
165 333
0
165 334
0
166 335
0
166 336
0
167 337
0
167 338
0
168 339
0
168 340
0
169 341
0
169 342
0
169 343
0
170 344
0
170 345
0
171 346
0
171 347
0
172 348
0
172 349
0
173 350
0
173 351
0
174 352
0
174 353
0
174 354
0
175 355
0
175 356
0
176 357
0
176 358
0
177 359
0
177 360
0
178 361
0
178 362
0
178 363
0
179 364
1
80 80 3.38198
1
78.0773 79.6531 3.44388
1
76.1797 79.188 3.50578
1
74.3146 78.6063 3.56769
1
72.4889 77.9104 3.62959
1
70.8232 76.8894 3.56769
1
69.0442 76.0819 3.56769
1
66.1489 74.8113 3.59227
1
63.38 73.2869 3.69747
1
60.7865 71.4801 3.80268
1
58.397 69.4109 3.90788
1
56.2381 67.1023 4.01308
1
54.3335 64.5798 4.11828
1
52.7043 61.8712 4.22348
1
51.3686 59.0064 4.32869
1
50.3411 56.0173 4.43389
1
49.6331 52.9368 4.53909
1
49.2525 49.799 4.64429
1
49.2035 46.6385 4.7495
1
49.4867 43.4904 4.8547
1
50.0989 40.3894 4.9599
1
51.0333 37.3699 5.0651
1
52.2797 34.4652 5.17031
1
53.8241 31.7074 5.27551
1
55.6497 29.127 5.38071
1
57.736 26.7526 5.48591
1
60.0602 24.6105 5.59112
1
62.5965 22.7242 5.69632
1
65.3168 21.1146 5.80152
1
68.1912 19.7997 5.90672
1
71.1877 18.7938 6.01192
1
74.2732 18.1082 6.11713
1
77.4137 17.7503 6.22233
1
80.5744 17.7242 0.0443465
1
83.7204 18.0302 0.149549
1
86.8169 18.6648 0.254751
1
89.8296 19.6211 0.359953
1
92.7252 20.8884 0.465156
1
95.4717 22.4528 0.570358
1
98.0388 24.2969 0.675561
1
100.398 26.4005 0.780763
1
102.523 28.7401 0.885965
1
104.391 31.29 0.991168
1
105.981 34.0219 1.09637
1
107.275 36.9056 1.20157
1
108.259 39.9093 1.30677
1
108.923 42.9998 1.41198
1
109.258 46.1428 1.51718
1
109.261 49.3036 1.62238
1
108.932 52.4473 1.72758
1
108.275 55.5391 1.83279
1
107.446 58.5901 1.79396
1
106.91 61.705 1.68876
1
106.703 64.8591 1.58355
1
106.829 68.0174 1.47835
1
107.286 71.1451 1.37315
1
108.069 74.2074 1.26795
1
109.169 77.1706 1.16274
1
110.574 80.002 1.05754
1
111.533 81.704 1.05754
1
112.492 83.406 1.05754
1
113.452 85.108 1.05754
1
114.411 86.81 1.05754
1
115.37 88.512 1.05754
1
116.33 90.2141 1.05754
1
117.289 91.9161 1.05754
1
118.248 93.6181 1.05754
1
119.208 95.3201 1.05754
1
120.167 97.0221 1.05754
1
121.126 98.7241 1.05754
1
122.086 100.426 1.05754
1
123.045 102.128 1.05754
1
124.004 103.83 1.05754
1
124.964 105.532 1.05754
1
125.923 107.234 1.05754
1
126.882 108.936 1.05754
1
127.842 110.638 1.05754
1
128.801 112.34 1.05754
1
129.76 114.042 1.05754
1
130.72 115.744 1.05754
1
131.679 117.446 1.05754
1
132.638 119.148 1.05754
1
133.598 120.85 1.05754
1
134.557 122.552 1.05754
1
135.516 124.254 1.05754
1
136.475 125.956 1.05754
1
137.435 127.658 1.05754
1
138.394 129.36 1.05754
1
139.353 131.062 1.05754
1
140.313 132.764 1.05754
1
141.272 134.466 1.05754
1
142.231 136.168 1.05754
1
143.191 137.87 1.05754
1
144.15 139.572 1.05754
1
145.109 141.274 1.05754
1
146.069 142.976 1.05754
1
147.028 144.678 1.05754
1
147.987 146.38 1.05754
1
148.947 148.082 1.05754
1
150.009 149.722 1.11944
1
150.969 151.424 1.18135
1
151.821 153.182 1.24325
1
152.449 155.032 1.24325
1
153.078 156.882 1.24325
1
153.707 158.732 1.24325
1
154.335 160.581 1.24325
1
154.964 162.431 1.24325
1
155.592 164.281 1.24325
1
156.221 166.131 1.24325
1
156.849 167.981 1.24325
1
157.478 169.831 1.24325
1
158.107 171.681 1.24325
1
158.735 173.531 1.24325
1
159.364 175.381 1.24325
1
160.106 177.188 1.30515
1
160.734 179.038 1.36705
1
161.247 180.923 1.42895
1
161.642 182.836 1.49086
1
161.919 184.771 1.55276
1
162.075 186.718 1.61466
1
161.989 188.67 1.61466
1
161.903 190.622 1.61466
1
161.818 192.574 1.61466
1
161.732 194.526 1.61466
1
161.646 196.477 1.61466
1
161.561 198.429 1.61466
1
161.475 200.381 1.61466
1
161.389 202.333 1.61466
1
161.303 204.285 1.61466
1
161.218 206.237 1.61466
1
161.132 208.189 1.61466
1
161.046 210.141 1.61466
1
160.961 212.092 1.61466
1
160.875 214.044 1.61466
1
160.789 215.996 1.61466
1
160.704 217.948 1.61466
1
160.618 219.9 1.61466
1
160.532 221.852 1.61466
1
160.447 223.804 1.61466
1
160.361 225.756 1.61466
1
160.275 227.707 1.61466
1
160.19 229.659 1.61466
1
159.983 231.602 1.55276
1
160.019 233.556 1.55276
1
160.054 235.509 1.55276
1
160.089 237.462 1.55276
1
160.124 239.416 1.55276
1
160.16 241.369 1.55276
1
160.195 243.323 1.55276
1
160.23 245.276 1.55276
1
160.265 247.23 1.55276
1
160.301 249.183 1.55276
1
160.336 251.136 1.55276
1
160.371 253.09 1.55276
1
160.406 255.043 1.55276
1
160.441 256.997 1.55276
1
160.477 258.95 1.55276
1
160.512 260.904 1.55276
1
160.547 262.857 1.55276
1
160.582 264.81 1.55276
1
160.618 266.764 1.55276
1
160.653 268.717 1.55276
1
160.688 270.671 1.55276
1
160.723 272.624 1.55276
1
160.759 274.578 1.55276
1
160.794 276.531 1.55276
1
160.829 278.484 1.55276
1
160.985 280.432 1.61466
1
160.899 282.384 1.61466
1
160.814 284.336 1.61466
1
160.728 286.288 1.61466
1
160.642 288.24 1.61466
1
160.557 290.191 1.61466
1
160.471 292.143 1.61466
1
160.385 294.095 1.61466
1
160.3 296.047 1.61466
1
160.335 298 1.67656
1
160.009 299.927 1.61466
1
159.803 301.87 1.55276
1
159.717 303.822 1.49086
1
159.752 305.775 1.42895
1
159.908 307.722 1.36705
1
160.421 309.608 1.42895
1
160.816 311.521 1.49086
1
160.852 313.474 1.42895
1
161.008 315.422 1.36705
1
161.284 317.356 1.30515
1
161.679 319.269 1.24325
1
162.192 321.155 1.18135
1
162.821 323.005 1.11944
1
163.78 324.707 1.18135
1
165.132 327.564 1.07614
1
166.777 330.263 0.970942
1
168.696 332.774 0.865739
1
170.868 335.07 0.760537
1
173.269 337.126 0.655335
1
175.873 338.918 0.550132
1
178.651 340.426 0.44493
1
181.571 341.635 0.339727
1
184.603 342.53 0.234525
1
187.712 343.102 0.129323
1
190.863 343.344 0.025855
1
194.024 343.426 0.025855
1
197.186 343.508 0.025855
1
200.347 343.589 0.025855
1
203.508 343.671 0.025855
1
206.669 343.753 0.025855
1
209.829 343.865 0.0710535
1
212.966 344.255 0.176256
1
216.044 344.972 0.281458
1
219.03 346.009 0.386661
1
221.891 347.353 0.491863
1
224.595 348.99 0.597065
1
227.112 350.902 0.702268
1
229.414 353.068 0.80747
1
231.476 355.463 0.912672
1
233.275 358.062 1.01787
1
234.791 360.836 1.12308
1
236.008 363.753 1.22828
1
236.912 366.782 1.33348
1
237.492 369.889 1.43868
1
237.743 373.04 1.54389
1
237.662 376.199 1.64909
1
237.25 379.333 1.75429
1
236.51 382.406 1.85949
1
235.452 385.385 1.9647
1
234.087 388.236 2.0699
1
232.431 390.928 2.1751
1
230.5 393.431 2.2803
1
228.318 395.717 2.38551
1
225.908 397.762 2.49071
1
223.296 399.542 2.59591
1
220.512 401.038 2.70111
1
217.586 402.234 2.80631
1
214.55 403.115 2.91152
1
211.439 403.673 3.01672
1
208.286 403.902 3.12192
1
205.127 403.798 3.22712
1
201.997 403.362 3.33233
1
198.929 402.601 3.43753
1
195.958 401.521 3.54273
1
193.117 400.136 3.64793
1
190.437 398.46 3.75314
1
187.948 396.511 3.85834
1
185.678 394.312 3.96354
1
183.651 391.887 4.06874
1
181.889 389.263 4.17395
1
180.413 386.468 4.27915
1
179.239 383.533 4.38435
1
178.379 380.491 4.48955
1
177.844 377.376 4.59475
1
177.638 374.222 4.69996
1
177.765 371.064 4.80516
1
178.223 367.936 4.91036
1
179.007 364.874 5.01556
2
66.252 76.63
0 0 0.992785 -0.119905
3
41.7741 80.1124
46.1595 62.2221
90.73 73.1475
86.3445 91.0379
2
64.5641 75.4391
0 0 0.988599 -0.15057
3
39.9176 77.4006
45.4014 59.8158
89.2106 73.4776
83.7268 91.0624
2
62.9531 74.146
0 0 0.983466 -0.181091
3
38.2325 74.5791
44.7936 57.3672
87.6738 73.713
81.1126 90.9249
2
61.4252 72.7558
0 0 0.977391 -0.211439
3
36.7251 71.6588
44.3384 54.8858
86.1253 73.8529
78.512 90.6259
2
59.9862 71.2738
0 0 0.97038 -0.241584
3
35.4013 68.6508
44.0377 52.3809
84.5711 73.8967
75.9347 90.1666
2
57.9339 71.0389
0 0 0.977391 -0.211439
3
33.2338 69.9418
40.8471 53.1688
82.6339 72.1359
75.0206 88.909
2
56.1548 70.2314
0 0 0.977391 -0.211439
3
31.4547 69.1343
39.068 52.3613
80.8549 71.3284
73.2416 88.1014
2
53.4072 68.6458
0 0 0.974718 -0.223437
3
28.7416 66.9419
36.7649 50.3611
78.0729 70.3497
70.0496 86.9305
2
51.3562 65.8174
0 0 0.961623 -0.274375
3
27.0059 61.5328
36.7259 45.8862
75.7066 70.102
65.9865 85.7486
2
49.6135 62.7893
0 0 0.945867 -0.324555
3
25.8477 55.9714
37.1571 41.432
73.3793 69.6072
62.07 84.1466
2
48.1985 59.595
0 0 0.927494 -0.373837
3
25.28 50.3192
38.0536 37.0477
71.117 68.8708
58.3434 82.1422
2
47.1267 56.2697
0 0 0.906556 -0.422085
3
25.3089 44.6385
39.4055 32.7818
68.9444 67.9008
54.8478 79.7576
2
46.41 52.8502
0 0 0.883111 -0.469165
3
25.9342 38.9924
41.1979 28.6814
66.8857 66.7081
51.622 77.0191
2
46.0563 49.3744
0 0 0.857222 -0.514947
3
27.1489 33.4431
43.411 24.7919
64.9637 65.3058
48.7016 73.9569
2
46.0696 45.8807
0 0 0.828962 -0.559305
3
28.9397 28.052
46.0203 21.1563
63.1995 63.7095
46.1189 70.6051
2
46.4497 42.4077
0 0 0.798409 -0.602116
3
31.2866 22.8787
48.9969 17.8148
61.6127 61.9367
43.9024 67.0006
2
47.1923 38.9938
0 0 0.765647 -0.643261
3
34.1638 17.9806
52.3079 14.8044
60.2208 60.007
42.0767 63.1832
2
48.2894 35.6768
0 0 0.730767 -0.682627
3
37.5395 13.4116
55.9168 12.1583
59.0393 57.9419
40.6619 59.1953
2
49.7287 32.4933
0 0 0.693866 -0.720104
3
41.3763 9.22238
59.7836 9.90574
58.0811 55.7641
39.6738 55.0808
2
51.4943 29.4785
0 0 0.655046 -0.755589
3
45.6317 5.4592
63.8655 8.0717
57.3569 53.4978
39.1231 50.8853
2
53.5668 26.6658
0 0 0.614413 -0.788984
3
50.2588 2.16368
68.1175 6.67645
56.8747 51.1679
39.0161 46.6552
2
55.9231 24.0863
0 0 0.572081 -0.820197
3
55.2064 -0.627729
72.4924 5.7354
56.6399 48.8003
39.3538 42.4372
2
58.5373 21.7685
0 0 0.528166 -0.849141
3
60.4197 -2.88417
76.942 5.25895
56.6549 46.4212
40.1326 38.278
2
61.3804 19.738
0 0 0.482791 -0.875736
3
65.8412 -4.58069
81.417 5.25239
56.9197 44.0567
41.3439 34.2236
2
64.4211 18.0173
0 0 0.436079 -0.899908
3
71.4108 -5.69854
85.868 5.71578
57.4313 41.7331
42.9742 30.3188
2
67.6256 16.6254
0 0 0.388162 -0.921591
3
77.067 -6.22535
90.2457 6.64398
58.1841 39.4761
45.0055 26.6068
2
70.9585 15.5777
0 0 0.33917 -0.940725
3
82.7473 -6.15528
94.5017 8.02677
59.1698 37.3107
47.4154 23.1286
2
74.3831 14.8858
0 0 0.289241 -0.957256
3
88.3888 -5.48914
98.589 9.84882
60.3774 35.2607
50.1772 19.9227
2
77.8614 14.5573
0 0 0.238511 -0.97114
3
93.9292 -4.23427
102.462 12.09
61.7935 33.3488
53.2603 17.0245
2
81.3549 14.5958
0 0 0.187122 -0.982337
3
99.3072 -2.40454
106.079 14.7255
63.4026 31.5962
56.6308 14.4661
2
84.8251 15.001
0 0 0.135215 -0.990816
3
104.463 -0.0202097
109.399 17.7262
65.1869 30.0223
60.2513 12.2758
2
88.2335 15.7684
0 0 0.0829338 -0.996555
3
109.34 2.89237
112.385 21.059
67.1265 28.6444
64.0818 10.4778
2
91.5425 16.8894
0 0 0.0304232 -0.999537
3
113.885 6.30102
115.005 24.6869
69.2001 27.4779
68.0798 9.09196
2
94.7155 18.3517
0 0 0.0221714 0.999754
3
118.046 10.168
117.23 28.5699
71.3848 26.5355
72.2014 8.13361
2
97.7174 20.1392
0 0 0.0747047 0.997206
3
121.779 14.4506
119.034 32.665
73.6563 25.8277
76.4007 7.61334
2
100.515 22.2319
0 0 0.127031 0.991899
3
125.04 19.1014
120.399 36.9269
75.9896 25.3624
80.6315 7.53692
2
103.077 24.6069
0 0 0.179007 0.983848
3
127.796 24.0691
121.308 41.3086
78.3588 25.1447
84.8469 7.90519
2
105.376 27.2378
0 0 0.230487 0.973075
3
130.015 29.2986
121.752 45.7615
80.7378 25.177
89.0004 8.71408
2
107.386 30.0955
0 0 0.281329 0.959611
3
131.672 34.7322
121.726 50.2364
83.1003 25.4589
93.0459 9.95464
2
109.085 33.1486
0 0 0.331394 0.943493
3
132.749 40.3098
121.231 54.6839
85.4201 25.9873
96.9388 11.6132
2
110.453 36.3631
0 0 0.380541 0.924764
3
133.235 45.9697
120.271 59.0548
87.6716 26.7564
100.636 13.6713
2
111.477 39.7035
0 0 0.428636 0.903477
3
133.124 51.6493
118.857 63.3007
89.8299 27.7577
104.097 16.1063
2
112.144 43.133
0 0 0.475545 0.879691
3
132.417 57.2858
117.006 67.3747
91.8711 28.9801
107.282 18.8912
2
112.447 46.6135
0 0 0.521139 0.853472
3
131.122 62.817
114.737 71.2317
93.7727 30.4101
110.158 21.9953
2
112.384 50.1067
0 0 0.565291 0.824891
3
129.254 68.1816
112.075 74.8292
95.5135 32.0318
112.692 25.3842
2
111.953 53.5738
0 0 0.60788 0.794029
3
126.832 73.3203
109.05 78.1272
97.0745 33.8274
114.856 29.0204
2
111.161 56.9766
0 0 0.648786 0.760971
3
123.884 78.1763
105.696 81.0894
98.4383 35.777
116.626 32.8638
2
110.016 60.2774
0 0 0.687899 0.725807
3
120.443 82.6959
102.049 83.683
99.5898 37.859
117.983 36.8718
2
108.531 63.4398
0 0 0.725108 0.688635
3
116.546 86.8291
98.1501 85.8794
100.516 40.0504
118.912 41.0002
2
106.722 66.4286
0 0 0.760311 0.649559
3
112.236 90.5303
94.0421 87.6541
101.208 42.327
119.402 45.2032
2
104.609 69.211
0 0 0.793411 0.608686
3
107.562 93.7585
89.7704 88.9877
101.656 44.6636
119.447 49.4344
2
104.313 72.3941
0 0 0.781446 0.623973
3
108.217 96.8084
90.2538 92.7318
100.41 47.9797
118.373 52.0564
2
105.244 75.7617
0 0 0.747558 0.664196
3
111.689 99.6311
93.3975 97.4633
98.7981 51.8922
117.09 54.06
2
106.523 79.013
0 0 0.711603 0.702582
3
115.439 102.074
97.0207 101.839
97.6061 55.9523
116.025 56.1873
2
108.136 82.112
0 0 0.673679 0.739024
3
119.425 104.109
101.083 105.809
96.847 60.1152
115.188 58.4147
2
110.066 85.0245
0 0 0.633892 0.773422
3
123.602 105.714
105.54 109.331
96.5293 64.3347
114.591 60.7177
2
112.29 87.7182
0 0 0.592351 0.80568
3
127.924 106.872
110.343 112.366
96.6564 68.5642
114.238 63.0706
2
114.786 90.1635
0 0 0.549171 0.83571
3
132.345 107.57
115.437 114.879
97.2269 72.7571
114.135 65.4476
2
117.524 92.3331
0 0 0.504473 0.863428
3
136.814 107.799
120.767 116.844
98.2345 76.8668
114.281 67.8223
2
118.483 94.0351
0 0 0.504473 0.863428
3
137.773 109.501
121.727 118.546
99.1938 78.5688
115.24 69.5243
2
119.443 95.7372
0 0 0.504473 0.863428
3
138.732 111.203
122.686 120.248
100.153 80.2708
116.2 71.2263
2
120.402 97.4392
0 0 0.504473 0.863428
3
139.692 112.905
123.645 121.95
101.112 81.9728
117.159 72.9284
2
121.361 99.1412
0 0 0.504473 0.863428
3
140.651 114.608
124.604 123.652
102.072 83.6749
118.118 74.6304
2
122.321 100.843
0 0 0.504473 0.863428
3
141.61 116.31
125.564 125.354
103.031 85.3769
119.078 76.3324
2
123.28 102.545
0 0 0.504473 0.863428
3
142.57 118.012
126.523 127.056
103.99 87.0789
120.037 78.0344
2
124.239 104.247
0 0 0.504473 0.863428
3
143.529 119.714
127.482 128.758
104.95 88.7809
120.996 79.7364
2
125.199 105.949
0 0 0.504473 0.863428
3
144.488 121.416
128.442 130.46
105.909 90.4829
121.956 81.4384
2
126.158 107.651
0 0 0.504473 0.863428
3
145.448 123.118
129.401 132.162
106.868 92.1849
122.915 83.1404
2
127.117 109.353
0 0 0.504473 0.863428
3
146.407 124.82
130.36 133.864
107.828 93.8869
123.874 84.8424
2
128.077 111.055
0 0 0.504473 0.863428
3
147.366 126.522
131.32 135.566
108.787 95.5889
124.834 86.5444
2
129.036 112.757
0 0 0.504473 0.863428
3
148.326 128.224
132.279 137.268
109.746 97.2909
125.793 88.2465
2
129.995 114.459
0 0 0.504473 0.863428
3
149.285 129.926
133.238 138.97
110.706 98.993
126.752 89.9485
2
130.955 116.161
0 0 0.504473 0.863428
3
150.244 131.628
134.198 140.672
111.665 100.695
127.712 91.6505
2
131.914 117.863
0 0 0.504473 0.863428
3
151.204 133.33
135.157 142.374
112.624 102.397
128.671 93.3525
2
132.873 119.565
0 0 0.504473 0.863428
3
152.163 135.032
136.116 144.076
113.584 104.099
129.63 95.0545
2
133.833 121.267
0 0 0.504473 0.863428
3
153.122 136.734
137.076 145.778
114.543 105.801
130.59 96.7565
2
134.792 122.969
0 0 0.504473 0.863428
3
154.082 138.436
138.035 147.48
115.502 107.503
131.549 98.4585
2
135.751 124.671
0 0 0.504473 0.863428
3
155.041 140.138
138.994 149.182
116.462 109.205
132.508 100.161
2
136.711 126.373
0 0 0.504473 0.863428
3
156 141.84
139.954 150.884
117.421 110.907
133.468 101.863
2
137.67 128.075
0 0 0.504473 0.863428
3
156.96 143.542
140.913 152.586
118.38 112.609
134.427 103.565
2
138.629 129.777
0 0 0.504473 0.863428
3
157.919 145.244
141.872 154.288
119.34 114.311
135.386 105.267
2
139.589 131.479
0 0 0.504473 0.863428
3
158.878 146.946
142.832 155.99
120.299 116.013
136.345 106.969
2
140.548 133.181
0 0 0.504473 0.863428
3
159.837 148.648
143.791 157.692
121.258 117.715
137.305 108.671
2
141.507 134.883
0 0 0.504473 0.863428
3
160.797 150.35
144.75 159.394
122.218 119.417
138.264 110.373
2
142.466 136.585
0 0 0.504473 0.863428
3
161.756 152.052
145.709 161.096
123.177 121.119
139.223 112.075
2
143.426 138.287
0 0 0.504473 0.863428
3
162.715 153.754
146.669 162.798
124.136 122.821
140.183 113.777
2
144.385 139.989
0 0 0.504473 0.863428
3
163.675 155.456
147.628 164.5
125.095 124.523
141.142 115.479
2
145.344 141.691
0 0 0.504473 0.863428
3
164.634 157.158
148.587 166.202
126.055 126.225
142.101 117.181
2
146.304 143.393
0 0 0.504473 0.863428
3
165.593 158.86
149.547 167.904
127.014 127.927
143.061 118.883
2
147.263 145.095
0 0 0.504473 0.863428
3
166.553 160.562
150.506 169.606
127.973 129.629
144.02 120.585
2
148.222 146.798
0 0 0.504473 0.863428
3
167.512 162.264
151.465 171.308
128.933 131.331
144.979 122.287
2
149.182 148.5
0 0 0.504473 0.863428
3
168.471 163.966
152.425 173.01
129.892 133.033
145.939 123.989
2
150.141 150.202
0 0 0.504473 0.863428
3
169.431 165.668
153.384 174.712
130.851 134.735
146.898 125.691
2
151.1 151.904
0 0 0.504473 0.863428
3
170.39 167.37
154.343 176.414
131.811 136.437
147.857 127.393
2
152.06 153.606
0 0 0.504473 0.863428
3
171.349 169.072
155.303 178.116
132.77 138.139
148.817 129.095
2
153.019 155.308
0 0 0.504473 0.863428
3
172.309 170.774
156.262 179.818
133.729 139.841
149.776 130.797
2
153.978 157.01
0 0 0.504473 0.863428
3
173.268 172.476
157.221 181.52
134.689 141.543
150.735 132.499
2
154.938 158.712
0 0 0.504473 0.863428
3
174.227 174.178
158.181 183.222
135.648 143.245
151.695 134.201
2
155.897 160.414
0 0 0.504473 0.863428
3
175.187 175.88
159.14 184.924
136.607 144.947
152.654 135.903
2
156.184 162.459
0 0 0.530951 0.847403
3
174.479 179.089
157.904 187.124
137.888 145.829
154.463 137.795
2
156.343 164.519
0 0 0.55692 0.830566
3
173.575 182.249
156.535 189.243
139.111 146.789
156.152 139.795
2
156.375 166.584
0 0 0.582356 0.812934
3
172.477 185.346
155.036 191.273
140.273 147.822
157.713 141.896
2
157.003 168.434
0 0 0.582356 0.812934
3
173.106 187.196
155.665 193.122
140.901 149.672
158.342 143.746
2
157.632 170.284
0 0 0.582356 0.812934
3
173.734 189.046
156.294 194.972
141.53 151.522
158.97 145.596
2
158.261 172.134
0 0 0.582356 0.812934
3
174.363 190.896
156.922 196.822
142.158 153.372
159.599 147.446
2
158.889 173.984
0 0 0.582356 0.812934
3
174.991 192.746
157.551 198.672
142.787 155.222
160.228 149.296
2
159.518 175.834
0 0 0.582356 0.812934
3
175.62 194.596
158.179 200.522
143.415 157.072
160.856 151.146
2
160.146 177.684
0 0 0.582356 0.812934
3
176.249 196.446
158.808 202.372
144.044 158.922
161.485 152.996
2
160.775 179.534
0 0 0.582356 0.812934
3
176.877 198.296
159.436 204.222
144.673 160.772
162.113 154.845
2
161.403 181.383
0 0 0.582356 0.812934
3
177.506 200.146
160.065 206.072
145.301 162.621
162.742 156.695
2
162.032 183.233
0 0 0.582356 0.812934
3
178.134 201.995
160.694 207.922
145.93 164.471
163.37 158.545
2
162.661 185.083
0 0 0.582356 0.812934
3
178.763 203.845
161.322 209.771
146.558 166.321
163.999 160.395
2
163.289 186.933
0 0 0.582356 0.812934
3
179.391 205.695
161.951 211.621
147.187 168.171
164.628 162.245
2
163.918 188.783
0 0 0.582356 0.812934
3
180.02 207.545
162.579 213.471
147.815 170.021
165.256 164.095
2
163.822 190.847
0 0 0.607234 0.794523
3
178.732 210.569
160.959 215.405
148.911 171.124
166.685 166.288
2
163.598 192.9
0 0 0.631531 0.775351
3
177.26 213.507
159.221 217.234
149.936 172.293
167.975 168.566
2
163.248 194.936
0 0 0.655223 0.755436
3
175.609 216.349
157.374 218.953
150.887 173.523
169.122 170.919
2
162.773 196.946
0 0 0.678287 0.734797
3
173.786 219.083
155.424 220.553
151.76 174.81
170.121 173.339
2
162.174 198.923
0 0 0.700701 0.713455
3
171.796 221.698
153.379 222.031
152.552 176.148
170.969 175.816
2
161.454 200.859
0 0 0.722444 0.69143
3
169.649 224.186
151.247 223.379
153.259 177.533
171.661 178.34
2
161.368 202.811
0 0 0.722444 0.69143
3
169.563 226.138
151.161 225.33
153.173 179.485
171.576 180.292
2
161.283 204.763
0 0 0.722444 0.69143
3
169.478 228.09
151.075 227.282
153.088 181.436
171.49 182.244
2
161.197 206.715
0 0 0.722444 0.69143
3
169.392 230.042
150.99 229.234
153.002 183.388
171.404 184.196
2
161.111 208.667
0 0 0.722444 0.69143
3
169.306 231.994
150.904 231.186
152.916 185.34
171.318 186.148
2
161.026 210.619
0 0 0.722444 0.69143
3
169.221 233.946
150.818 233.138
152.831 187.292
171.233 188.1
2
160.94 212.571
0 0 0.722444 0.69143
3
169.135 235.898
150.733 235.09
152.745 189.244
171.147 190.052
2
160.854 214.523
0 0 0.722444 0.69143
3
169.049 237.849
150.647 237.042
152.659 191.196
171.061 192.004
2
160.768 216.474
0 0 0.722444 0.69143
3
168.963 239.801
150.561 238.994
152.573 193.148
170.976 193.955
2
160.683 218.426
0 0 0.722444 0.69143
3
168.878 241.753
150.476 240.945
152.488 195.1
170.89 195.907
2
160.597 220.378
0 0 0.722444 0.69143
3
168.792 243.705
150.39 242.897
152.402 197.051
170.804 197.859
2
160.511 222.33
0 0 0.722444 0.69143
3
168.706 245.657
150.304 244.849
152.316 199.003
170.719 199.811
2
160.426 224.282
0 0 0.722444 0.69143
3
168.621 247.609
150.218 246.801
152.231 200.955
170.633 201.763
2
160.34 226.234
0 0 0.722444 0.69143
3
168.535 249.561
150.133 248.753
152.145 202.907
170.547 203.715
2
160.254 228.186
0 0 0.722444 0.69143
3
168.449 251.513
150.047 250.705
152.059 204.859
170.462 205.667
2
160.169 230.138
0 0 0.722444 0.69143
3
168.364 253.464
149.961 252.657
151.974 206.811
170.376 207.619
2
160.083 232.089
0 0 0.722444 0.69143
3
168.278 255.416
149.876 254.609
151.888 208.763
170.29 209.57
2
159.997 234.041
0 0 0.722444 0.69143
3
168.192 257.368
149.79 256.56
151.802 210.715
170.205 211.522
2
159.912 235.993
0 0 0.722444 0.69143
3
168.107 259.32
149.704 258.512
151.717 212.666
170.119 213.474
2
159.826 237.945
0 0 0.722444 0.69143
3
168.021 261.272
149.619 260.464
151.631 214.618
170.033 215.426
2
159.74 239.897
0 0 0.722444 0.69143
3
167.935 263.224
149.533 262.416
151.545 216.57
169.948 217.378
2
159.655 241.849
0 0 0.722444 0.69143
3
167.85 265.176
149.447 264.368
151.46 218.522
169.862 219.33
2
159.569 243.801
0 0 0.722444 0.69143
3
167.764 267.128
149.362 266.32
151.374 220.474
169.776 221.282
2
160.239 245.755
0 0 0.700701 0.713455
3
169.861 268.53
151.444 268.862
150.616 222.98
169.033 222.647
2
160.274 247.708
0 0 0.700701 0.713455
3
169.896 270.483
151.479 270.816
150.652 224.933
169.069 224.601
2
160.309 249.662
0 0 0.700701 0.713455
3
169.932 272.437
151.515 272.769
150.687 226.887
169.104 226.554
2
160.344 251.615
0 0 0.700701 0.713455
3
169.967 274.39
151.55 274.723
150.722 228.84
169.139 228.508
2
160.38 253.569
0 0 0.700701 0.713455
3
170.002 276.344
151.585 276.676
150.757 230.793
169.174 230.461
2
160.415 255.522
0 0 0.700701 0.713455
3
170.037 278.297
151.62 278.629
150.793 232.747
169.21 232.415
2
160.45 257.475
0 0 0.700701 0.713455
3
170.072 280.251
151.655 280.583
150.828 234.7
169.245 234.368
2
160.485 259.429
0 0 0.700701 0.713455
3
170.108 282.204
151.691 282.536
150.863 236.654
169.28 236.321
2
160.521 261.382
0 0 0.700701 0.713455
3
170.143 284.157
151.726 284.49
150.898 238.607
169.315 238.275
2
160.556 263.336
0 0 0.700701 0.713455
3
170.178 286.111
151.761 286.443
150.933 240.561
169.35 240.228
2
160.591 265.289
0 0 0.700701 0.713455
3
170.213 288.064
151.796 288.397
150.969 242.514
169.386 242.182
2
160.626 267.243
0 0 0.700701 0.713455
3
170.249 290.018
151.832 290.35
151.004 244.467
169.421 244.135
2
160.662 269.196
0 0 0.700701 0.713455
3
170.284 291.971
151.867 292.303
151.039 246.421
169.456 246.089
2
160.697 271.149
0 0 0.700701 0.713455
3
170.319 293.925
151.902 294.257
151.074 248.374
169.491 248.042
2
160.732 273.103
0 0 0.700701 0.713455
3
170.354 295.878
151.937 296.21
151.11 250.328
169.527 249.996
2
160.767 275.056
0 0 0.700701 0.713455
3
170.39 297.831
151.973 298.164
151.145 252.281
169.562 251.949
2
160.802 277.01
0 0 0.700701 0.713455
3
170.425 299.785
152.008 300.117
151.18 254.235
169.597 253.902
2
160.838 278.963
0 0 0.700701 0.713455
3
170.46 301.738
152.043 302.071
151.215 256.188
169.632 255.856
2
160.873 280.917
0 0 0.700701 0.713455
3
170.495 303.692
152.078 304.024
151.251 258.141
169.668 257.809
2
160.908 282.87
0 0 0.700701 0.713455
3
170.531 305.645
152.114 305.977
151.286 260.095
169.703 259.763
2
160.943 284.823
0 0 0.700701 0.713455
3
170.566 307.599
152.149 307.931
151.321 262.048
169.738 261.716
2
160.979 286.777
0 0 0.700701 0.713455
3
170.601 309.552
152.184 309.884
151.356 264.002
169.773 263.67
2
161.014 288.73
0 0 0.700701 0.713455
3
170.636 311.505
152.219 311.838
151.391 265.955
169.809 265.623
2
161.049 290.684
0 0 0.700701 0.713455
3
170.671 313.459
152.254 313.791
151.427 267.909
169.844 267.576
2
161.084 292.637
0 0 0.700701 0.713455
3
170.707 315.412
152.29 315.745
151.462 269.862
169.879 269.53
2
160.364 294.573
0 0 0.722444 0.69143
3
168.559 317.9
150.157 317.092
152.169 271.247
170.572 272.054
2
160.279 296.525
0 0 0.722444 0.69143
3
168.474 319.852
150.071 319.044
152.084 273.198
170.486 274.006
2
160.193 298.477
0 0 0.722444 0.69143
3
168.388 321.804
149.986 320.996
151.998 275.15
170.4 275.958
2
160.107 300.429
0 0 0.722444 0.69143
3
168.302 323.756
149.9 322.948
151.912 277.102
170.315 277.91
2
160.022 302.381
0 0 0.722444 0.69143
3
168.217 325.708
149.814 324.9
151.827 279.054
170.229 279.862
2
159.936 304.333
0 0 0.722444 0.69143
3
168.131 327.66
149.729 326.852
151.741 281.006
170.143 281.814
2
159.85 306.285
0 0 0.722444 0.69143
3
168.045 329.611
149.643 328.804
151.655 282.958
170.058 283.766
2
159.765 308.237
0 0 0.722444 0.69143
3
167.96 331.563
149.557 330.756
151.57 284.91
169.972 285.717
2
159.679 310.188
0 0 0.722444 0.69143
3
167.874 333.515
149.472 332.707
151.484 286.862
169.886 287.669
2
158.84 312.076
0 0 0.743495 0.668742
3
165.577 335.865
147.26 333.921
152.104 288.287
170.421 290.232
2
159.388 314.068
0 0 0.722444 0.69143
3
167.583 337.395
149.181 336.587
151.193 290.741
169.595 291.549
2
160.058 316.022
0 0 0.700701 0.713455
3
169.68 338.797
151.263 339.13
150.435 293.247
168.852 292.915
2
160.847 317.931
0 0 0.678287 0.734797
3
171.86 340.068
153.499 341.538
149.834 295.795
168.196 294.324
2
161.753 319.788
0 0 0.655223 0.755436
3
174.114 341.2
155.879 343.804
149.392 298.375
167.627 295.771
2
162.772 321.585
0 0 0.631531 0.775351
3
176.434 342.192
158.395 345.919
149.11 300.978
167.149 297.251
2
162.422 323.621
0 0 0.655223 0.755436
3
174.783 345.033
156.548 347.637
150.061 302.208
168.296 299.604
2
161.947 325.631
0 0 0.678287 0.734797
3
172.96 347.767
154.598 349.238
150.934 303.495
169.295 302.024
2
162.853 327.487
0 0 0.655223 0.755436
3
175.214 348.9
156.979 351.504
150.491 306.075
168.726 303.471
2
163.872 329.284
0 0 0.631531 0.775351
3
177.534 349.891
159.495 353.618
150.21 308.677
168.249 304.95
2
165 331.015
0 0 0.607234 0.794523
3
179.911 350.737
162.137 355.573
150.089 311.292
167.863 306.456
2
166.233 332.672
0 0 0.582356 0.812934
3
182.335 351.434
164.895 357.36
150.131 313.91
167.572 307.984
2
167.566 334.25
0 0 0.55692 0.830566
3
184.799 351.98
167.758 358.973
150.334 316.52
167.375 309.526
2
168.995 335.742
0 0 0.530951 0.847403
3
187.291 352.372
170.715 360.406
150.699 319.112
167.274 311.078
2
169.154 337.802
0 0 0.55692 0.830566
3
186.386 355.532
169.346 362.525
151.922 320.072
168.963 313.078
2
171.852 340.022
0 0 0.512481 0.858698
3
190.85 355.844
174.638 364.589
152.853 324.199
169.065 315.455
2
174.768 341.947
0 0 0.466625 0.884455
3
195.323 355.686
180.119 366.085
154.213 328.207
169.417 317.808
2
177.869 343.554
0 0 0.419477 0.907766
3
199.754 355.06
185.725 366.998
155.985 332.049
170.013 320.111
2
181.123 344.828
0 0 0.37117 0.928565
3
204.094 353.972
191.397 367.316
158.151 335.684
170.849 322.339
2
184.492 345.752
0 0 0.321835 0.946796
3
208.297 352.433
197.071 367.038
160.687 339.071
171.913 324.467
2
187.94 346.318
0 0 0.271611 0.962407
3
212.314 350.462
202.684 366.165
163.565 342.173
173.195 326.471
2
191.428 346.518
0 0 0.220634 0.975357
3
216.103 348.081
208.175 364.707
166.753 344.956
174.681 328.33
2
194.917 346.352
0 0 0.169048 0.985608
3
219.62 345.314
213.482 362.681
170.215 347.389
176.353 330.022
2
198.37 345.819
0 0 0.116994 0.993133
3
222.828 342.193
218.547 360.109
173.913 349.445
178.194 331.529
2
201.748 344.927
0 0 0.0646164 0.99791
3
225.69 338.753
223.314 357.019
177.807 351.101
180.183 332.835
2
205.013 343.71
0 0 0.0129272 0.999916
3
228.189 335.096
227.713 353.51
181.838 352.324
182.314 333.91
2
208.175 343.792
0 0 0.0129272 0.999916
3
231.35 335.178
230.874 353.592
184.999 352.405
185.475 333.992
2
211.336 343.874
0 0 0.0129272 0.999916
3
234.511 335.26
234.035 353.674
188.16 352.487
188.637 334.073
2
214.497 343.955
0 0 0.0129272 0.999916
3
237.672 335.341
237.196 353.755
191.322 352.569
191.798 334.155
2
217.658 344.037
0 0 0.0129272 0.999916
3
240.834 335.423
240.357 353.837
194.483 352.651
194.959 334.237
2
220.819 344.119
0 0 0.0129272 0.999916
3
243.995 335.505
243.519 353.919
197.644 352.732
198.12 334.319
2
223.948 344.87
0 0 0.0355193 0.999369
3
247.489 337.312
246.182 355.686
200.407 352.428
201.715 334.054
2
226.902 346.737
0 0 0.0880139 0.996119
3
251.106 341.693
247.876 359.828
202.697 351.781
205.927 333.647
2
229.642 348.904
0 0 0.140265 0.990114
3
254.243 346.429
249.126 364.125
205.042 351.378
210.158 333.683
2
232.14 351.346
0 0 0.192128 0.98137
3
256.864 351.469
249.918 368.529
207.416 351.224
214.362 334.164
2
234.368 354.038
0 0 0.24346 0.969911
3
258.943 356.756
250.243 372.992
209.793 351.32
218.493 335.083
2
236.301 356.948
0 0 0.294118 0.955769
3
260.454 362.232
250.098 377.465
212.148 351.665
222.504 336.431
2
237.917 360.045
0 0 0.343963 0.938983
3
261.382 367.836
249.484 381.897
214.452 352.255
226.351 338.193
2
239.2 363.295
0 0 0.392856 0.9196
3
261.717 373.507
248.408 386.241
216.683 353.084
229.992 340.349
2
240.134 366.662
0 0 0.440662 0.897673
3
261.454 379.181
246.881 390.448
218.813 354.142
233.386 342.876
2
240.709 370.108
0 0 0.48725 0.873263
3
260.597 384.797
244.922 394.471
220.821 355.419
236.497 345.745
2
240.919 373.595
0 0 0.532489 0.846437
3
259.155 390.292
242.55 398.266
222.684 356.899
239.288 348.925
2
240.762 377.086
0 0 0.576256 0.81727
3
257.143 395.604
239.793 401.791
224.381 358.567
241.731 352.38
2
240.239 380.54
0 0 0.618428 0.785841
3
254.586 400.677
236.682 405.007
225.893 360.403
243.797 356.073
2
239.357 383.92
0 0 0.65889 0.752239
3
251.509 405.452
233.25 407.879
227.205 362.389
245.464 359.962
2
238.124 387.189
0 0 0.697529 0.716557
3
247.948 409.878
229.535 410.374
228.3 364.501
246.713 364.005
2
236.555 390.311
0 0 0.734239 0.678892
3
243.942 413.906
225.579 412.465
229.168 366.716
247.531 368.157
2
234.667 393.251
0 0 0.768917 0.639349
3
239.535 417.491
221.425 414.13
229.798 369.01
247.909 372.371
2
232.48 395.975
0 0 0.801469 0.598037
3
234.777 420.593
217.119 415.349
230.184 371.358
247.842 376.602
2
230.02 398.456
0 0 0.831803 0.555071
3
229.718 423.178
212.709 416.109
230.321 373.733
247.33 380.803
2
227.312 400.664
0 0 0.859836 0.51057
3
224.416 425.218
208.243 416.402
230.208 376.11
246.381 384.926
2
224.388 402.576
0 0 0.885491 0.464656
3
218.93 426.69
203.772 416.224
229.846 378.461
245.004 388.927
2
221.279 404.17
0 0 0.908697 0.417457
3
213.319 427.578
199.344 415.578
229.239 380.762
243.214 392.762
2
218.02 405.429
0 0 0.929388 0.369103
3
207.646 427.871
195.008 414.47
228.394 382.986
241.032 396.387
2
214.647 406.338
0 0 0.947509 0.319728
3
201.973 427.567
190.813 412.913
227.32 385.109
238.481 399.763
2
211.197 406.888
0 0 0.963009 0.269469
3
196.364 426.669
186.804 410.925
226.029 387.108
235.589 402.852
2
207.708 407.073
0 0 0.975845 0.218464
3
190.88 425.188
183.026 408.526
224.536 388.959
232.389 405.621
2
204.219 406.891
0 0 0.985981 0.166855
3
185.582 423.138
179.521 405.744
222.856 390.644
228.916 408.039
2
200.768 406.343
0 0 0.99339 0.114784
3
180.528 420.543
176.327 402.609
221.008 392.143
225.209 410.078
2
197.394 405.436
0 0 0.998051 0.062396
3
175.775 417.432
173.481 399.156
219.013 393.44
221.308 411.717
2
194.134 404.18
0 0 0.999952 0.00983528
3
171.375 413.84
171.012 395.423
216.894 394.52
217.256 412.937
2
191.024 402.588
0 0 0.999086 -0.0427527
3
167.376 409.804
168.95 391.452
214.672 395.372
213.098 413.725
2
188.098 400.679
0 0 0.995456 -0.0952224
3
163.823 405.372
167.315 387.286
212.373 395.986
208.881 414.072
2
185.389 398.473
0 0 0.989073 -0.147429
3
160.756 400.591
166.128 382.971
210.023 396.355
204.651 413.974
2
182.927 395.994
0 0 0.979953 -0.199227
3
158.207 395.514
165.399 378.556
207.647 396.475
200.454 413.432
2
180.738 393.271
0 0 0.968123 -0.250475
3
156.206 390.197
165.139 374.089
205.271 396.344
196.338 412.453
2
178.848 390.333
0 0 0.953615 -0.301029
3
154.773 384.7
165.349 369.619
202.922 395.965
192.346 411.047
2
177.276 387.212
0 0 0.936469 -0.350751
3
153.927 379.083
166.027 365.195
200.626 395.342
188.525 409.23
2
176.041 383.944
0 0 0.916732 -0.399502
3
153.674 373.408
167.166 360.868
198.408 394.481
184.916 407.021
2
175.156 380.565
0 0 0.89446 -0.447149
3
154.019 367.738
168.753 356.683
196.293 393.391
181.558 404.446
2
174.631 377.11
0 0 0.869713 -0.493558
3
154.958 362.135
170.771 352.689
194.304 392.086
178.49 401.532
2
174.471 373.62
0 0 0.84256 -0.538602
3
156.479 356.662
173.197 348.929
192.463 390.579
175.744 398.312
2
174.678 370.133
0 0 0.813077 -0.582157
3
158.567 351.379
176.005 345.444
190.79 388.887
173.352 394.822
2
175.251 366.686
0 0 0.781344 -0.624101
3
161.198 346.344
179.163 342.273
189.304 387.029
171.34 391.099
2
176.183 363.319
0 0 0.74745 -0.664318
3
164.343 341.614
182.636 339.452
188.022 385.025
169.729 387.186
2
177.463 360.068
0 0 0.711488 -0.702698
3
167.968 337.239
186.387 337.01
186.957 382.897
168.538 383.126
2
179.077 356.97
0 0 0.673559 -0.739134
3
172.032 333.27
190.373 334.977
186.122 380.669
167.781 378.963
2
181.007 354.058
0 0 0.633766 -0.773525
3
176.49 329.75
194.55 333.372
185.525 378.366
167.464 374.743
2
183.233 351.365
0 0 0.59222 -0.805777
3
181.293 326.717
198.873 332.216
185.173 376.013
167.593 370.514
