0
68 184
0
69 183
0
70 182
0
71 181
0
72 180
0
73 179
0
74 178
0
75 177
0
76 176
0
77 175
0
78 174
0
79 173
0
80 172
0
81 171
0
82 170
0
83 169
0
84 168
0
85 167
0
86 166
0
87 165
0
88 164
0
89 163
0
90 162
0
91 161
0
92 160
0
93 159
0
94 158
0
95 157
0
95 156
0
95 155
0
95 154
0
95 153
0
95 152
0
95 151
0
95 150
0
95 149
0
95 148
0
95 147
0
95 146
0
95 145
0
95 144
0
95 143
0
95 142
0
95 141
0
95 140
0
95 139
0
95 138
0
95 137
0
95 136
0
95 135
0
95 134
0
95 133
0
95 132
0
95 131
0
95 130
0
95 129
0
95 128
0
95 127
0
95 126
0
95 125
0
95 124
0
95 123
0
95 122
0
95 121
0
95 120
0
95 119
0
95 118
0
95 117
0
95 116
0
95 115
0
95 114
0
95 113
0
95 112
0
95 111
0
95 110
0
95 109
0
95 108
0
95 107
0
95 106
0
95 105
0
95 104
0
95 103
0
95 102
0
95 101
0
95 100
0
95 99
0
95 98
0
95 97
0
95 96
0
95 95
0
95 94
0
95 93
0
95 92
0
95 91
0
95 90
0
95 89
0
95 88
0
95 87
0
95 86
0
96 85
0
96 84
0
96 83
0
96 82
0
96 81
0
97 80
0
97 79
0
98 78
0
99 77
0
100 76
0
101 75
0
102 75
0
103 74
0
104 74
0
105 73
0
106 73
0
107 73
0
108 73
0
109 73
0
110 73
0
111 73
0
112 73
0
113 73
0
114 73
0
115 73
0
116 73
0
117 73
0
118 73
0
119 73
0
120 73
0
121 73
0
122 73
0
123 73
0
124 73
0
125 73
0
126 73
0
127 73
0
128 73
0
129 73
0
130 73
0
131 73
0
132 73
0
133 73
0
134 73
0
135 73
0
136 73
0
137 73
0
138 73
0
139 73
0
140 73
0
141 73
0
142 73
0
143 73
0
144 73
0
145 73
0
146 73
0
147 73
0
148 73
0
149 73
0
150 73
0
151 73
0
152 73
0
153 73
0
154 73
0
155 73
0
156 73
0
157 73
0
158 73
0
159 73
0
160 73
0
161 73
0
162 73
0
163 73
0
164 73
0
165 73
0
166 73
0
167 73
0
168 73
0
169 73
0
170 73
0
171 73
0
172 73
0
173 73
0
174 73
0
175 73
0
176 73
0
177 73
0
178 73
0
179 73
0
180 73
0
181 73
0
182 73
0
183 73
0
184 73
0
185 73
0
186 73
0
187 73
0
188 73
0
189 73
0
190 73
0
191 73
0
192 73
0
193 73
0
194 73
0
195 73
0
196 73
0
197 73
0
198 73
0
199 73
0
200 73
0
201 73
0
202 73
0
203 73
0
204 73
0
205 73
0
206 73
0
207 73
0
208 73
0
209 73
0
210 73
0
211 73
0
212 74
0
213 74
0
214 75
0
215 75
0
216 76
0
217 77
0
218 78
0
218 79
0
219 80
0
220 81
0
220 82
0
220 83
0
220 84
0
220 85
0
220 86
0
220 87
0
220 88
0
220 89
0
220 90
0
221 91
0
221 92
0
221 93
0
221 94
0
221 95
0
221 96
0
221 97
0
221 98
0
221 99
0
221 100
0
221 101
0
221 102
0
221 103
0
221 104
0
221 105
0
221 106
0
221 107
0
221 108
0
221 109
0
221 110
0
221 111
0
221 112
0
221 113
0
221 114
0
221 115
0
221 116
0
221 117
0
221 118
0
221 119
0
221 120
0
221 121
0
221 122
0
221 123
0
221 124
0
221 125
0
220 126
0
220 127
0
220 128
0
220 129
0
220 130
0
220 131
0
220 132
0
220 133
0
220 134
0
220 135
0
220 136
0
219 137
0
218 138
0
218 139
0
217 140
0
216 141
0
215 141
0
214 142
0
213 143
0
212 143
0
211 143
0
210 144
0
209 144
0
208 144
0
207 144
0
206 144
0
205 144
0
204 144
0
203 144
0
202 144
0
201 144
0
200 144
0
199 144
0
198 144
0
197 144
0
196 144
0
195 144
0
194 144
0
193 144
0
192 144
0
191 144
0
190 144
0
189 144
0
188 144
0
187 144
0
186 144
0
185 144
0
184 144
0
183 144
0
182 144
0
181 144
0
180 144
0
179 144
0
178 144
0
177 144
0
176 144
0
175 144
0
174 145
0
173 145
1
68 184 4.71
1
68.1255 185.95 4.7719
1
68.1302 187.903 4.8338
1
68.014 189.854 4.89571
1
67.7774 191.793 4.95761
1
68.1335 189.872 5.01951
1
68.6078 187.977 5.08141
1
69.1985 186.114 5.14331
1
70.0146 184.339 5.14331
1
70.8307 182.564 5.14331
1
71.6468 180.789 5.14331
1
72.3515 178.967 5.20522
1
73.1676 177.192 5.26712
1
74.0919 175.47 5.32902
1
75.3182 173.949 5.26712
1
76.4481 172.356 5.20522
1
77.4771 170.695 5.14331
1
78.4015 168.974 5.08141
1
79.2176 167.198 5.01951
1
79.9223 165.376 4.95761
1
80.513 163.514 4.89571
1
80.9873 161.619 4.8338
1
81.3434 159.697 4.7719
1
81.58 157.758 4.71
1
81.6963 155.808 4.6481
1
81.6916 153.854 4.5862
1
81.5661 151.904 4.52429
1
81.3202 149.966 4.46239
1
80.9548 148.047 4.40049
1
80.4715 146.154 4.33859
1
79.8719 144.294 4.27669
1
79.1585 142.476 4.21478
1
78.3339 140.704 4.15288
1
77.4014 138.988 4.09098
1
76.3644 137.332 4.02908
1
75.2269 135.743 3.96718
1
73.9934 134.228 3.90527
1
72.5013 132.967 3.96718
1
71.0901 131.616 4.02908
1
69.7653 130.18 4.09098
1
68.5317 128.665 4.15288
1
67.3943 127.076 4.21478
1
66.3573 125.42 4.27669
1
65.4247 123.703 4.33859
1
64.6001 121.932 4.40049
1
63.8867 120.113 4.46239
1
63.2872 118.254 4.52429
1
63.0413 116.316 4.46239
1
62.676 114.396 4.40049
1
62.1926 112.503 4.33859
1
61.5931 110.644 4.27669
1
60.8796 108.825 4.21478
1
59.8426 107.169 4.27669
1
58.9101 105.452 4.33859
1
58.0855 103.681 4.40049
1
57.3721 101.862 4.46239
1
56.7725 100.003 4.52429
1
56.2892 98.1098 4.5862
1
55.9238 96.1905 4.6481
1
55.6779 94.2523 4.71
1
55.5524 92.3026 4.7719
1
55.5477 90.3489 4.8338
1
55.664 88.3986 4.89571
1
55.9006 86.4592 4.95761
1
56.2567 84.5382 5.01951
1
56.731 82.6429 5.08141
1
57.3217 80.7805 5.14331
1
58.0264 78.9583 5.20522
1
58.8425 77.1832 5.26712
1
59.7669 75.4619 5.32902
1
60.7959 73.8012 5.39092
1
61.9258 72.2072 5.45282
1
63.1521 70.6862 5.51473
1
64.4701 69.244 5.57663
1
63.0654 70.602 5.63853
1
61.5793 71.8704 5.70043
1
60.0177 73.0444 5.76233
1
58.3864 74.1196 5.82424
1
56.6917 75.0918 5.88614
1
58.4433 74.2263 5.94804
1
60.2451 73.4708 6.00994
1
62.0901 72.8282 6.07185
1
63.9714 72.301 6.13375
1
65.8817 71.8911 6.19565
1
67.8136 71.6003 6.25755
1
69.7599 71.4295 0.0362679
1
71.7124 71.5003 0.0362679
1
73.6648 71.5711 0.0362679
1
75.6173 71.642 0.0362679
1
77.5698 71.7128 0.0362679
1
79.5222 71.7837 0.0362679
1
81.4747 71.8545 0.0362679
1
83.4272 71.9254 0.0362679
1
85.3796 71.9962 0.0362679
1
87.3321 72.0671 0.0362679
1
89.2846 72.1379 0.0362679
1
91.2371 72.2088 0.0362679
1
93.1895 72.2796 0.0362679
1
95.142 72.3505 0.0362679
1
97.0945 72.4213 0.0362679
1
99.0469 72.4921 0.0362679
1
100.999 72.563 0.0362679
1
102.952 72.6338 0.0362679
1
104.904 72.7047 0.0362679
1
106.849 72.8962 6.25755
1
108.802 72.8461 6.25755
1
110.755 72.796 6.25755
1
112.708 72.7459 6.25755
1
114.661 72.6959 6.25755
1
116.614 72.6458 6.25755
1
118.567 72.5957 6.25755
1
120.52 72.5456 6.25755
1
122.474 72.4955 6.25755
1
124.427 72.4455 6.25755
1
126.38 72.3954 6.25755
1
128.333 72.3453 6.25755
1
130.286 72.2952 6.25755
1
132.239 72.2451 6.25755
1
134.192 72.1951 6.25755
1
136.145 72.145 6.25755
1
138.098 72.0949 6.25755
1
140.052 72.0448 6.25755
1
142.005 71.9948 6.25755
1
143.958 71.9447 6.25755
1
145.911 71.8946 6.25755
1
147.864 71.8445 6.25755
1
149.817 71.7944 6.25755
1
151.77 71.7444 6.25755
1
153.723 71.6943 6.25755
1
155.676 71.6442 6.25755
1
157.63 71.5941 6.25755
1
159.583 71.544 6.25755
1
161.536 71.494 6.25755
1
163.489 71.4439 6.25755
1
165.442 71.3938 6.25755
1
167.395 71.3437 6.25755
1
169.348 71.2936 6.25755
1
171.294 71.1228 0.0362679
1
173.247 71.1937 0.0362679
1
175.199 71.2645 0.0362679
1
177.152 71.3354 0.0362679
1
179.104 71.4062 0.0362679
1
181.057 71.4771 0.0362679
1
183.009 71.5479 0.0362679
1
184.962 71.6188 0.0362679
1
186.914 71.6896 0.0362679
1
188.867 71.7605 0.0362679
1
190.819 71.8313 0.0362679
1
192.772 71.9021 0.0362679
1
194.716 72.0936 6.25755
1
196.669 72.0436 6.25755
1
198.622 71.9935 6.25755
1
200.568 71.8227 0.0362679
1
202.522 71.7726 0.09817
1
204.474 71.8434 0.160072
1
206.418 72.0349 0.221974
1
208.347 72.3463 0.283876
1
210.253 72.7765 0.345778
1
212.129 73.3237 0.40768
1
213.967 73.9859 0.469582
1
215.76 74.7605 0.531484
1
217.503 75.6446 0.593387
1
219.187 76.6348 0.655289
1
220.807 77.7273 0.717191
1
222.356 78.9178 0.779093
1
223.828 80.202 0.840995
1
225.218 81.5748 0.902897
1
226.521 83.0309 0.964799
1
227.731 84.5648 1.0267
1
228.844 86.1707 1.0886
1
229.855 87.8423 1.1505
1
230.761 89.5733 1.21241
1
231.558 91.357 1.27431
1
232.244 93.1866 1.33621
1
232.814 95.0551 1.39811
1
233.269 96.9554 1.46002
1
233.604 98.8801 1.52192
1
233.82 100.822 1.58382
1
233.916 102.773 1.64572
1
233.89 104.727 1.70762
1
233.744 106.675 1.76953
1
233.241 108.563 1.70762
1
232.855 110.478 1.64572
1
232.588 112.414 1.58382
1
232.442 114.362 1.52192
1
232.658 116.304 1.58382
1
232.754 118.255 1.64572
1
232.728 120.209 1.70762
1
232.582 122.157 1.76953
1
232.315 124.092 1.83143
1
231.93 126.008 1.89333
1
231.197 127.819 1.83143
1
230.578 129.672 1.76953
1
230.074 131.56 1.70762
1
229.688 133.475 1.64572
1
229.422 135.41 1.58382
1
229.276 137.359 1.52192
1
229.25 139.312 1.46002
1
229.346 141.264 1.39811
1
229.562 143.206 1.33621
1
229.897 145.13 1.27431
1
230.352 147.03 1.21241
1
230.922 148.899 1.1505
1
231.608 150.729 1.0886
1
232.405 152.512 1.0267
1
233.311 154.243 0.964799
1
234.322 155.915 0.902897
1
235.435 157.521 0.840995
1
234.225 155.987 0.779093
1
232.922 154.531 0.717191
1
231.532 153.158 0.655289
1
230.06 151.874 0.593387
1
228.511 150.683 0.531484
1
226.891 149.591 0.469582
1
225.207 148.6 0.40768
1
223.464 147.716 0.345778
1
221.671 146.942 0.283876
1
219.833 146.28 0.221974
1
217.957 145.732 0.160072
1
216.051 145.302 0.09817
1
214.123 144.991 0.0362679
1
212.178 144.799 6.25755
1
210.225 144.849 6.25755
1
208.272 144.899 6.25755
1
206.319 144.95 6.25755
1
204.366 145 6.25755
1
202.413 145.05 6.25755
1
200.46 145.1 6.25755
1
198.506 145.15 6.25755
1
196.553 145.2 6.25755
1
194.6 145.25 6.25755
1
192.647 145.3 6.25755
1
190.694 145.35 6.25755
1
188.741 145.4 6.25755
1
186.788 145.45 6.25755
1
184.835 145.5 6.25755
1
182.882 145.55 6.25755
1
180.928 145.601 6.25755
1
178.975 145.651 6.25755
1
177.022 145.701 6.25755
1
175.069 145.751 6.25755
2
67.9662 169.845
0 0 0.707951 -0.706262
3
58.7014 146.922
77.1213 146.878
77.231 192.768
58.811 192.812
2
68.9674 171.82
0 0 0.685756 -0.727832
3
61.1385 148.368
79.5258 149.463
76.7964 195.272
58.409 194.176
2
69.8446 173.853
0 0 0.662904 -0.748705
3
63.4814 149.961
81.7658 152.192
76.2078 197.744
57.9234 195.513
2
70.5943 175.936
0 0 0.639417 -0.76886
3
65.7213 151.696
83.8327 155.054
75.4673 200.175
57.356 196.818
2
71.2137 178.062
0 0 0.615317 -0.788279
3
67.8496 153.567
85.7186 158.039
74.5779 202.556
56.7089 198.084
2
72.4128 176.379
0 0 0.590629 -0.806944
3
70.5704 151.724
88.1285 157.292
74.2552 201.035
56.6971 195.466
2
73.7136 174.775
0 0 0.565374 -0.824835
3
73.4 150.052
90.5799 156.696
74.0272 199.497
56.8472 192.853
2
75.1112 173.253
0 0 0.539578 -0.841936
3
76.3276 148.559
93.0636 156.253
73.8948 197.948
57.1588 190.254
2
75.9273 171.478
0 0 0.539578 -0.841936
3
77.1437 146.784
93.8797 154.478
74.7109 196.173
57.9749 188.479
2
76.7434 169.703
0 0 0.539578 -0.841936
3
77.9598 145.009
94.6958 152.703
75.527 194.398
58.791 186.703
2
77.5595 167.928
0 0 0.539578 -0.841936
3
78.7759 143.234
95.5119 150.928
76.3431 192.623
59.6071 184.928
2
79.0485 166.496
0 0 0.513265 -0.85823
3
81.7902 141.924
98.0182 150.639
76.3068 191.068
60.0788 182.353
2
80.6232 165.159
0 0 0.48646 -0.873703
3
84.8798 140.804
100.538 150.506
76.3667 189.515
60.7089 179.813
2
82.2776 163.922
0 0 0.459189 -0.888338
3
88.0327 139.877
103.06 150.529
76.5226 187.968
61.495 177.316
2
82.7738 161.917
0 0 0.48646 -0.873703
3
87.0304 137.562
102.688 147.264
78.5173 186.272
62.8595 176.57
2
83.1451 159.885
0 0 0.513265 -0.85823
3
85.8868 135.313
102.115 144.028
80.4033 184.457
64.1753 175.742
2
83.3898 157.834
0 0 0.539578 -0.841936
3
84.6062 133.139
101.342 140.834
82.1735 182.528
65.4374 174.834
2
83.5073 155.771
0 0 0.565374 -0.824835
3
83.1936 131.049
100.374 137.693
83.8209 180.494
66.6409 173.85
2
83.4969 153.706
0 0 0.590629 -0.806944
3
81.6545 129.05
99.2125 134.619
85.3393 178.361
67.7812 172.793
2
83.3587 151.645
0 0 0.615317 -0.788279
3
79.9946 127.15
97.8635 131.622
86.7228 176.139
68.8539 171.667
2
83.0933 149.596
0 0 0.639417 -0.76886
3
78.2203 125.357
96.3317 128.714
87.9663 173.835
69.8549 170.478
2
82.7017 147.568
0 0 0.662904 -0.748705
3
76.3385 123.676
94.6229 125.907
89.0648 171.459
70.7804 169.228
2
82.1853 145.568
0 0 0.685756 -0.727832
3
74.3564 122.115
92.7437 123.211
90.0143 169.02
71.6269 167.924
2
81.5462 143.603
0 0 0.707951 -0.706262
3
72.2814 120.68
90.7014 120.636
90.811 166.526
72.3911 166.57
2
80.7868 141.682
0 0 0.729468 -0.684015
3
70.1217 119.376
88.5037 118.193
91.452 163.988
73.07 165.171
2
79.9101 139.812
0 0 0.750286 -0.661113
3
67.8855 118.208
86.159 115.89
91.9346 161.415
73.6611 163.733
2
78.9193 137.999
0 0 0.770386 -0.637578
3
65.5813 117.181
83.6764 113.737
92.2572 158.817
74.1621 162.262
2
77.8182 136.251
0 0 0.789747 -0.613432
3
63.2179 116.298
81.0653 111.741
92.4185 156.204
74.5711 160.761
2
76.6111 134.575
0 0 0.808352 -0.588699
3
60.8044 115.563
78.3357 109.911
92.4178 153.587
74.8865 159.239
2
75.3027 132.976
0 0 0.826183 -0.563402
3
58.3501 114.979
75.4982 108.253
92.2552 150.974
75.1072 157.7
2
73.8978 131.462
0 0 0.843222 -0.537565
3
55.8644 114.548
72.5635 106.773
91.9313 148.376
75.2322 156.15
2
72.402 130.037
0 0 0.859454 -0.511213
3
53.3567 114.271
69.5429 105.479
91.4473 145.803
75.2611 154.596
2
70.8209 128.708
0 0 0.874862 -0.484371
3
50.8368 114.15
66.448 104.373
90.805 143.266
75.1938 153.042
2
69.1606 127.479
0 0 0.889433 -0.457066
3
48.3141 114.185
63.2907 103.461
90.007 140.772
75.0305 151.496
2
67.4274 126.355
0 0 0.903151 -0.429322
3
45.7985 114.376
60.083 102.746
89.0563 138.333
74.7718 149.963
2
65.628 125.34
0 0 0.916005 -0.401168
3
43.2995 114.722
56.8372 102.231
87.9565 135.958
74.4188 148.449
2
63.7693 124.439
0 0 0.92798 -0.372629
3
40.8267 115.223
53.5657 101.918
86.7119 133.655
73.9729 146.959
2
62.9024 122.564
0 0 0.916005 -0.401168
3
40.5739 111.946
54.1116 99.4548
85.2309 133.181
71.6933 145.672
2
62.1532 120.639
0 0 0.903151 -0.429322
3
40.5243 108.66
54.8087 97.0302
83.7821 132.617
69.4976 144.247
2
61.5245 118.671
0 0 0.889433 -0.457066
3
40.678 105.377
55.6546 94.6533
82.3709 131.965
67.3944 142.688
2
61.0187 116.668
0 0 0.874862 -0.484371
3
41.0346 102.11
56.6458 92.3333
81.0028 131.226
65.3916 141.003
2
60.6378 114.638
0 0 0.859454 -0.511213
3
41.5925 98.8714
57.7787 90.0791
79.683 130.404
63.4969 139.196
2
60.3832 112.588
0 0 0.843222 -0.537565
3
42.3498 95.6734
59.0489 87.8993
78.4166 129.502
61.7176 137.276
2
60.2559 110.526
0 0 0.826183 -0.563402
3
43.3034 92.5284
60.4514 85.8022
77.2085 128.523
60.0604 135.25
2
60.2564 108.46
0 0 0.808352 -0.588699
3
44.4497 89.4484
61.981 83.7959
76.0631 127.472
58.5319 133.124
2
60.3848 106.398
0 0 0.789747 -0.613432
3
45.7844 86.4452
63.6318 81.8881
74.9851 126.352
57.1377 130.909
2
60.6404 104.349
0 0 0.770386 -0.637578
3
47.3024 83.5304
65.3975 80.0861
73.9784 125.167
55.8832 128.611
2
59.5393 102.601
0 0 0.789747 -0.613432
3
44.939 82.6475
62.7864 78.0904
74.1396 122.554
56.2922 127.111
2
58.3323 100.924
0 0 0.808352 -0.588699
3
42.5256 81.9126
60.0568 76.2601
74.139 119.936
56.6077 125.589
2
57.0238 99.3258
0 0 0.826183 -0.563402
3
40.0713 81.3283
57.2193 74.6021
73.9763 117.323
56.8283 124.049
2
55.619 97.8113
0 0 0.843222 -0.537565
3
37.5855 80.897
54.2846 73.1229
73.6524 114.726
56.9533 122.5
2
54.1231 96.3866
0 0 0.859454 -0.511213
3
35.0779 80.6203
51.264 71.8281
73.1684 112.153
56.9822 120.945
2
53.8685 94.3366
0 0 0.843222 -0.537565
3
35.8351 77.4224
52.5342 69.6482
71.902 111.251
55.2029 119.025
2
53.7413 92.2748
0 0 0.826183 -0.563402
3
36.7887 74.2774
53.9368 67.5512
70.6938 110.272
53.5458 116.998
2
53.7418 90.2091
0 0 0.808352 -0.588699
3
37.9351 71.1974
55.4664 65.5449
69.5485 109.221
52.0172 114.873
2
53.8701 88.1474
0 0 0.789747 -0.613432
3
39.2698 68.1942
57.1172 63.6371
68.4704 108.101
50.623 112.658
2
54.1257 86.0975
0 0 0.770386 -0.637578
3
40.7877 65.2794
58.8828 61.835
67.4637 106.916
49.3686 110.36
2
54.5076 84.0674
0 0 0.750286 -0.661113
3
42.4831 62.464
60.7566 60.1457
66.5322 105.671
48.2587 107.989
2
55.0144 82.0648
0 0 0.729468 -0.684015
3
44.3493 59.7589
62.7313 58.5755
65.6795 104.371
47.2976 105.554
2
55.6441 80.0974
0 0 0.707951 -0.706262
3
46.3793 57.1744
64.7993 57.1304
64.9089 103.02
46.489 103.064
2
56.3943 78.1727
0 0 0.685756 -0.727832
3
48.5654 54.7205
66.9527 55.8161
64.2233 101.625
45.8359 100.529
2
57.2622 76.2981
0 0 0.662904 -0.748705
3
50.899 52.4065
69.1834 54.6375
63.6253 100.19
45.3409 97.9587
2
58.2443 74.4807
0 0 0.639417 -0.76886
3
53.3713 50.2413
71.4827 53.5991
63.1173 98.7202
45.0059 95.3624
2
59.337 72.7276
0 0 0.615317 -0.788279
3
55.9728 48.2332
73.8418 52.705
62.7011 97.2221
44.8322 92.7503
2
60.536 71.0455
0 0 0.590629 -0.806944
3
58.6936 46.3898
76.2517 51.9585
62.3784 95.7012
44.8203 90.1325
2
61.8368 69.4408
0 0 0.565374 -0.824835
3
61.5232 44.7184
78.7032 51.3625
62.1504 94.1632
44.9705 87.519
2
63.2344 67.9196
0 0 0.539578 -0.841936
3
64.4508 43.2251
81.1868 50.9194
62.018 92.6141
45.282 84.9198
2
64.7234 66.4878
0 0 0.513265 -0.85823
3
67.4651 41.9159
83.6931 50.6307
61.9817 91.0597
45.7537 82.3449
2
66.2982 65.1508
0 0 0.48646 -0.873703
3
70.5547 40.7956
86.2125 50.4976
62.0416 89.5061
46.3838 79.804
2
67.9526 63.9138
0 0 0.459189 -0.888338
3
73.7077 39.8686
88.7353 50.5207
62.1975 87.9591
47.1699 77.307
2
69.6804 62.7816
0 0 0.431479 -0.902123
3
76.9119 39.1384
91.2518 50.6997
62.4488 86.4248
48.109 74.8634
2
71.4749 61.7584
0 0 0.403355 -0.915044
3
80.1552 38.6078
93.7524 51.0341
62.7946 84.9089
49.1974 72.4826
2
73.3293 60.8481
0 0 0.374845 -0.927088
3
83.4251 38.2789
96.2275 51.5225
63.2334 83.4174
50.431 70.1737
2
75.2364 60.0544
0 0 0.345976 -0.938244
3
86.7091 38.1529
98.6677 52.1632
63.7637 81.9558
51.8051 67.9455
2
74.3796 62.0959
0 0 0.316775 -0.948501
3
87.1852 40.9461
98.2542 55.6694
61.5739 83.2457
50.505 68.5224
2
73.3981 64.0805
0 0 0.287271 -0.957849
3
87.4875 43.7634
97.6245 59.1432
59.3086 84.3976
49.1716 69.0178
2
72.2957 66.0006
0 0 0.257491 -0.966281
3
87.615 46.5941
96.7811 62.5715
56.9763 85.4072
47.8102 69.4298
2
71.0766 67.8489
0 0 0.227466 -0.973786
3
87.5672 49.4272
95.7273 65.941
54.5861 86.2706
46.4259 69.7567
2
69.7456 69.6181
0 0 0.197222 -0.980359
3
87.3441 52.2519
94.4671 69.2389
52.147 86.9844
45.024 69.9974
2
71.8108 69.5707
0 0 0.166789 -0.985993
3
90.4499 53.3263
96.5084 70.7215
53.1716 85.815
47.1131 68.4198
2
73.8749 69.651
0 0 0.136197 -0.990682
3
93.4833 54.5909
98.4541 72.3275
54.2665 84.7111
49.2958 66.9745
2
75.9302 69.8589
0 0 0.105474 -0.994422
3
96.4327 56.0406
100.297 74.0508
55.4277 83.6772
51.5637 65.667
2
77.9686 70.1935
0 0 0.0746496 -0.99721
3
99.2867 57.6701
102.029 75.8848
56.6506 82.717
53.9081 64.5023
2
79.9825 70.6536
0 0 0.0437541 -0.999042
3
102.034 59.473
103.645 77.8224
57.9305 81.8343
56.3201 63.4849
2
81.964 71.2374
0 0 0.0128167 -0.999918
3
104.665 61.4424
105.138 79.8563
59.2626 81.0325
58.7905 62.6186
2
83.9056 71.9427
0 0 0.018133 0.999836
3
107.169 63.5708
106.502 81.9786
60.6417 80.3147
61.3096 61.9068
2
85.8581 72.0136
0 0 0.018133 0.999836
3
109.122 63.6416
108.454 82.0495
62.5942 80.3855
63.2621 61.9776
2
87.8105 72.0844
0 0 0.018133 0.999836
3
111.074 63.7124
110.406 82.1203
64.5467 80.4564
65.2146 62.0485
2
89.763 72.1553
0 0 0.018133 0.999836
3
113.027 63.7833
112.359 82.1912
66.4991 80.5272
67.167 62.1193
2
91.7155 72.2261
0 0 0.018133 0.999836
3
114.979 63.8541
114.311 82.262
68.4516 80.5981
69.1195 62.1902
2
93.6679 72.2969
0 0 0.018133 0.999836
3
116.932 63.925
116.264 82.3329
70.4041 80.6689
71.072 62.261
2
95.6204 72.3678
0 0 0.018133 0.999836
3
118.884 63.9958
118.216 82.4037
72.3565 80.7397
73.0244 62.3319
2
97.5729 72.4386
0 0 0.018133 0.999836
3
120.837 64.0667
120.169 82.4746
74.309 80.8106
74.9769 62.4027
2
99.5253 72.5095
0 0 0.018133 0.999836
3
122.789 64.1375
122.121 82.5454
76.2615 80.8814
76.9294 62.4736
2
101.478 72.5803
0 0 0.018133 0.999836
3
124.742 64.2084
124.074 82.6163
78.2139 80.9523
78.8818 62.5444
2
103.43 72.6512
0 0 0.018133 0.999836
3
126.694 64.2792
126.026 82.6871
80.1664 81.0231
80.8343 62.6152
2
105.383 72.722
0 0 0.018133 0.999836
3
128.647 64.3501
127.979 82.758
82.1189 81.094
82.7868 62.6861
2
107.335 72.7929
0 0 0.018133 0.999836
3
130.599 64.4209
129.931 82.8288
84.0713 81.1648
84.7393 62.7569
2
109.288 72.8637
0 0 0.018133 0.999836
3
132.552 64.4918
131.884 82.8996
86.0238 81.2357
86.6917 62.8278
2
111.24 72.9346
0 0 0.018133 0.999836
3
134.504 64.5626
133.836 82.9705
87.9763 81.3065
88.6442 62.8986
2
113.193 73.0054
0 0 0.018133 0.999836
3
136.456 64.6335
135.789 83.0413
89.9288 81.3774
90.5967 62.9695
2
115.145 73.0763
0 0 0.018133 0.999836
3
138.409 64.7043
137.741 83.1122
91.8812 81.4482
92.5491 63.0403
2
117.098 73.1471
0 0 0.018133 0.999836
3
140.361 64.7751
139.694 83.183
93.8337 81.5191
94.5016 63.1112
2
119.05 73.2179
0 0 0.018133 0.999836
3
142.314 64.846
141.646 83.2539
95.7862 81.5899
96.4541 63.182
2
120.999 72.5334
0 0 0.0128167 -0.999918
3
143.7 62.7383
144.173 81.1522
98.2976 82.3285
97.8255 63.9145
2
122.952 72.4833
0 0 0.0128167 -0.999918
3
145.654 62.6882
146.126 81.1022
100.251 82.2784
99.7786 63.8644
2
124.905 72.4332
0 0 0.0128167 -0.999918
3
147.607 62.6381
148.079 81.0521
102.204 82.2283
101.732 63.8143
2
126.858 72.3831
0 0 0.0128167 -0.999918
3
149.56 62.588
150.032 81.002
104.157 82.1782
103.685 63.7643
2
128.811 72.3331
0 0 0.0128167 -0.999918
3
151.513 62.538
151.985 80.9519
106.11 82.1281
105.638 63.7142
2
130.765 72.283
0 0 0.0128167 -0.999918
3
153.466 62.4879
153.938 80.9018
108.063 82.0781
107.591 63.6641
2
132.718 72.2329
0 0 0.0128167 -0.999918
3
155.419 62.4378
155.891 80.8518
110.016 82.028
109.544 63.614
2
134.671 72.1828
0 0 0.0128167 -0.999918
3
157.372 62.3877
157.844 80.8017
111.969 81.9779
111.497 63.5639
2
136.624 72.1327
0 0 0.0128167 -0.999918
3
159.325 62.3376
159.797 80.7516
113.923 81.9278
113.45 63.5139
2
138.577 72.0827
0 0 0.0128167 -0.999918
3
161.278 62.2876
161.751 80.7015
115.876 81.8777
115.403 63.4638
2
140.53 72.0326
0 0 0.0128167 -0.999918
3
163.232 62.2375
163.704 80.6514
117.829 81.8277
117.357 63.4137
2
142.483 71.9825
0 0 0.0128167 -0.999918
3
165.185 62.1874
165.657 80.6014
119.782 81.7776
119.31 63.3636
2
144.436 71.9324
0 0 0.0128167 -0.999918
3
167.138 62.1373
167.61 80.5513
121.735 81.7275
121.263 63.3136
2
146.389 71.8823
0 0 0.0128167 -0.999918
3
169.091 62.0873
169.563 80.5012
123.688 81.6774
123.216 63.2635
2
148.343 71.8323
0 0 0.0128167 -0.999918
3
171.044 62.0372
171.516 80.4511
125.641 81.6273
125.169 63.2134
2
150.296 71.7822
0 0 0.0128167 -0.999918
3
172.997 61.9871
173.469 80.401
127.594 81.5773
127.122 63.1633
2
152.249 71.7321
0 0 0.0128167 -0.999918
3
174.95 61.937
175.422 80.351
129.547 81.5272
129.075 63.1132
2
154.202 71.682
0 0 0.0128167 -0.999918
3
176.903 61.8869
177.375 80.3009
131.5 81.4771
131.028 63.0632
2
156.155 71.6319
0 0 0.0128167 -0.999918
3
178.856 61.8369
179.329 80.2508
133.454 81.427
132.981 63.0131
2
158.108 71.5819
0 0 0.0128167 -0.999918
3
180.81 61.7868
181.282 80.2007
135.407 81.3769
134.935 62.963
2
160.061 71.5318
0 0 0.0128167 -0.999918
3
182.763 61.7367
183.235 80.1506
137.36 81.3269
136.888 62.9129
2
162.014 71.4817
0 0 0.0128167 -0.999918
3
184.716 61.6866
185.188 80.1006
139.313 81.2768
138.841 62.8628
2
163.967 71.4316
0 0 0.0128167 -0.999918
3
186.669 61.6365
187.141 80.0505
141.266 81.2267
140.794 62.8128
2
165.921 71.3815
0 0 0.0128167 -0.999918
3
188.622 61.5865
189.094 80.0004
143.219 81.1766
142.747 62.7627
2
167.874 71.3315
0 0 0.0128167 -0.999918
3
190.575 61.5364
191.047 79.9503
145.172 81.1265
144.7 62.7126
2
169.827 71.2814
0 0 0.0128167 -0.999918
3
192.528 61.4863
193 79.9002
147.125 81.0765
146.653 62.6625
2
171.78 71.2313
0 0 0.0128167 -0.999918
3
194.481 61.4362
194.953 79.8502
149.078 81.0264
148.606 62.6124
2
173.733 71.1812
0 0 0.0128167 -0.999918
3
196.434 61.3861
196.907 79.8001
151.032 80.9763
150.559 62.5624
2
175.686 71.1311
0 0 0.0128167 -0.999918
3
198.387 61.3361
198.86 79.75
152.985 80.9262
152.513 62.5123
2
177.639 71.0811
0 0 0.0128167 -0.999918
3
200.341 61.286
200.813 79.6999
154.938 80.8762
154.466 62.4622
2
179.592 71.031
0 0 0.0128167 -0.999918
3
202.294 61.2359
202.766 79.6499
156.891 80.8261
156.419 62.4121
2
181.545 70.9809
0 0 0.0128167 -0.999918
3
204.247 61.1858
204.719 79.5998
158.844 80.776
158.372 62.362
2
183.499 70.9308
0 0 0.0128167 -0.999918
3
206.2 61.1357
206.672 79.5497
160.797 80.7259
160.325 62.312
2
185.44 71.6361
0 0 0.018133 0.999836
3
208.704 63.2641
208.036 81.672
162.176 80.0081
162.844 61.6002
2
187.393 71.7069
0 0 0.018133 0.999836
3
210.656 63.335
209.989 81.7429
164.129 80.0789
164.797 61.671
2
189.345 71.7778
0 0 0.018133 0.999836
3
212.609 63.4058
211.941 81.8137
166.081 80.1497
166.749 61.7419
2
191.298 71.8486
0 0 0.018133 0.999836
3
214.561 63.4767
213.894 81.8846
168.034 80.2206
168.702 61.8127
2
193.25 71.9195
0 0 0.018133 0.999836
3
216.514 63.5475
215.846 81.9554
169.986 80.2914
170.654 61.8836
2
195.202 71.9903
0 0 0.018133 0.999836
3
218.466 63.6184
217.798 82.0263
171.939 80.3623
172.607 61.9544
2
197.155 72.0612
0 0 0.018133 0.999836
3
220.419 63.6892
219.751 82.0971
173.891 80.4331
174.559 62.0252
2
199.107 72.132
0 0 0.018133 0.999836
3
222.371 63.7601
221.703 82.1679
175.844 80.504
176.511 62.0961
2
201.06 72.2029
0 0 0.018133 0.999836
3
224.324 63.8309
223.656 82.2388
177.796 80.5748
178.464 62.1669
2
203.012 72.2737
0 0 0.018133 0.999836
3
226.276 63.9018
225.608 82.3096
179.749 80.6457
180.416 62.2378
2
204.965 72.3446
0 0 0.018133 0.999836
3
228.229 63.9726
227.561 82.3805
181.701 80.7165
182.369 62.3086
2
206.917 72.4154
0 0 0.018133 0.999836
3
230.181 64.0434
229.513 82.4513
183.653 80.7874
184.321 62.3795
2
208.866 71.7308
0 0 0.0128167 -0.999918
3
231.568 61.9357
232.04 80.3497
186.165 81.5259
185.693 63.112
2
210.819 71.6807
0 0 0.0128167 -0.999918
3
233.521 61.8857
233.993 80.2996
188.118 81.4758
187.646 63.0619
2
212.773 71.6307
0 0 0.0128167 -0.999918
3
235.474 61.8356
235.946 80.2495
190.071 81.4258
189.599 63.0118
2
214.714 72.3359
0 0 0.018133 0.999836
3
237.978 63.964
237.31 82.3719
191.45 80.7079
192.118 62.3
2
216.608 73.16
0 0 0.0490653 0.998796
3
240.346 66.2432
238.54 84.5745
192.871 80.0767
194.677 61.7454
2
218.448 74.0996
0 0 0.0799506 0.996799
3
242.568 68.6645
239.632 86.849
194.328 79.5347
197.264 61.3501
2
220.226 75.1512
0 0 0.110759 0.993847
3
244.636 71.2187
240.58 89.1867
195.816 79.0838
199.872 61.1157
2
221.936 76.3109
0 0 0.141462 0.989944
3
246.542 73.8959
241.383 91.5786
197.329 78.7258
202.488 61.0431
2
223.57 77.574
0 0 0.172029 0.985092
3
248.279 76.6859
242.036 94.0156
198.862 78.4622
205.105 61.1324
2
225.123 78.9359
0 0 0.202431 0.979296
3
249.84 79.5779
242.536 96.4883
200.407 78.2938
207.711 61.3834
2
226.589 80.3912
0 0 0.23264 0.972563
3
251.218 82.561
242.883 98.9872
201.96 78.2213
210.296 61.7952
2
227.963 81.9344
0 0 0.262626 0.964898
3
252.41 85.6237
243.075 101.503
203.515 78.2451
212.851 62.3661
2
229.238 83.5597
0 0 0.29236 0.956308
3
253.41 88.7543
243.11 104.025
205.065 78.365
215.365 63.0939
2
230.41 85.2607
0 0 0.321814 0.946803
3
254.215 91.9407
242.99 106.545
206.605 78.5806
217.83 63.9759
2
231.475 87.0309
0 0 0.350959 0.936391
3
254.821 95.1708
242.714 109.053
208.128 78.891
220.235 65.0087
2
232.428 88.8636
0 0 0.379769 0.925081
3
255.225 98.4322
242.283 111.539
209.63 79.2951
222.572 66.1883
2
233.266 90.7518
0 0 0.408215 0.912886
3
255.428 101.712
241.699 113.993
211.103 79.7913
224.832 67.5102
2
233.985 92.6882
0 0 0.436269 0.899816
3
255.427 104.999
240.965 116.407
212.543 80.3776
227.005 68.9694
2
234.583 94.6654
0 0 0.463906 0.885884
3
255.222 108.279
240.082 118.771
213.944 81.052
229.084 70.5603
2
235.058 96.6758
0 0 0.491099 0.871104
3
254.816 111.54
239.055 121.075
215.301 81.8117
231.061 72.2766
2
235.408 98.7117
0 0 0.517821 0.855489
3
254.208 114.77
237.888 123.311
216.608 82.6538
232.927 74.112
2
235.631 100.765
0 0 0.544047 0.839055
3
253.401 117.956
236.584 125.471
217.86 83.5752
234.677 76.0594
2
235.726 102.829
0 0 0.569752 0.821817
3
252.399 121.086
235.15 127.547
219.053 84.5724
236.303 78.1112
2
235.694 104.894
0 0 0.594911 0.803792
3
251.206 124.147
233.589 129.529
220.182 85.6414
237.798 80.2597
2
235.534 106.954
0 0 0.6195 0.784997
3
249.825 127.13
231.909 131.411
221.243 86.7781
239.158 82.4966
2
235.247 109
0 0 0.643496 0.76545
3
248.262 130.021
230.116 133.186
222.231 87.9784
240.377 84.8133
2
234.833 111.024
0 0 0.666875 0.745169
3
246.524 132.81
228.217 134.846
223.143 89.2375
241.45 87.201
2
234.296 113.018
0 0 0.689616 0.724175
3
244.616 135.486
226.218 136.386
223.976 90.5506
242.374 89.6506
2
233.636 114.976
0 0 0.711696 0.702488
3
242.546 138.039
224.128 137.799
224.725 91.9126
243.144 92.1525
2
232.856 116.889
0 0 0.733094 0.680127
3
240.323 140.459
221.954 139.08
225.389 93.3185
243.758 94.6973
2
231.959 118.75
0 0 0.753791 0.657115
3
237.954 142.736
219.706 140.224
225.965 94.7627
244.213 97.2752
2
230.949 120.552
0 0 0.773765 0.633473
3
235.448 144.863
217.391 141.227
226.451 96.2398
244.508 99.8764
2
231.31 122.586
0 0 0.753791 0.657115
3
237.304 146.572
219.056 144.06
225.316 98.5988
243.563 101.111
2
231.795 124.593
0 0 0.733094 0.680127
3
239.262 148.163
220.894 146.785
224.329 101.023
242.697 102.402
2
232.404 126.567
0 0 0.711696 0.702488
3
241.314 149.63
222.896 149.391
223.494 103.504
241.912 103.744
2
233.134 128.5
0 0 0.689616 0.724175
3
243.454 150.968
225.056 151.868
222.814 106.032
241.212 105.132
2
232.474 130.457
0 0 0.711696 0.702488
3
241.384 153.52
222.966 153.281
223.563 107.395
241.982 107.634
2
231.694 132.37
0 0 0.733094 0.680127
3
239.161 155.94
220.792 154.562
224.227 108.8
242.596 110.179
2
230.797 134.231
0 0 0.753791 0.657115
3
236.792 158.218
218.544 155.706
224.803 110.245
243.051 112.757
2
229.787 136.033
0 0 0.773765 0.633473
3
234.286 160.345
216.229 156.708
225.288 111.722
243.346 115.358
2
228.668 137.769
0 0 0.792998 0.609225
3
231.654 162.313
213.856 157.566
225.681 113.226
243.479 117.973
2
227.443 139.433
0 0 0.811471 0.584393
3
228.905 164.114
211.435 158.275
225.981 114.752
243.451 120.59
2
227.549 141.496
0 0 0.792998 0.609225
3
230.536 166.039
212.738 161.293
224.563 116.952
242.361 121.699
2
227.783 143.548
0 0 0.773765 0.633473
3
232.282 167.86
214.224 164.223
223.284 119.237
241.342 122.873
2
228.143 145.582
0 0 0.753791 0.657115
3
234.138 169.569
215.89 167.057
222.149 121.596
240.397 124.108
2
228.629 147.59
0 0 0.733094 0.680127
3
236.095 171.16
217.727 169.781
221.162 124.02
239.531 125.399
2
229.238 149.564
0 0 0.711696 0.702488
3
238.148 172.627
219.73 172.387
220.327 126.501
238.746 126.741
2
229.967 151.497
0 0 0.689616 0.724175
3
240.287 173.964
221.889 174.864
219.647 129.029
238.045 128.129
2
230.815 153.381
0 0 0.666875 0.745169
3
242.505 175.167
224.198 177.203
219.125 131.594
237.432 129.558
2
231.778 155.208
0 0 0.643496 0.76545
3
244.793 176.229
226.647 179.394
218.762 134.187
236.908 131.022
2
232.852 156.973
0 0 0.6195 0.784997
3
247.143 177.149
229.227 181.43
218.561 136.797
236.476 132.515
2
234.033 158.668
0 0 0.594911 0.803792
3
249.545 177.921
231.929 183.302
218.521 139.415
236.137 134.033
2
235.317 160.286
0 0 0.569752 0.821817
3
251.99 178.543
234.74 185.004
218.644 142.029
235.893 135.568
2
236.698 161.822
0 0 0.544047 0.839055
3
254.469 179.012
237.652 186.528
218.927 144.632
235.744 137.116
2
238.172 163.27
0 0 0.517821 0.855489
3
256.972 179.328
240.652 187.869
219.372 147.212
235.691 138.67
2
239.732 164.623
0 0 0.491099 0.871104
3
259.489 179.487
243.729 189.022
219.975 149.759
235.735 140.224
2
241.373 165.878
0 0 0.463906 0.885884
3
262.012 179.491
246.872 189.983
220.734 152.264
235.874 141.773
2
243.089 167.028
0 0 0.436269 0.899816
3
264.531 179.339
250.069 190.747
221.647 154.718
236.109 143.31
2
244.872 168.071
0 0 0.408215 0.912886
3
267.035 179.031
253.306 191.312
222.71 157.11
236.439 144.829
2
244.297 165.933
0 0 0.379769 0.925081
3
267.095 175.501
254.152 188.608
221.499 156.364
234.442 143.257
2
243.59 163.834
0 0 0.350959 0.936391
3
266.936 171.974
254.83 185.857
220.244 155.694
232.351 141.812
2
242.755 161.784
0 0 0.321814 0.946803
3
266.56 168.464
255.335 183.069
218.95 155.104
230.175 140.499
2
241.795 159.789
0 0 0.29236 0.956308
3
265.968 164.983
255.668 180.255
217.622 154.594
227.922 139.323
2
240.713 157.857
0 0 0.262626 0.964898
3
265.161 161.546
255.825 177.425
216.265 154.168
225.601 138.289
2
239.514 155.996
0 0 0.23264 0.972563
3
264.143 158.166
255.807 174.592
214.885 153.826
223.22 137.4
2
238.202 154.213
0 0 0.202431 0.979296
3
262.918 154.855
255.614 171.765
213.485 153.571
220.789 136.66
2
236.782 152.514
0 0 0.172029 0.985092
3
261.49 151.626
255.247 168.956
212.073 153.402
218.316 136.072
2
235.259 150.906
0 0 0.141462 0.989944
3
259.865 148.491
254.706 166.174
210.653 153.321
215.812 135.638
2
233.64 149.396
0 0 0.110759 0.993847
3
258.05 145.463
253.995 163.431
209.231 153.328
213.286 135.36
2
231.931 147.988
0 0 0.0799506 0.996799
3
256.051 142.553
253.115 160.738
207.812 153.424
210.747 135.239
2
230.138 146.69
0 0 0.0490653 0.998796
3
253.875 139.773
252.07 158.104
206.401 153.606
208.206 135.275
2
228.268 145.504
0 0 0.018133 0.999836
3
251.532 137.132
250.864 155.54
205.004 153.876
205.672 135.468
2
226.329 144.436
0 0 0.0128167 -0.999918
3
249.03 134.641
249.502 153.055
203.627 154.232
203.155 135.818
2
224.375 144.487
0 0 0.0128167 -0.999918
3
247.077 134.691
247.549 153.105
201.674 154.282
201.202 135.868
2
222.422 144.537
0 0 0.0128167 -0.999918
3
245.124 134.742
245.596 153.156
199.721 154.332
199.249 135.918
2
220.469 144.587
0 0 0.0128167 -0.999918
3
243.171 134.792
243.643 153.206
197.768 154.382
197.296 135.968
2
218.516 144.637
0 0 0.0128167 -0.999918
3
241.218 134.842
241.69 153.256
195.815 154.432
195.343 136.018
2
216.563 144.687
0 0 0.0128167 -0.999918
3
239.264 134.892
239.737 153.306
193.862 154.482
193.389 136.068
2
214.61 144.737
0 0 0.0128167 -0.999918
3
237.311 134.942
237.783 153.356
191.908 154.532
191.436 136.118
2
212.657 144.787
0 0 0.0128167 -0.999918
3
235.358 134.992
235.83 153.406
189.955 154.582
189.483 136.168
2
210.704 144.837
0 0 0.0128167 -0.999918
3
233.405 135.042
233.877 153.456
188.002 154.632
187.53 136.218
2
208.751 144.887
0 0 0.0128167 -0.999918
3
231.452 135.092
231.924 153.506
186.049 154.682
185.577 136.268
2
206.797 144.937
0 0 0.0128167 -0.999918
3
229.499 135.142
229.971 153.556
184.096 154.732
183.624 136.318
2
204.844 144.987
0 0 0.0128167 -0.999918
3
227.546 135.192
228.018 153.606
182.143 154.782
181.671 136.368
2
202.891 145.037
0 0 0.0128167 -0.999918
3
225.593 135.242
226.065 153.656
180.19 154.833
179.718 136.419
2
200.938 145.088
0 0 0.0128167 -0.999918
3
223.64 135.292
224.112 153.706
178.237 154.883
177.765 136.469
2
198.985 145.138
0 0 0.0128167 -0.999918
3
221.686 135.343
222.159 153.756
176.284 154.933
175.811 136.519
2
197.032 145.188
0 0 0.0128167 -0.999918
3
219.733 135.393
220.205 153.807
174.33 154.983
173.858 136.569
2
195.079 145.238
0 0 0.0128167 -0.999918
3
217.78 135.443
218.252 153.857
172.377 155.033
171.905 136.619
2
193.126 145.288
0 0 0.0128167 -0.999918
3
215.827 135.493
216.299 153.907
170.424 155.083
169.952 136.669
2
191.173 145.338
0 0 0.0128167 -0.999918
3
213.874 135.543
214.346 153.957
168.471 155.133
167.999 136.719
2
189.219 145.388
0 0 0.0128167 -0.999918
3
211.921 135.593
212.393 154.007
166.518 155.183
166.046 136.769
