0
40 60
0
41 61
0
42 62
0
43 63
0
44 64
0
45 65
0
46 66
0
47 67
0
48 68
0
49 69
0
50 70
0
51 71
0
52 72
0
53 73
0
54 74
0
55 75
0
56 76
0
57 77
0
58 78
0
59 79
0
60 80
0
61 81
0
62 82
0
63 83
0
64 84
0
65 85
0
66 86
0
66 87
0
66 88
0
66 89
0
66 90
0
66 91
0
66 92
0
66 93
0
66 94
0
66 95
0
66 96
0
66 97
0
66 98
0
66 99
0
66 100
0
66 101
0
66 102
0
66 103
0
66 104
0
66 105
0
66 106
0
66 107
0
66 108
0
66 109
0
66 110
0
66 111
0
66 112
0
66 113
0
66 114
0
66 115
0
66 116
0
66 117
0
66 118
0
66 119
0
66 120
0
66 121
0
66 122
0
66 123
0
66 124
0
66 125
0
66 126
0
66 127
0
66 128
0
66 129
0
66 130
0
66 131
0
66 132
0
66 133
0
66 134
0
66 135
0
66 136
0
66 137
0
66 138
0
66 139
0
66 140
0
66 141
0
66 142
0
66 143
0
66 144
0
66 145
0
66 146
0
66 147
0
66 148
0
66 149
0
66 150
0
66 151
0
66 152
0
66 153
0
66 154
0
66 155
0
66 156
0
66 157
0
66 158
0
66 159
0
66 160
0
66 161
0
66 162
0
66 163
0
66 164
0
66 165
0
66 166
0
66 167
0
66 168
0
66 169
0
66 170
0
66 171
0
66 172
0
66 173
0
66 174
0
66 175
0
66 176
0
66 177
0
66 178
0
66 179
0
66 180
0
66 181
0
66 182
0
66 183
0
66 184
0
66 185
0
66 186
0
66 187
0
66 188
0
66 189
0
66 190
0
66 191
0
66 192
0
66 193
0
66 194
0
66 195
0
66 196
0
66 197
0
66 198
0
66 199
0
66 200
0
66 201
0
66 202
0
66 203
0
66 204
0
67 205
0
67 206
0
67 207
0
67 208
0
67 209
0
68 210
0
68 211
0
69 212
0
70 213
0
71 214
0
72 214
0
73 215
0
74 216
0
75 216
0
76 216
0
77 217
0
78 217
0
79 217
0
80 217
0
81 216
0
82 216
0
83 216
0
84 215
0
85 214
0
86 214
0
87 213
0
88 212
0
89 211
0
90 210
0
91 209
0
92 208
0
93 207
0
94 206
0
95 205
0
96 204
0
97 203
0
98 202
0
99 201
0
100 200
0
101 199
0
102 198
0
103 197
0
104 196
0
105 195
0
106 194
0
107 193
0
108 192
0
109 191
0
110 190
0
111 189
0
112 188
0
113 187
0
114 186
0
115 185
0
116 184
0
117 183
0
118 182
0
119 181
0
120 180
0
121 179
0
122 178
0
123 177
0
124 176
0
125 175
0
126 174
0
127 173
0
128 172
0
129 171
0
130 170
0
131 169
0
132 168
0
133 167
0
134 166
0
135 165
0
136 164
0
137 163
0
138 162
0
139 161
0
140 160
0
141 159
0
142 158
0
143 157
0
144 156
0
145 155
0
146 154
0
147 153
0
148 152
0
148 151
0
148 150
0
148 149
0
148 148
0
148 147
0
148 146
0
148 145
0
148 144
0
148 143
0
148 142
0
148 141
0
148 140
0
148 139
0
148 138
0
148 137
0
148 136
0
148 135
0
148 134
0
148 133
0
148 132
0
148 131
0
148 130
0
148 129
0
148 128
0
148 127
0
148 126
0
148 125
0
148 124
0
148 123
0
148 122
0
148 121
0
148 120
0
148 119
0
148 118
0
148 117
0
148 116
0
148 115
0
148 114
0
148 113
0
148 112
0
148 111
0
148 110
0
148 109
0
148 108
0
148 107
0
148 106
0
148 105
0
148 104
0
148 103
0
148 102
0
148 101
0
148 100
0
148 99
0
148 98
0
148 97
0
148 96
0
148 95
0
148 94
0
148 93
0
148 92
0
148 91
0
148 90
0
148 89
0
148 88
0
148 87
0
148 86
0
148 85
0
148 84
0
148 83
0
148 82
0
148 81
0
148 80
0
148 79
0
148 78
0
148 77
0
148 76
0
148 75
0
148 74
0
148 73
0
148 72
0
148 71
0
148 70
0
148 69
0
149 68
0
149 67
0
149 66
0
149 65
0
149 64
0
150 63
0
150 62
0
151 61
0
152 60
0
153 59
0
154 58
0
155 58
0
156 57
0
157 57
0
158 56
0
159 56
0
160 56
0
161 56
0
162 56
0
163 56
0
164 56
0
165 56
0
166 57
0
167 58
0
168 59
0
169 60
0
170 61
0
171 62
0
172 63
0
173 64
0
174 65
0
175 66
0
176 67
0
177 68
0
178 69
0
179 70
0
180 71
0
181 72
0
182 73
0
183 74
0
184 75
0
185 76
0
186 77
0
187 78
0
188 79
0
189 80
0
190 81
0
191 82
0
192 83
0
193 84
0
194 85
0
195 86
0
196 87
0
197 88
0
198 89
0
199 90
0
200 91
0
201 92
0
202 93
0
202 94
0
202 95
0
202 96
0
202 97
0
202 98
0
202 99
0
202 100
0
202 101
0
202 102
0
202 103
0
202 104
0
202 105
0
202 106
0
202 107
0
202 108
0
202 109
0
202 110
0
202 111
0
202 112
0
202 113
0
202 114
0
202 115
0
202 116
0
202 117
0
202 118
0
202 119
0
202 120
0
202 121
0
202 122
0
202 123
0
202 124
0
202 125
0
202 126
0
202 127
0
202 128
0
202 129
0
202 130
0
202 131
0
202 132
0
202 133
0
202 134
0
202 135
0
202 136
0
202 137
0
202 138
0
202 139
0
202 140
0
202 141
0
202 142
0
202 143
0
202 144
0
202 145
0
202 146
0
202 147
0
202 148
0
202 149
0
202 150
0
202 151
0
202 152
0
202 153
0
202 154
0
202 155
0
202 156
0
202 157
0
202 158
0
202 159
0
202 160
0
202 161
0
202 162
0
202 163
0
202 164
0
202 165
0
202 166
0
202 167
0
202 168
0
202 169
0
202 170
0
202 171
0
203 172
0
204 173
0
205 174
0
206 175
0
207 176
0
208 177
0
209 178
0
210 179
0
211 180
0
212 181
0
213 182
0
214 183
0
215 184
0
216 185
0
217 186
0
218 186
0
219 187
0
220 188
0
221 188
0
222 188
0
223 188
0
224 188
0
225 188
0
226 188
0
227 188
0
228 188
0
229 188
0
230 189
0
231 189
0
232 189
0
233 189
0
234 189
0
235 189
0
236 189
0
237 189
0
238 189
0
239 189
0
240 189
0
241 189
0
242 189
0
243 189
0
244 189
0
245 189
0
246 189
0
247 189
0
248 189
0
249 189
0
250 189
0
251 189
0
252 189
0
253 189
0
254 189
0
255 189
0
256 189
0
257 189
0
258 189
0
259 189
0
260 189
0
261 189
0
262 189
0
263 189
0
264 189
0
265 189
0
266 189
0
267 189
0
268 189
0
269 189
0
270 189
0
271 189
0
272 189
0
273 189
0
274 189
0
275 189
0
276 189
0
277 189
0
278 189
0
279 189
0
280 189
0
281 189
0
282 189
0
283 189
0
284 189
0
285 189
0
286 189
0
287 189
0
288 189
0
289 189
0
290 189
0
291 189
0
292 189
0
293 189
0
294 189
0
295 189
0
296 189
0
297 189
0
298 189
0
299 189
0
300 189
0
301 189
0
302 189
0
303 189
0
304 189
0
305 189
0
306 189
0
307 189
0
308 189
0
309 189
0
310 189
0
311 189
0
312 189
0
313 189
0
314 189
0
315 189
0
316 189
0
317 189
0
318 189
0
319 189
0
320 189
0
321 189
0
322 189
0
323 189
0
324 189
0
325 189
0
326 189
0
327 189
0
328 189
0
329 189
0
330 189
0
331 189
0
332 189
0
333 189
0
334 189
0
335 189
0
336 189
0
337 189
0
338 189
0
339 189
0
340 189
0
341 189
0
342 189
0
343 189
0
344 189
0
345 189
0
346 189
0
347 189
0
348 189
0
349 189
0
350 189
0
351 189
0
352 189
0
353 189
0
354 189
0
355 189
0
356 189
0
357 189
0
358 189
0
359 189
0
360 189
0
361 189
0
362 189
0
363 189
0
364 188
0
365 188
0
366 188
0
367 188
0
368 188
0
369 188
0
370 188
0
371 188
0
372 188
0
373 188
0
374 188
0
375 187
0
376 186
0
377 186
0
378 185
0
379 184
0
379 183
0
380 182
0
381 181
0
381 180
0
381 179
0
382 178
0
382 177
0
382 176
0
382 175
0
382 174
0
382 173
0
382 172
0
382 171
0
382 170
0
382 169
0
382 168
0
382 167
0
382 166
0
382 165
0
382 164
0
381 163
0
380 162
0
379 161
0
378 160
0
377 159
0
376 158
0
375 157
0
374 156
0
373 155
0
372 154
0
371 153
0
370 152
0
369 151
0
368 150
0
367 149
0
366 148
0
365 147
0
364 146
0
363 145
0
362 144
0
361 143
0
360 142
0
359 141
0
358 140
0
357 139
0
356 138
0
355 137
0
354 136
0
353 135
0
352 134
0
351 133
0
350 132
0
349 131
0
348 130
0
347 129
0
346 128
0
345 127
0
344 126
0
343 125
0
342 124
0
341 123
0
340 122
0
339 121
0
338 120
0
337 119
0
336 118
0
335 117
0
334 116
0
333 115
0
332 114
0
331 113
0
330 112
0
329 111
0
328 110
0
327 109
0
326 108
0
325 107
0
324 106
0
323 105
0
322 104
0
321 103
0
320 102
0
319 101
0
318 100
0
317 99
0
316 98
0
315 97
0
314 96
0
313 95
0
312 94
0
311 93
0
310 92
0
309 91
0
308 90
0
307 89
0
306 88
0
305 87
0
304 86
0
303 85
0
302 84
0
302 83
0
301 82
0
301 81
0
300 80
0
300 79
0
300 78
0
300 77
0
300 76
0
300 75
0
301 74
0
301 73
0
302 72
0
302 71
0
303 70
0
304 69
0
305 68
0
306 67
0
307 67
0
308 66
0
309 66
0
310 66
0
311 66
0
312 66
0
313 65
0
314 65
0
315 65
0
316 65
0
317 65
0
318 65
0
319 65
0
320 65
0
321 65
0
322 65
0
323 65
0
324 65
0
325 65
0
326 65
0
327 64
0
328 64
0
329 63
0
330 63
0
331 62
0
332 62
0
333 61
0
334 61
0
335 60
0
336 60
0
337 60
0
338 59
0
339 59
0
340 58
0
341 58
0
342 57
0
343 57
0
344 56
0
345 56
0
346 55
0
347 55
0
348 55
0
349 54
0
350 54
0
351 53
0
352 53
0
353 52
0
354 52
0
355 51
0
356 51
0
357 50
0
358 50
0
359 50
0
360 49
0
361 49
0
362 48
0
363 48
0
364 47
0
365 47
0
366 46
0
367 46
0
368 45
0
369 45
0
370 45
0
371 44
0
372 44
0
373 43
0
374 43
0
375 42
0
376 42
0
377 41
0
378 41
0
379 41
0
380 40
1
40 60 1.57075
1
39.8792 61.95 1.50885
1
39.8793 63.9038 1.44695
1
40.0003 65.8538 1.38504
1
40.2416 67.7925 1.32314
1
40.6025 69.7127 1.26124
1
41.0814 71.6068 1.19934
1
41.6766 73.4677 1.13744
1
42.3857 75.2882 1.07553
1
43.2062 77.0614 1.01363
1
44.1347 78.7804 0.95173
1
45.3647 80.2984 1.01363
1
46.3978 81.9566 1.01363
1
47.4309 83.6149 1.01363
1
48.464 85.2731 1.01363
1
49.5977 86.8643 1.07553
1
50.6308 88.5226 1.13744
1
51.5594 90.2416 1.19934
1
52.3798 92.0147 1.26124
1
53.089 93.8352 1.32314
1
53.6841 95.6961 1.38504
1
54.1631 97.5903 1.44695
1
54.5239 99.5104 1.50885
1
54.7652 101.449 1.57075
1
54.8862 103.399 1.63265
1
54.8863 105.353 1.69455
1
54.7655 107.303 1.75646
1
54.5243 109.242 1.81836
1
54.1637 111.162 1.88026
1
53.6849 113.056 1.94216
1
53.0899 114.917 2.00406
1
52.3809 116.738 2.06597
1
51.5607 118.511 2.12787
1
50.6323 120.23 2.18977
1
49.5993 121.888 2.25167
1
48.4658 123.48 2.31357
1
47.2359 124.998 2.37548
1
45.9145 126.437 2.43738
1
44.5067 127.791 2.49928
1
42.8729 128.863 2.43738
1
41.3085 130.033 2.37548
1
39.8195 131.298 2.31357
1
38.4116 132.653 2.25167
1
37.0902 134.092 2.18977
1
35.8603 135.61 2.12787
1
34.7268 137.201 2.06597
1
33.9065 138.974 2.12787
1
32.8736 140.633 2.12787
1
31.74 142.224 2.06597
1
30.707 143.882 2.00406
1
29.7787 145.602 1.94216
1
28.9584 147.375 1.88026
1
28.2494 149.195 1.81836
1
27.6544 151.056 1.75646
1
27.1756 152.95 1.69455
1
27.0549 154.9 1.75646
1
26.8137 156.839 1.81836
1
26.453 158.759 1.88026
1
25.858 160.62 1.88026
1
25.263 162.481 1.88026
1
24.668 164.342 1.88026
1
23.959 166.163 1.81836
1
23.364 168.024 1.75646
1
22.8853 169.918 1.69455
1
22.5246 171.838 1.63265
1
22.2834 173.777 1.57075
1
22.1627 175.727 1.50885
1
22.1627 177.681 1.44695
1
22.2837 179.631 1.38504
1
22.5251 181.57 1.32314
1
22.8859 183.49 1.26124
1
23.3648 185.384 1.19934
1
23.96 187.245 1.13744
1
24.6692 189.065 1.07553
1
25.4896 190.838 1.01363
1
26.4181 192.557 0.95173
1
27.4512 194.216 0.889827
1
28.5849 195.807 0.827925
1
29.8149 197.325 0.766023
1
31.1364 198.764 0.704121
1
32.5445 200.118 0.642219
1
34.0336 201.383 0.580317
1
35.5981 202.553 0.518415
1
37.232 203.624 0.456513
1
38.929 204.593 0.394611
1
40.7326 205.344 0.394611
1
42.5362 206.095 0.394611
1
44.3398 206.846 0.394611
1
46.0935 207.707 0.332709
1
47.8971 208.458 0.270807
1
49.7796 208.981 0.270807
1
51.6622 209.504 0.270807
1
53.5447 210.026 0.270807
1
55.4272 210.549 0.270807
1
57.3385 210.954 0.332709
1
59.1851 211.592 0.332709
1
61.0317 212.23 0.332709
1
62.8783 212.868 0.332709
1
64.725 213.506 0.332709
1
66.5716 214.145 0.332709
1
68.4182 214.783 0.332709
1
70.2648 215.421 0.332709
1
72.1114 216.059 0.332709
1
73.958 216.697 0.332709
1
72.1544 215.946 0.270807
1
74.001 216.584 0.208905
1
75.8836 217.107 0.147003
1
77.7949 217.512 0.0851007
1
79.7481 217.557 0.147003
1
81.6808 217.843 0.147003
1
83.592 218.248 0.0851007
1
85.5247 218.535 0.0231986
1
87.4714 218.701 6.24448
1
89.4246 218.746 6.18258
1
91.3769 218.67 6.12068
1
93.3208 218.474 6.05878
1
95.2488 218.158 5.99687
1
97.1535 217.723 5.93497
1
99.0278 217.172 5.87307
1
100.864 216.505 5.81117
1
102.656 215.726 5.74927
1
104.396 214.838 5.68736
1
106.078 213.843 5.62546
1
107.695 212.747 5.56356
1
109.241 211.553 5.50166
1
110.71 210.265 5.43976
1
112.097 208.889 5.37785
1
113.396 207.429 5.31595
1
114.603 205.892 5.25405
1
115.712 204.284 5.19215
1
116.719 202.61 5.13025
1
117.4 200.779 5.19215
1
118.193 198.993 5.25405
1
119.301 197.384 5.19215
1
120.309 195.71 5.13025
1
121.211 193.977 5.06834
1
122.003 192.191 5.00644
1
122.684 190.36 4.94454
1
123.25 188.49 4.88264
1
123.7 186.589 4.82073
1
124.031 184.663 4.75883
1
124.001 182.71 4.82073
1
124.092 180.758 4.88264
1
124.303 178.816 4.94454
1
124.634 176.89 5.00644
1
125.083 174.989 5.06834
1
125.876 173.203 5.00644
1
126.557 171.372 4.94454
1
126.888 169.447 5.00644
1
127.569 167.615 4.94454
1
128.135 165.745 4.88264
1
128.585 163.844 4.82073
1
128.916 161.919 4.75883
1
129.127 159.976 4.69693
1
129.218 158.025 4.63503
1
129.187 156.071 4.57313
1
129.036 154.123 4.51122
1
128.765 152.188 4.44932
1
128.375 150.274 4.38742
1
127.867 148.388 4.32552
1
127.243 146.536 4.26362
1
126.506 144.727 4.20171
1
125.658 142.966 4.13981
1
124.703 141.262 4.07791
1
123.645 139.62 4.01601
1
122.487 138.046 3.95411
1
121.058 136.714 4.01601
1
119.714 135.295 4.07791
1
118.461 133.796 4.13981
1
117.303 132.223 4.20171
1
116.244 130.581 4.26362
1
115.29 128.876 4.32552
1
114.442 127.116 4.38742
1
113.705 125.307 4.44932
1
113.081 123.455 4.51122
1
112.573 121.569 4.57313
1
112.302 119.634 4.57313
1
112.151 117.686 4.51122
1
111.88 115.751 4.44932
1
111.489 113.837 4.38742
1
110.981 111.95 4.32552
1
110.357 110.099 4.26362
1
109.402 108.394 4.32552
1
108.555 106.634 4.38742
1
107.818 104.824 4.44932
1
107.194 102.973 4.51122
1
106.686 101.086 4.57313
1
106.295 99.1721 4.63503
1
106.024 97.2372 4.69693
1
105.873 95.2893 4.75883
1
105.843 93.3358 4.82073
1
105.934 91.3842 4.88264
1
106.145 89.4419 4.94454
1
106.476 87.5164 5.00644
1
106.925 85.615 5.06834
1
107.492 83.7451 5.13025
1
108.173 81.9139 5.19215
1
108.965 80.1282 5.25405
1
109.867 78.395 5.31595
1
110.874 76.7209 5.37785
1
111.983 75.1124 5.43976
1
113.19 73.5755 5.50166
1
114.489 72.1162 5.56356
1
115.876 70.74 5.62546
1
117.345 69.4523 5.68736
1
118.891 68.258 5.74927
1
120.508 67.1615 5.81117
1
122.19 66.1673 5.87307
1
123.93 65.2789 5.93497
1
125.722 64.4999 5.99687
1
127.558 63.8333 6.05878
1
129.463 63.3985 6.05878
1
131.368 62.9637 6.05878
1
133.273 62.529 6.05878
1
135.177 62.0942 6.05878
1
137.082 61.6594 6.05878
1
138.987 61.2247 6.05878
1
140.892 60.7899 6.05878
1
142.796 60.3551 6.05878
1
144.701 59.9204 6.05878
1
146.606 59.4856 6.05878
1
148.511 59.0508 6.05878
1
150.415 58.6161 6.05878
1
152.32 58.1813 6.05878
1
154.225 57.7465 6.05878
1
156.13 57.3117 6.05878
1
158.004 56.76 6.12068
1
159.909 56.3252 6.18258
1
161.837 56.0091 6.24448
1
163.78 55.8129 0.0231988
1
165.733 55.7373 0.0851008
1
167.686 55.7826 0.147003
1
169.619 56.0688 0.147003
1
171.551 56.3549 0.147003
1
173.484 56.6411 0.147003
1
175.431 56.8072 0.208905
1
177.363 57.0934 0.270807
1
179.275 57.4986 0.332709
1
181.157 58.0212 0.394611
1
183.004 58.6593 0.456513
1
184.807 59.4104 0.518415
1
186.561 60.2717 0.580317
1
188.258 61.2398 0.642219
1
189.892 62.311 0.704121
1
191.456 63.4812 0.766024
1
192.946 64.746 0.827926
1
194.354 66.1005 0.889828
1
195.675 67.5395 0.95173
1
196.905 69.0575 1.01363
1
198.039 70.6487 1.07553
1
199.072 72.3069 1.13744
1
200 74.0259 1.19934
1
200.821 75.7991 1.26124
1
201.53 77.6196 1.32314
1
202.125 79.4805 1.38504
1
202.604 81.3746 1.44695
1
202.965 83.2947 1.50885
1
203.206 85.2335 1.57075
1
203.327 87.1835 1.63265
1
203.327 89.1373 1.69455
1
203.086 91.0761 1.69455
1
202.845 93.0149 1.69455
1
202.604 94.9537 1.69455
1
202.363 96.8925 1.69455
1
202.122 98.8313 1.69455
1
201.88 100.77 1.69455
1
201.639 102.709 1.69455
1
201.398 104.648 1.69455
1
201.157 106.587 1.69455
1
200.916 108.525 1.69455
1
200.674 110.464 1.69455
1
200.433 112.403 1.69455
1
200.192 114.342 1.69455
1
199.951 116.281 1.69455
1
199.71 118.219 1.69455
1
199.469 120.158 1.69455
1
199.227 122.097 1.69455
1
198.986 124.036 1.69455
1
198.745 125.975 1.69455
1
198.504 127.913 1.69455
1
198.263 129.852 1.69455
1
198.021 131.791 1.69455
1
197.78 133.73 1.69455
1
197.539 135.669 1.69455
1
197.298 137.607 1.69455
1
197.057 139.546 1.69455
1
196.696 141.466 1.63265
1
196.455 143.405 1.57075
1
196.334 145.355 1.50885
1
196.334 147.309 1.44695
1
196.455 149.259 1.38504
1
196.697 151.198 1.32314
1
197.057 153.118 1.26124
1
197.536 155.012 1.19934
1
198.131 156.873 1.13744
1
198.841 158.693 1.07553
1
199.874 160.352 1.13744
1
200.802 162.071 1.19934
1
201.511 163.891 1.19934
1
202.221 165.712 1.19934
1
202.93 167.532 1.19934
1
203.639 169.353 1.19934
1
204.348 171.173 1.19934
1
204.943 173.034 1.13744
1
205.652 174.855 1.07553
1
206.473 176.628 1.01363
1
207.401 178.347 0.95173
1
208.435 180.005 0.889828
1
209.568 181.596 0.827926
1
210.798 183.114 0.766024
1
212.12 184.553 0.704121
1
213.528 185.908 0.642219
1
215.017 187.172 0.580317
1
216.581 188.343 0.518415
1
218.215 189.414 0.456513
1
219.912 190.382 0.394611
1
221.666 191.243 0.332709
1
223.47 191.994 0.270807
1
225.316 192.632 0.208905
1
227.199 193.155 0.147003
1
229.11 193.56 0.0851008
1
231.063 193.606 0.147003
1
233.01 193.772 0.208905
1
234.943 194.058 0.270807
1
236.854 194.463 0.332709
1
238.736 194.986 0.394611
1
240.583 195.624 0.456513
1
242.28 196.592 0.394611
1
244.084 197.343 0.394611
1
245.887 198.094 0.394611
1
247.691 198.845 0.394611
1
249.494 199.596 0.394611
1
251.298 200.347 0.394611
1
253.102 201.099 0.394611
1
254.905 201.85 0.394611
1
256.709 202.601 0.394611
1
258.512 203.352 0.394611
1
260.316 204.103 0.394611
1
262.12 204.854 0.394611
1
263.923 205.605 0.394611
1
265.727 206.356 0.394611
1
267.53 207.107 0.394611
1
269.334 207.859 0.394611
1
271.138 208.61 0.394611
1
272.941 209.361 0.394611
1
274.745 210.112 0.394611
1
276.498 210.973 0.332709
1
278.302 211.724 0.270807
1
280.149 212.362 0.208905
1
282.031 212.885 0.147003
1
283.942 213.29 0.0851008
1
285.896 213.335 0.147003
1
287.842 213.502 0.208905
1
289.775 213.788 0.270807
1
291.686 214.193 0.332709
1
293.569 214.716 0.394611
1
295.416 215.354 0.456513
1
297.219 216.105 0.518415
1
298.973 216.966 0.580317
1
300.67 217.934 0.642219
1
302.159 219.199 0.580317
1
303.723 220.369 0.518415
1
305.357 221.44 0.456513
1
307.054 222.408 0.394611
1
308.808 223.27 0.332709
1
310.691 223.792 0.394611
1
312.537 224.43 0.456513
1
314.341 225.182 0.518415
1
316.094 226.043 0.580317
1
317.791 227.011 0.642219
1
319.281 228.276 0.580317
1
320.845 229.446 0.518415
1
322.479 230.517 0.456513
1
324.176 231.485 0.394611
1
325.93 232.347 0.332709
1
327.733 233.098 0.270807
1
329.58 233.736 0.208905
1
331.462 234.258 0.147003
1
333.374 234.664 0.0851008
1
335.306 234.95 0.0231987
1
337.26 234.995 0.0231987
1
339.213 235.04 0.0231987
1
341.166 235.086 0.0231987
1
343.113 235.252 6.24448
1
345.066 235.297 6.18258
1
347.018 235.221 6.12068
1
348.962 235.025 6.05878
1
350.89 234.709 5.99687
1
352.795 234.274 5.93497
1
354.669 233.723 5.87307
1
356.506 233.056 5.81117
1
358.297 232.277 5.74927
1
360.037 231.389 5.68736
1
361.719 230.394 5.62546
1
363.336 229.298 5.56356
1
364.883 228.104 5.50166
1
366.352 226.816 5.43976
1
367.739 225.44 5.37785
1
369.038 223.98 5.31595
1
370.244 222.443 5.25405
1
371.353 220.835 5.19215
1
372.36 219.161 5.13025
1
373.262 217.428 5.06834
1
374.055 215.642 5.00644
1
374.736 213.811 4.94454
1
375.185 211.909 4.94454
1
375.635 210.008 4.94454
1
376.084 208.107 4.94454
1
376.534 206.205 4.94454
1
376.983 204.304 4.94454
1
377.433 202.403 4.94454
1
377.882 200.501 4.94454
1
378.332 198.6 4.94454
1
378.781 196.699 4.94454
1
379.231 194.797 4.94454
1
379.68 192.896 4.94454
1
380.13 190.995 4.94454
1
380.579 189.093 4.94454
1
381.029 187.192 4.94454
1
381.478 185.291 4.94454
1
382.044 183.421 4.88264
1
382.494 181.519 4.82073
1
382.825 179.594 4.75883
1
383.036 177.652 4.69693
1
383.127 175.7 4.63503
1
383.097 173.747 4.57313
1
382.825 171.812 4.57313
1
382.554 169.877 4.57313
1
382.403 167.929 4.51122
1
382.132 165.994 4.44932
1
381.742 164.08 4.38742
1
381.234 162.193 4.32552
1
380.61 160.342 4.26362
1
379.873 158.532 4.20171
1
379.025 156.772 4.13981
1
378.07 155.068 4.07791
1
377.012 153.425 4.01601
1
375.853 151.852 3.95411
1
374.6 150.353 3.8922
1
373.257 148.935 3.8303
1
371.828 147.602 3.7684
1
370.32 146.36 3.7065
1
368.737 145.214 3.6446
1
367.087 144.168 3.58269
1
365.375 143.227 3.52079
1
363.608 142.392 3.45889
1
361.794 141.669 3.39699
1
359.937 141.06 3.33509
1
358.047 140.566 3.27318
1
356.098 140.43 3.33509
1
354.161 140.174 3.39699
1
352.244 139.798 3.45889
1
350.353 139.304 3.52079
1
348.497 138.695 3.58269
1
346.682 137.972 3.6446
1
344.97 137.03 3.6446
1
343.259 136.088 3.6446
1
341.547 135.146 3.6446
1
339.835 134.204 3.6446
1
338.123 133.263 3.6446
1
336.412 132.321 3.6446
1
334.7 131.379 3.6446
1
332.988 130.437 3.6446
1
331.276 129.495 3.6446
1
329.565 128.553 3.6446
1
327.853 127.612 3.6446
1
326.141 126.67 3.6446
1
324.374 125.836 3.7065
1
322.663 124.894 3.7684
1
321.012 123.848 3.8303
1
319.43 122.702 3.8922
1
317.922 121.46 3.95411
1
316.668 119.961 3.8922
1
315.16 118.72 3.95411
1
313.731 117.387 4.01601
1
312.388 115.969 4.07791
1
311.134 114.47 4.13981
1
309.976 112.896 4.20171
1
310.824 114.657 4.13981
1
311.779 116.361 4.07791
1
312.837 118.003 4.01601
1
311.679 116.43 3.95411
1
310.426 114.931 3.8922
1
309.083 113.512 3.8303
1
307.654 112.18 3.7684
1
306.145 110.938 3.7065
1
304.563 109.792 3.6446
1
302.913 108.746 3.58269
1
304.68 109.58 3.58269
1
306.446 110.414 3.58269
1
308.213 111.248 3.58269
1
310.028 111.972 3.6446
1
311.795 112.806 3.7065
1
313.507 113.748 3.7684
1
315.157 114.794 3.8303
1
316.739 115.94 3.8922
1
318.248 117.181 3.95411
1
316.819 115.849 4.01601
1
315.475 114.43 4.07791
1
314.222 112.931 4.13981
1
313.064 111.358 4.20171
1
312.005 109.716 4.26362
1
311.051 108.011 4.32552
1
310.313 106.202 4.32552
1
309.576 104.392 4.32552
1
308.839 102.583 4.32552
1
308.102 100.774 4.32552
1
307.365 98.9644 4.32552
1
306.628 97.155 4.32552
1
305.891 95.3457 4.32552
1
305.154 93.5363 4.32552
1
304.416 91.727 4.32552
1
303.569 89.9667 4.38742
1
302.832 88.1573 4.44932
1
302.208 86.3058 4.51122
1
301.7 84.4193 4.57313
1
301.309 82.5049 4.63503
1
301.038 80.5701 4.69693
1
300.887 78.6222 4.75883
1
300.857 76.6687 4.82073
1
300.948 74.717 4.88264
1
301.159 72.7747 4.94454
1
301.49 70.8492 5.00644
1
301.041 72.7506 5.06834
1
300.474 74.6205 5.13025
1
299.793 76.4518 5.19215
1
300.586 74.6661 5.25405
1
301.488 72.9329 5.31595
1
302.495 71.2588 5.37785
1
303.604 69.6503 5.43976
1
304.811 68.1134 5.50166
1
306.11 66.6541 5.56356
1
307.496 65.2779 5.62546
1
308.966 63.9902 5.68736
1
310.512 62.7958 5.74927
1
312.129 61.6994 5.81117
1
313.811 60.7051 5.87307
1
315.551 59.8168 5.93497
1
317.343 59.0378 5.99687
1
319.217 58.486 5.99687
1
321.091 57.9343 5.99687
1
322.965 57.3825 5.99687
1
324.84 56.8307 5.99687
1
326.714 56.279 5.99687
1
328.588 55.7272 5.99687
1
330.462 55.1754 5.99687
1
332.336 54.6236 5.99687
1
334.173 53.957 6.05878
1
336.101 53.6409 5.99687
1
338.006 53.2061 5.93497
1
339.88 52.6544 5.87307
1
341.716 51.9877 5.81117
1
343.398 50.9934 5.87307
1
345.138 50.1051 5.93497
1
346.93 49.3261 5.99687
1
348.767 48.6594 6.05878
1
350.695 48.3433 5.99687
1
352.599 47.9085 5.93497
1
354.474 47.3568 5.87307
1
356.31 46.6901 5.81117
1
358.102 45.9111 5.74927
1
359.719 44.8147 5.81117
1
361.401 43.8204 5.87307
1
363.141 42.9321 5.93497
1
364.932 42.1531 5.99687
1
366.769 41.4864 6.05878
1
368.643 40.9347 6.12068
1
370.548 40.4999 6.18258
1
372.476 40.1838 6.24448
1
374.42 39.9876 0.0231988
1
376.373 40.0329 0.0231988
1
378.325 39.9573 0.0851008
2
40.0007 74.155
0 0 0.70709 0.707123
3
49.2117 97.0996
30.7917 97.1004
30.7896 51.2104
49.2096 51.2096
2
40.7555 76.0779
0 0 0.684869 0.728666
3
51.3684 98.4087
32.9837 99.549
30.1427 53.7471
48.5274 52.6067
2
41.6279 77.9503
0 0 0.661992 0.749511
3
53.6019 99.5818
35.323 101.857
29.654 56.3188
47.9329 54.0433
2
42.6145 79.7653
0 0 0.63848 0.769638
3
55.9037 100.615
37.8006 104.017
29.3253 58.9159
47.4284 55.514
2
43.7114 81.5157
0 0 0.614357 0.789028
3
58.265 101.503
40.407 106.018
29.1579 61.5284
47.0159 57.0131
2
44.9146 83.1949
0 0 0.589646 0.807662
3
60.6767 102.244
43.1322 107.855
29.1525 64.1462
46.6969 58.5348
2
46.2193 84.7964
0 0 0.564369 0.825523
3
63.1296 102.834
45.9659 109.52
29.309 66.7593
46.4727 60.0733
2
47.6206 86.3142
0 0 0.538552 0.842592
3
65.6143 103.271
48.8971 111.006
29.6268 69.3578
46.3441 61.6228
2
49.1131 87.7424
0 0 0.512219 0.858855
3
68.1213 103.553
51.9146 112.308
30.1048 71.9316
46.3115 63.1772
2
50.6911 89.0755
0 0 0.485396 0.874295
3
70.641 103.68
55.0069 113.42
30.7411 74.4709
46.3752 64.7307
2
52.3485 90.3085
0 0 0.458107 0.888897
3
73.1637 103.651
58.1621 114.34
31.5333 76.9659
46.5349 66.2773
2
52.8496 92.3125
0 0 0.485396 0.874295
3
72.7995 106.917
57.1654 116.657
32.8996 77.7079
48.5337 67.9677
2
53.8827 93.9708
0 0 0.485396 0.874295
3
73.8326 108.575
58.1985 118.316
33.9327 79.3661
49.5668 69.626
2
54.9158 95.6291
0 0 0.485396 0.874295
3
74.8658 110.234
59.2316 119.974
34.9658 81.0244
50.6 71.2842
2
55.9489 97.2873
0 0 0.485396 0.874295
3
75.8989 111.892
60.2647 121.632
35.9989 82.6826
51.6331 72.9425
2
56.3251 99.3185
0 0 0.512219 0.858855
3
75.3333 115.129
59.1266 123.884
37.3168 83.5077
53.5235 74.7533
2
56.5748 101.369
0 0 0.538552 0.842592
3
74.5686 118.326
57.8513 126.061
38.5811 84.4126
55.2983 76.6776
2
56.6973 103.431
0 0 0.564369 0.825523
3
73.6076 121.468
56.4439 128.154
39.7869 85.3941
56.9507 78.7081
2
56.6919 105.497
0 0 0.589646 0.807662
3
72.454 124.546
54.9096 130.157
40.9298 86.4482
58.4743 80.8368
2
56.5588 107.558
0 0 0.614357 0.789028
3
71.1123 127.546
53.2543 132.061
42.0052 87.5711
59.8633 83.0558
2
56.2984 109.608
0 0 0.63848 0.769638
3
69.5876 130.457
51.4844 133.859
43.0092 88.7583
61.1123 85.3564
2
55.9117 111.637
0 0 0.661992 0.749511
3
67.8856 133.268
49.6067 135.544
43.9377 90.0053
62.2166 87.7298
2
55.4002 113.638
0 0 0.684869 0.728666
3
66.013 135.969
47.6284 137.109
44.7874 91.3074
63.172 90.1671
2
54.7659 115.604
0 0 0.70709 0.707123
3
63.977 138.549
45.557 138.55
45.5548 92.6596
63.9748 92.6588
2
54.0112 117.527
0 0 0.728634 0.684903
3
61.7852 140.998
43.4004 139.859
46.2372 94.0567
64.622 95.1953
2
53.139 119.4
0 0 0.749481 0.662026
3
59.4461 143.306
41.167 141.032
46.8318 95.4933
65.1109 97.7671
2
52.1526 121.215
0 0 0.769609 0.638516
3
56.9688 145.465
38.8653 142.065
47.3364 96.9639
65.4398 100.364
2
51.0558 122.965
0 0 0.789 0.614394
3
54.3625 147.468
36.5041 142.954
47.749 98.4629
65.6075 102.977
2
49.8528 124.645
0 0 0.807635 0.589683
3
51.6375 149.304
34.0925 143.695
48.0682 99.9846
65.6132 105.594
2
48.5483 126.246
0 0 0.825496 0.564407
3
48.804 150.969
31.6396 144.285
48.2926 101.523
65.4569 108.208
2
47.1471 127.764
0 0 0.842567 0.538591
3
45.8729 152.456
29.1549 144.722
48.4213 103.073
65.1393 110.806
2
45.6547 129.192
0 0 0.858831 0.512259
3
42.8555 153.758
26.6479 145.005
48.454 104.627
64.6615 113.38
2
44.0769 130.526
0 0 0.874272 0.485436
3
39.7633 154.871
24.1283 145.132
48.3905 106.18
64.0255 115.919
2
42.4196 131.759
0 0 0.888876 0.458148
3
36.6082 155.791
21.6056 145.103
48.2309 107.727
63.2335 118.414
2
40.6891 132.887
0 0 0.902628 0.430422
3
33.4022 156.513
19.0895 144.918
47.976 109.261
62.2888 120.856
2
38.8922 133.906
0 0 0.915515 0.402283
3
30.1577 157.036
16.5897 144.578
47.6268 110.776
61.1948 123.234
2
37.0357 134.812
0 0 0.927526 0.373759
3
26.887 157.357
14.1157 144.084
47.1844 112.266
59.9558 125.54
2
35.1267 135.601
0 0 0.938648 0.344876
3
23.6027 157.476
11.677 143.437
46.6507 113.727
58.5765 127.765
2
33.1726 136.271
0 0 0.948871 0.315664
3
20.3174 157.391
9.28297 142.642
46.0277 115.151
57.0622 129.9
2
32.085 138.027
0 0 0.938648 0.344876
3
20.5611 159.902
8.6353 145.863
43.609 116.153
55.5348 130.191
2
31.1082 139.847
0 0 0.927526 0.373759
3
20.9595 162.393
8.18819 149.119
41.2569 117.302
54.0283 130.575
2
30.2459 141.725
0 0 0.915515 0.402283
3
21.5114 164.855
7.94335 152.397
38.9805 118.594
52.5485 131.052
2
29.5014 143.651
0 0 0.902628 0.430422
3
22.2145 167.278
7.90172 155.683
36.7883 120.025
51.101 131.62
2
28.8775 145.621
0 0 0.888876 0.458148
3
23.0661 169.652
8.06346 158.965
34.6888 121.589
49.6914 132.276
2
28.3766 147.625
0 0 0.874272 0.485436
3
24.063 171.97
8.42795 162.231
32.6901 123.28
48.3252 133.018
2
28.0006 149.656
0 0 0.858831 0.512259
3
25.2013 174.221
8.99379 165.469
30.7999 125.091
47.0074 133.843
2
26.4227 150.989
0 0 0.874272 0.485436
3
22.1091 175.335
6.47412 165.596
30.7363 126.644
46.3713 136.383
2
25.3898 152.648
0 0 0.874272 0.485436
3
21.0762 176.993
5.44117 167.254
29.7034 128.302
45.3384 138.041
2
25.0138 154.679
0 0 0.858831 0.512259
3
22.2145 179.244
6.00701 170.491
27.8131 130.113
44.0206 138.866
2
24.7642 156.729
0 0 0.842567 0.538591
3
23.49 181.421
6.77203 173.688
26.0384 132.038
42.7564 139.771
2
24.642 158.792
0 0 0.825496 0.564407
3
24.8977 183.515
7.73332 176.83
24.3863 134.068
41.5506 140.753
2
24.6475 160.857
0 0 0.807635 0.589683
3
26.4322 185.517
8.88717 179.907
22.8629 136.197
40.4079 141.807
2
24.7809 162.919
0 0 0.789 0.614394
3
28.0876 187.421
10.2292 182.907
21.4741 138.416
39.3325 142.93
2
25.0415 164.968
0 0 0.769609 0.638516
3
29.8576 189.219
11.7542 185.819
20.2253 140.717
38.3287 144.117
2
25.4283 166.997
0 0 0.749481 0.662026
3
31.7355 190.904
13.4564 188.63
19.1211 143.091
37.4003 145.365
2
24.4419 168.812
0 0 0.769609 0.638516
3
29.2581 193.063
11.1547 189.663
19.6257 144.561
37.7292 147.962
2
23.3451 170.563
0 0 0.789 0.614394
3
26.6519 195.065
8.79347 190.551
20.0384 146.06
37.8968 150.574
2
22.1422 172.242
0 0 0.807635 0.589683
3
23.9268 196.902
6.38182 191.292
20.3575 147.582
37.9025 153.192
2
21.5472 174.103
0 0 0.807635 0.589683
3
23.3318 198.763
5.78681 193.153
19.7625 149.443
37.3075 155.053
2
20.9521 175.964
0 0 0.807635 0.589683
3
22.7368 200.624
5.1918 195.014
19.1675 151.304
36.7125 156.914
2
20.3571 177.825
0 0 0.807635 0.589683
3
22.1418 202.485
4.59678 196.875
18.5725 153.165
36.1175 158.775
2
20.4905 179.886
0 0 0.789 0.614394
3
23.7972 204.389
5.93879 199.875
17.1837 155.384
35.0421 159.898
2
20.7511 181.936
0 0 0.769609 0.638516
3
25.5673 206.186
7.46381 202.786
15.9349 157.685
34.0383 161.085
2
21.1379 183.965
0 0 0.749481 0.662026
3
27.4451 207.871
9.166 205.597
14.8308 160.058
33.1099 162.332
2
21.6496 185.966
0 0 0.728634 0.684903
3
29.4236 209.437
11.0388 208.298
13.8756 162.496
32.2604 163.634
2
22.2841 187.932
0 0 0.70709 0.707123
3
31.4952 210.877
13.0752 210.877
13.073 164.987
31.493 164.987
2
23.039 189.855
0 0 0.684869 0.728666
3
33.6518 212.186
15.2671 213.326
12.4261 167.524
30.8108 166.384
2
23.9114 191.727
0 0 0.661992 0.749511
3
35.8853 213.359
17.6064 215.634
11.9374 170.096
30.2163 167.82
2
24.8979 193.542
0 0 0.63848 0.769638
3
38.1871 214.392
20.084 217.793
11.6087 172.693
29.7119 169.291
2
25.9949 195.293
0 0 0.614357 0.789028
3
40.5484 215.28
22.6904 219.795
11.4414 175.305
29.2994 170.79
2
27.198 196.972
0 0 0.589646 0.807662
3
42.9601 216.021
25.4157 221.632
11.4359 177.923
28.9804 172.312
2
28.5027 198.573
0 0 0.564369 0.825523
3
45.413 216.611
28.2493 223.297
11.5924 180.536
28.7561 173.85
2
29.904 200.091
0 0 0.538552 0.842592
3
47.8978 217.048
31.1805 224.783
11.9102 183.135
28.6275 175.4
2
31.3965 201.519
0 0 0.512219 0.858855
3
50.4048 217.33
34.198 226.085
12.3882 185.708
28.595 176.954
2
32.9745 202.852
0 0 0.485396 0.874295
3
52.9244 217.457
37.2903 227.197
13.0245 188.248
28.6586 178.508
2
34.6319 204.085
0 0 0.458107 0.888897
3
55.4471 217.428
40.4455 228.117
13.8167 190.743
28.8183 180.054
2
36.3625 205.213
0 0 0.43038 0.902648
3
57.9632 217.243
43.6516 228.839
14.7617 193.184
29.0733 181.588
2
38.1595 206.232
0 0 0.40224 0.915534
3
60.463 216.902
46.8961 229.362
15.8559 195.562
29.4228 183.103
2
40.016 207.138
0 0 0.373716 0.927543
3
62.937 216.408
50.1668 229.683
17.0951 197.868
29.8653 184.593
2
41.9251 207.927
0 0 0.344833 0.938664
3
65.3756 215.761
53.4511 229.801
18.4747 200.093
30.3991 186.054
2
43.8793 208.597
0 0 0.31562 0.948886
3
67.7695 214.965
56.7364 229.715
19.9892 202.228
31.0223 187.478
2
45.8712 209.144
0 0 0.286104 0.958199
3
70.1096 214.022
60.0101 229.427
21.6328 204.266
31.7323 188.861
2
47.8932 209.567
0 0 0.256315 0.966593
3
72.3869 212.937
63.2597 228.936
23.3994 206.198
32.5266 190.198
2
49.9374 209.864
0 0 0.22628 0.974062
3
74.5927 211.712
66.4728 228.246
25.2821 208.016
33.4021 191.483
2
51.9961 210.034
0 0 0.196028 0.980598
3
76.7185 210.353
69.637 227.358
27.2738 209.715
34.3553 192.711
2
53.7997 210.786
0 0 0.196028 0.980598
3
78.5221 211.105
71.4405 228.109
29.0774 210.467
36.1589 193.462
2
55.6033 211.537
0 0 0.196028 0.980598
3
80.3257 211.856
73.2441 228.86
30.881 211.218
37.9625 194.213
2
57.4069 212.288
0 0 0.196028 0.980598
3
82.1293 212.607
75.0477 229.611
32.6846 211.969
39.7661 194.964
2
59.4722 212.33
0 0 0.165588 0.986195
3
84.167 211.119
78.1509 228.529
34.7775 213.541
40.7935 196.131
2
61.5362 212.245
0 0 0.13499 0.990847
3
86.1087 209.508
81.1812 227.257
36.9637 214.981
41.8912 197.233
2
63.4187 212.767
0 0 0.13499 0.990847
3
87.9913 210.031
83.0638 227.78
38.8462 215.504
43.7737 197.755
2
65.3013 213.29
0 0 0.13499 0.990847
3
89.8738 210.554
84.9463 228.302
40.7287 216.026
45.6563 198.278
2
67.1838 213.813
0 0 0.13499 0.990847
3
91.7564 211.076
86.8288 228.825
42.6113 216.549
47.5388 198.8
2
69.0664 214.335
0 0 0.13499 0.990847
3
93.6389 211.599
88.7114 229.348
44.4938 217.072
49.4214 199.323
2
70.7173 215.577
0 0 0.165588 0.986195
3
95.412 214.366
89.396 231.776
46.0225 216.788
52.0386 199.378
2
72.5639 216.215
0 0 0.165588 0.986195
3
97.2586 215.004
91.2426 232.414
47.8691 217.426
53.8852 200.016
2
74.4105 216.853
0 0 0.165588 0.986195
3
99.1052 215.642
93.0892 233.052
49.7157 218.064
55.7318 200.654
2
76.2571 217.491
0 0 0.165588 0.986195
3
100.952 216.28
94.9358 233.69
51.5624 218.702
57.5784 201.293
2
78.1037 218.13
0 0 0.165588 0.986195
3
102.798 216.919
96.7824 234.328
53.409 219.341
59.425 201.931
2
79.9503 218.768
0 0 0.165588 0.986195
3
104.645 217.557
98.629 234.967
55.2556 219.979
61.2716 202.569
2
81.7969 219.406
0 0 0.165588 0.986195
3
106.492 218.195
100.476 235.605
57.1022 220.617
63.1182 203.207
2
83.6435 220.044
0 0 0.165588 0.986195
3
108.338 218.833
102.322 236.243
58.9488 221.255
64.9648 203.845
2
85.4902 220.682
0 0 0.165588 0.986195
3
110.185 219.471
104.169 236.881
60.7954 221.893
66.8115 204.483
2
87.3368 221.32
0 0 0.165588 0.986195
3
112.032 220.109
106.015 237.519
62.642 222.531
68.6581 205.121
2
85.7935 219.732
0 0 0.13499 0.990847
3
110.366 216.996
105.439 234.745
61.221 222.469
66.1485 204.72
2
87.8483 219.52
0 0 0.104263 0.99455
3
112.204 215.268
108.384 233.288
63.4921 223.771
67.3122 205.751
2
89.8859 219.18
0 0 0.0734352 0.9973
3
113.932 213.43
111.234 231.651
65.8394 224.93
68.5374 206.708
2
91.8986 218.715
0 0 0.0425375 0.999095
3
115.543 211.489
113.978 229.842
68.2538 225.941
69.8195 207.588
2
93.7504 219.63
0 0 0.0734352 0.9973
3
117.797 213.881
115.099 232.102
69.7039 225.38
72.4019 207.159
2
95.6831 219.917
0 0 0.0734352 0.9973
3
119.73 214.167
117.032 232.388
71.6365 225.666
74.3346 207.445
2
97.6958 219.452
0 0 0.0425375 0.999095
3
121.341 212.225
119.775 230.579
74.051 226.678
75.6167 208.325
2
99.6759 218.863
0 0 0.011599 0.999933
3
122.828 210.188
122.401 228.603
76.5234 227.538
76.9507 209.123
2
101.616 218.153
0 0 0.0193504 -0.999813
3
124.187 208.062
124.9 226.468
79.0443 228.244
78.3316 209.838
2
103.508 217.324
0 0 0.0502814 -0.998735
3
125.412 205.856
127.262 224.183
81.6041 228.792
79.754 210.465
2
105.345 216.38
0 0 0.0811643 -0.996701
3
126.498 203.579
129.478 221.757
84.1928 229.181
81.2126 211.004
2
107.121 215.324
0 0 0.111969 -0.993712
3
127.441 201.239
131.54 219.197
86.8007 229.409
82.7017 211.451
2
108.828 214.161
0 0 0.142667 -0.989771
3
128.237 198.845
133.44 216.516
89.4177 229.476
84.2156 211.805
2
110.459 212.893
0 0 0.173228 -0.984882
3
128.884 196.407
135.17 213.721
92.0337 229.38
85.7485 212.065
2
112.009 211.528
0 0 0.203624 -0.979049
3
129.379 193.933
136.723 210.825
94.6388 229.123
87.2945 212.23
2
113.471 210.069
0 0 0.233824 -0.972279
3
129.72 191.433
138.095 207.839
97.2231 228.704
88.8478 212.299
2
114.841 208.522
0 0 0.2638 -0.964577
3
129.905 188.917
139.279 204.773
99.7765 228.127
90.4023 212.271
2
116.112 206.894
0 0 0.293524 -0.955952
3
129.935 186.394
140.272 201.64
102.289 227.393
91.9522 212.147
2
117.28 205.19
0 0 0.322966 -0.946411
3
129.808 183.875
141.069 198.452
104.752 226.505
93.4914 211.928
2
118.34 203.417
0 0 0.352099 -0.935963
3
129.526 181.368
141.666 195.221
107.155 225.467
95.0141 211.614
2
119.289 201.582
0 0 0.380895 -0.924618
3
129.089 178.883
142.063 191.958
109.489 224.281
96.5145 211.206
2
120.122 199.692
0 0 0.409326 -0.912388
3
128.499 176.43
142.258 188.678
111.745 222.954
97.9868 210.707
2
120.837 197.754
0 0 0.437365 -0.899284
3
127.759 174.018
142.249 185.391
113.915 221.49
99.4253 210.117
2
121.43 195.775
0 0 0.464984 -0.885319
3
126.871 171.657
142.036 182.112
115.99 219.894
100.825 209.439
2
121.9 193.764
0 0 0.492159 -0.870505
3
125.838 169.355
141.622 178.851
117.963 218.172
102.179 208.676
2
122.245 191.727
0 0 0.518862 -0.854858
3
124.665 167.121
141.006 175.623
119.825 216.333
103.484 207.831
2
122.463 189.673
0 0 0.545068 -0.838392
3
123.357 164.964
140.192 172.439
121.569 214.381
104.734 206.906
2
123.933 188.222
0 0 0.518862 -0.854858
3
126.354 163.616
142.694 172.118
121.513 212.827
105.172 204.325
2
125.49 186.864
0 0 0.492159 -0.870505
3
129.428 162.455
145.211 171.952
121.552 211.273
105.769 201.776
2
125.835 184.827
0 0 0.518862 -0.854858
3
128.255 160.222
144.596 168.724
123.415 209.433
107.074 200.931
2
126.053 182.773
0 0 0.545068 -0.838392
3
126.946 158.065
143.782 165.54
125.159 207.481
108.324 200.007
2
126.143 180.709
0 0 0.570752 -0.821123
3
125.507 155.993
142.772 162.412
126.78 205.426
109.515 199.006
2
126.106 178.644
0 0 0.595889 -0.803067
3
123.941 154.014
141.571 159.353
128.27 203.273
110.641 197.935
2
125.941 176.585
0 0 0.620455 -0.784242
3
122.257 152.136
140.183 156.374
129.625 201.033
111.699 196.795
2
125.649 174.54
0 0 0.644427 -0.764666
3
120.459 150.366
138.613 153.487
130.838 198.714
112.684 195.593
2
125.231 172.517
0 0 0.667782 -0.744357
3
118.556 148.711
136.868 150.702
131.905 196.323
113.593 194.331
2
124.688 170.524
0 0 0.690497 -0.723335
3
116.553 147.176
134.954 148.031
132.823 193.872
114.423 193.016
2
125.531 168.638
0 0 0.667782 -0.744357
3
118.857 144.831
137.169 146.823
132.206 192.444
113.894 190.452
2
126.49 166.808
0 0 0.644427 -0.764666
3
121.3 142.634
139.454 145.755
131.679 190.982
113.525 187.861
2
127.559 165.041
0 0 0.620455 -0.784242
3
123.875 140.592
141.801 144.83
131.243 189.489
113.318 185.251
2
128.736 163.343
0 0 0.595889 -0.803067
3
126.572 138.713
144.201 144.052
130.901 187.972
113.271 182.634
2
130.016 161.721
0 0 0.570752 -0.821123
3
129.379 137.005
146.645 143.424
130.653 186.438
113.387 180.019
2
129.979 159.656
0 0 0.595889 -0.803067
3
127.814 135.027
145.444 140.365
132.143 184.286
114.514 178.947
2
129.814 157.597
0 0 0.620455 -0.784242
3
126.13 133.148
144.056 137.386
133.498 182.045
115.572 177.807
2
130.991 155.899
0 0 0.595889 -0.803067
3
128.826 131.27
146.455 136.608
133.155 180.529
115.526 175.19
2
130.826 153.84
0 0 0.620455 -0.784242
3
127.142 129.392
145.067 133.63
134.509 178.289
116.584 174.051
2
130.533 151.795
0 0 0.644427 -0.764666
3
125.344 127.621
143.498 130.742
135.723 175.969
117.569 172.848
2
130.115 149.772
0 0 0.667782 -0.744357
3
123.44 125.966
141.752 127.958
136.79 173.579
118.478 171.587
2
129.573 147.779
0 0 0.690497 -0.723335
3
121.438 124.431
139.838 125.286
137.708 171.127
119.307 170.272
2
128.908 145.823
0 0 0.712551 -0.70162
3
119.345 123.023
137.762 122.738
138.472 168.623
120.054 168.908
2
128.124 143.912
0 0 0.733922 -0.679234
3
117.168 121.747
135.533 120.324
139.079 166.077
120.714 167.5
2
127.223 142.053
0 0 0.75459 -0.656196
3
114.917 120.609
133.158 118.052
139.528 163.498
121.287 166.055
2
126.208 140.254
0 0 0.774535 -0.632531
3
112.599 119.612
130.648 115.931
139.817 160.896
121.768 164.576
2
125.084 138.52
0 0 0.793739 -0.608259
3
110.224 118.76
128.011 113.97
139.944 158.281
122.158 163.071
2
123.855 136.86
0 0 0.812182 -0.583404
3
107.802 118.056
125.258 112.175
139.909 155.663
122.453 161.545
2
122.526 135.279
0 0 0.829847 -0.557991
3
105.34 117.504
122.399 110.555
139.712 153.053
122.654 160.003
2
121.102 133.783
0 0 0.846717 -0.532043
3
102.849 117.106
119.445 109.114
139.355 150.46
122.759 158.452
2
119.587 132.378
0 0 0.862776 -0.505586
3
100.338 116.862
116.408 107.859
138.837 147.894
122.767 156.897
2
117.989 131.069
0 0 0.878009 -0.478644
3
97.8163 116.774
113.298 106.794
138.162 145.365
122.68 155.344
2
116.313 129.862
0 0 0.892401 -0.451244
3
95.2944 116.842
110.129 105.923
137.331 142.882
122.496 153.801
2
114.565 128.761
0 0 0.905937 -0.423412
3
92.7815 117.066
106.913 105.25
136.349 140.456
122.217 152.271
2
112.753 127.77
0 0 0.918606 -0.395174
3
90.2872 117.445
103.66 104.778
135.218 138.095
121.845 150.761
2
111.978 125.854
0 0 0.905937 -0.423412
3
90.1946 114.159
104.326 102.344
133.762 137.549
119.631 149.365
2
111.324 123.895
0 0 0.892401 -0.451244
3
90.3055 110.875
105.141 99.9563
132.342 136.915
117.507 147.834
2
110.792 121.899
0 0 0.878009 -0.478644
3
90.6193 107.603
106.101 97.6235
130.965 136.194
115.482 146.174
2
110.385 119.874
0 0 0.862776 -0.505586
3
91.1349 104.358
107.205 95.3547
129.634 135.39
113.564 144.393
2
110.103 117.827
0 0 0.846717 -0.532043
3
91.8502 101.15
108.446 93.1585
128.356 134.504
111.76 142.496
2
109.949 115.767
0 0 0.829847 -0.557991
3
92.7627 97.993
109.821 91.0433
127.135 133.542
110.077 140.491
2
109.922 113.702
0 0 0.812182 -0.583404
3
93.8687 94.8983
111.325 89.0172
125.976 132.505
108.52 138.386
2
110.024 111.639
0 0 0.793739 -0.608259
3
95.164 91.8779
112.95 87.0879
124.884 131.399
107.097 136.189
2
110.253 109.586
0 0 0.774535 -0.632531
3
96.6437 88.9435
114.692 85.263
123.862 130.228
105.813 133.908
2
110.608 107.551
0 0 0.75459 -0.656196
3
98.3021 86.1062
116.544 83.5493
122.914 128.995
104.672 131.552
2
110.337 105.616
0 0 0.75459 -0.656196
3
98.0309 84.1713
116.273 81.6144
122.643 127.06
104.401 129.617
2
109.322 103.816
0 0 0.774535 -0.632531
3
95.7135 83.1742
113.762 79.4937
122.931 124.458
104.883 128.139
2
108.199 102.083
0 0 0.793739 -0.608259
3
93.3388 82.3223
111.125 77.5323
123.058 121.844
105.272 126.634
2
106.97 100.422
0 0 0.812182 -0.583404
3
90.9159 81.6189
108.372 75.7378
123.024 119.226
105.568 125.107
2
105.64 98.8412
0 0 0.829847 -0.557991
3
88.4542 81.0668
105.513 74.1171
122.827 116.616
105.768 123.565
2
104.216 97.3452
0 0 0.846717 -0.532043
3
85.963 80.6681
102.559 72.6764
122.469 114.022
105.873 122.014
2
104.062 95.2852
0 0 0.829847 -0.557991
3
86.8755 77.5109
103.934 70.5611
121.248 113.06
104.189 120.009
2
104.035 93.2197
0 0 0.812182 -0.583404
3
87.9815 74.4161
105.437 68.535
120.089 112.023
102.633 117.904
2
104.137 91.1564
0 0 0.793739 -0.608259
3
89.2768 71.3958
107.063 66.6058
118.996 110.917
101.21 115.707
2
104.365 89.1034
0 0 0.774535 -0.632531
3
90.7565 68.4613
108.805 64.7808
117.974 109.745
99.9258 113.426
2
104.721 87.0685
0 0 0.75459 -0.656196
3
92.4149 65.6241
110.657 63.0671
117.027 108.513
98.785 111.07
2
105.201 85.0594
0 0 0.733922 -0.679234
3
94.2457 62.8948
112.611 61.4712
116.157 107.224
97.7922 108.648
2
105.805 83.0839
0 0 0.712551 -0.70162
3
96.2417 60.284
114.66 59.9993
115.369 105.884
96.9511 106.169
2
106.53 81.1496
0 0 0.690497 -0.723335
3
98.3955 57.8017
116.796 58.6569
114.665 104.497
96.265 103.642
2
107.374 79.2638
0 0 0.667782 -0.744357
3
100.699 55.4574
119.011 57.4493
114.048 103.07
95.7364 101.078
2
108.332 77.4338
0 0 0.644427 -0.764666
3
103.143 53.2601
121.296 56.3809
113.521 101.608
95.3675 98.4867
2
109.402 75.6666
0 0 0.620455 -0.784242
3
105.718 51.2182
123.643 55.4561
113.086 100.115
95.1596 95.8771
2
110.578 73.9689
0 0 0.595889 -0.803067
3
108.414 49.3394
126.043 54.6782
112.743 98.5984
95.1136 93.2597
2
111.858 72.3473
0 0 0.570752 -0.821123
3
111.222 47.6311
128.487 54.0502
112.495 97.0636
95.2296 90.6445
2
113.236 70.808
0 0 0.545068 -0.838392
3
114.129 46.0998
130.965 53.5746
112.342 95.5163
95.5071 88.0414
2
114.706 69.3569
0 0 0.518862 -0.854858
3
117.126 44.7512
133.467 53.2532
112.286 93.9625
95.9451 85.4605
2
116.263 67.9994
0 0 0.492159 -0.870505
3
120.201 43.5906
135.984 53.0872
112.325 92.4083
96.542 82.9117
2
117.901 66.741
0 0 0.464984 -0.885319
3
123.342 42.6225
138.507 53.0773
112.461 90.8594
97.2954 80.4046
2
119.614 65.5862
0 0 0.437365 -0.899284
3
126.536 41.8505
141.026 53.2234
112.692 89.3219
98.2024 77.9489
2
121.395 64.5396
0 0 0.409326 -0.912388
3
129.772 41.2776
143.531 53.5251
113.018 87.8017
99.2596 75.5541
2
123.237 63.6052
0 0 0.380895 -0.924618
3
133.037 40.906
146.012 53.9812
113.437 86.3045
100.463 73.2293
2
125.134 62.7866
0 0 0.352099 -0.935963
3
136.319 40.7371
148.46 54.5899
113.948 84.8361
101.808 70.9833
2
127.078 62.0869
0 0 0.322966 -0.946411
3
139.606 40.7715
150.866 55.3488
114.549 83.4022
103.289 68.8249
2
129.061 61.5087
0 0 0.293524 -0.955952
3
142.884 41.0092
153.221 56.2552
115.238 82.0082
104.901 66.7622
2
131.076 61.0543
0 0 0.2638 -0.964577
3
146.14 41.4492
155.514 57.3055
116.011 80.6594
106.637 64.8032
2
133.115 60.7255
0 0 0.233824 -0.972279
3
149.364 42.0898
157.739 58.4957
116.867 79.3611
108.492 62.9553
2
135.171 60.5234
0 0 0.203624 -0.979049
3
152.541 42.9287
159.886 59.8212
117.801 78.1182
110.457 61.2257
2
137.236 60.449
0 0 0.173228 -0.984882
3
155.661 43.9624
161.946 61.2769
118.81 76.9355
112.525 59.621
2
139.301 60.5023
0 0 0.142667 -0.989771
3
158.71 45.1872
163.913 62.8574
119.891 75.8174
114.689 58.1473
2
141.358 60.6834
0 0 0.111969 -0.993712
3
161.679 46.5983
165.778 64.5565
121.038 74.7684
116.939 56.8103
2
143.263 60.2486
0 0 0.111969 -0.993712
3
163.583 46.1636
167.682 64.1217
122.943 74.3336
118.844 56.3755
2
145.168 59.8138
0 0 0.111969 -0.993712
3
165.488 45.7288
169.587 63.6869
124.848 73.8988
120.749 55.9407
2
147.073 59.379
0 0 0.111969 -0.993712
3
167.393 45.294
171.492 63.2521
126.752 73.4641
122.653 55.5059
2
148.977 58.9443
0 0 0.111969 -0.993712
3
169.298 44.8592
173.397 62.8174
128.657 73.0293
124.558 55.0712
2
150.882 58.5095
0 0 0.111969 -0.993712
3
171.202 44.4245
175.301 62.3826
130.562 72.5945
126.463 54.6364
2
152.787 58.0747
0 0 0.111969 -0.993712
3
173.107 43.9897
177.206 61.9478
132.467 72.1598
128.368 54.2016
2
154.692 57.64
0 0 0.111969 -0.993712
3
175.012 43.5549
179.111 61.5131
134.371 71.725
130.272 53.7669
2
156.596 57.2052
0 0 0.111969 -0.993712
3
176.917 43.1202
181.016 61.0783
136.276 71.2902
132.177 53.3321
2
158.501 56.7704
0 0 0.111969 -0.993712
3
178.821 42.6854
182.92 60.6435
138.181 70.8555
134.082 52.8973
2
160.406 56.3357
0 0 0.111969 -0.993712
3
180.726 42.2506
184.825 60.2088
140.086 70.4207
135.987 52.4626
2
162.311 55.9009
0 0 0.111969 -0.993712
3
182.631 41.8159
186.73 59.774
141.99 69.9859
137.891 52.0278
2
164.215 55.4661
0 0 0.111969 -0.993712
3
184.536 41.3811
188.635 59.3392
143.895 69.5512
139.796 51.593
2
166.12 55.0314
0 0 0.111969 -0.993712
3
186.44 40.9463
190.539 58.9045
145.8 69.1164
141.701 51.1583
2
168.025 54.5966
0 0 0.111969 -0.993712
3
188.345 40.5116
192.444 58.4697
147.705 68.6816
143.606 50.7235
2
169.93 54.1618
0 0 0.111969 -0.993712
3
190.25 40.0768
194.349 58.0349
149.61 68.2469
145.511 50.2887
2
171.972 54.4698
0 0 0.0811643 -0.996701
3
193.125 41.6688
196.105 59.8461
150.82 67.2708
147.84 49.0935
2
173.992 54.9035
0 0 0.0502814 -0.998735
3
195.896 43.4356
197.746 61.7625
152.088 66.3715
150.238 48.0446
2
175.981 55.4614
0 0 0.0193504 -0.999813
3
198.552 45.3705
199.265 63.7767
153.41 65.5523
152.697 47.1461
2
177.932 56.1412
0 0 0.0115991 0.999933
3
201.084 47.4659
200.657 65.881
154.779 64.8165
155.206 46.4015
2
179.837 56.9404
0 0 0.0425376 0.999095
3
203.481 49.714
201.916 68.0674
156.192 64.1668
157.757 45.8135
2
181.688 57.8559
0 0 0.0734353 0.9973
3
205.735 52.1061
203.037 70.3275
157.642 63.6058
160.34 45.3844
2
183.621 58.1421
0 0 0.0734353 0.9973
3
207.668 52.3923
204.969 70.6136
159.574 63.8919
162.272 45.6706
2
185.554 58.4283
0 0 0.0734353 0.9973
3
209.6 52.6785
206.902 70.8998
161.507 64.1781
164.205 45.9568
2
187.486 58.7145
0 0 0.0734353 0.9973
3
211.533 52.9646
208.835 71.186
163.44 64.4643
166.138 46.243
2
189.278 59.7428
0 0 0.104263 0.99455
3
213.634 55.4916
209.814 73.5111
164.922 63.994
168.742 45.9745
2
191.002 60.88
0 0 0.13499 0.990847
3
215.575 58.1436
210.647 75.8923
166.43 63.6163
171.357 45.8676
2
192.653 62.1216
0 0 0.165588 0.986195
3
217.348 60.9107
211.332 78.3205
167.959 63.3326
173.975 45.9228
2
194.224 63.4631
0 0 0.196028 0.980598
3
218.947 63.7821
211.865 80.7864
169.502 63.1441
176.583 46.1397
2
195.709 64.8991
0 0 0.22628 0.974062
3
220.365 66.7469
212.245 83.2806
171.054 63.0513
179.174 46.5176
2
197.102 66.4243
0 0 0.256315 0.966593
3
221.596 69.7938
212.469 85.7935
172.609 63.0548
181.736 47.0551
2
198.399 68.0327
0 0 0.286104 0.958198
3
222.637 72.911
212.538 88.3154
174.16 63.1544
184.26 47.75
2
199.593 69.7182
0 0 0.31562 0.948886
3
223.483 76.0866
212.45 90.8368
175.703 63.3499
186.736 48.5997
2
200.681 71.4744
0 0 0.344833 0.938664
3
224.131 79.3085
212.207 93.3479
177.23 63.6403
189.155 49.601
2
201.658 73.2945
0 0 0.373716 0.927543
3
224.579 82.5643
211.808 95.8391
178.737 64.0247
191.507 50.7499
2
202.52 75.1716
0 0 0.402241 0.915534
3
224.824 85.8416
211.257 98.301
180.217 64.5016
193.783 52.0422
2
203.265 77.0984
0 0 0.43038 0.902648
3
224.866 89.1277
210.554 100.724
181.664 65.0691
195.976 53.4729
2
203.889 79.0676
0 0 0.458107 0.888897
3
224.704 92.4102
209.703 103.099
183.074 65.7251
198.075 55.0364
2
204.39 81.0717
0 0 0.485396 0.874295
3
224.34 95.6763
208.706 105.416
184.44 66.467
200.074 56.7268
2
204.766 83.1029
0 0 0.512219 0.858855
3
223.774 98.9137
207.568 107.668
185.758 67.292
201.965 58.5377
2
205.016 85.1534
0 0 0.538552 0.842592
3
223.01 102.11
206.292 109.845
187.022 68.197
203.739 60.462
2
205.138 87.2155
0 0 0.564369 0.825523
3
222.049 105.253
204.885 111.939
188.228 69.1784
205.392 62.4924
2
205.133 89.2813
0 0 0.589646 0.807662
3
220.895 108.33
203.351 113.941
189.371 70.2326
206.915 64.6212
2
205 91.3427
0 0 0.614357 0.789028
3
219.553 111.33
201.695 115.845
190.446 71.3554
208.304 66.8401
2
204.739 93.392
0 0 0.63848 0.769638
3
218.029 114.241
199.926 117.643
191.45 72.5426
209.553 69.1407
2
204.353 95.4212
0 0 0.661992 0.749511
3
216.327 117.053
198.048 119.328
192.379 73.7897
210.658 71.5142
2
203.841 97.4226
0 0 0.684869 0.728666
3
214.454 119.753
196.069 120.894
193.228 75.0918
211.613 73.9514
2
203.207 99.3885
0 0 0.70709 0.707123
3
212.418 122.333
193.998 122.334
193.996 76.4439
212.416 76.4431
2
202.452 101.311
0 0 0.728634 0.684903
3
210.226 124.782
191.842 123.643
194.678 77.841
213.063 78.9797
2
201.58 103.184
0 0 0.749481 0.662026
3
207.887 127.09
189.608 124.817
195.273 79.2776
213.552 81.5514
2
201.339 105.123
0 0 0.749481 0.662026
3
207.646 129.029
189.367 126.755
195.032 81.2164
213.311 83.4902
2
201.098 107.062
0 0 0.749481 0.662026
3
207.405 130.968
189.126 128.694
194.791 83.1552
213.07 85.429
2
200.857 109
0 0 0.749481 0.662026
3
207.164 132.907
188.885 130.633
194.549 85.094
212.828 87.3678
2
200.615 110.939
0 0 0.749481 0.662026
3
206.923 134.846
188.643 132.572
194.308 87.0328
212.587 89.3066
2
200.374 112.878
0 0 0.749481 0.662026
3
206.681 136.784
188.402 134.511
194.067 88.9716
212.346 91.2454
2
200.133 114.817
0 0 0.749481 0.662026
3
206.44 138.723
188.161 136.449
193.826 90.9104
212.105 93.1842
2
199.892 116.756
0 0 0.749481 0.662026
3
206.199 140.662
187.92 138.388
193.585 92.8492
211.864 95.123
2
199.651 118.694
0 0 0.749481 0.662026
3
205.958 142.601
187.679 140.327
193.343 94.788
211.623 97.0618
2
199.409 120.633
0 0 0.749481 0.662026
3
205.717 144.54
187.438 142.266
193.102 96.7268
211.381 99.0006
2
199.168 122.572
0 0 0.749481 0.662026
3
205.475 146.478
187.196 144.205
192.861 98.6656
211.14 100.939
2
198.927 124.511
0 0 0.749481 0.662026
3
205.234 148.417
186.955 146.143
192.62 100.604
210.899 102.878
2
198.686 126.45
0 0 0.749481 0.662026
3
204.993 150.356
186.714 148.082
192.379 102.543
210.658 104.817
2
198.445 128.388
0 0 0.749481 0.662026
3
204.752 152.295
186.473 150.021
192.138 104.482
210.417 106.756
2
198.204 130.327
0 0 0.749481 0.662026
3
204.511 154.234
186.232 151.96
191.896 106.421
210.175 108.695
2
197.962 132.266
0 0 0.749481 0.662026
3
204.27 156.172
185.99 153.899
191.655 108.36
209.934 110.633
2
197.721 134.205
0 0 0.749481 0.662026
3
204.028 158.111
185.749 155.837
191.414 110.298
209.693 112.572
2
197.48 136.144
0 0 0.749481 0.662026
3
203.787 160.05
185.508 157.776
191.173 112.237
209.452 114.511
2
197.239 138.083
0 0 0.749481 0.662026
3
203.546 161.989
185.267 159.715
190.932 114.176
209.211 116.45
2
196.998 140.021
0 0 0.749481 0.662026
3
203.305 163.928
185.026 161.654
190.69 116.115
208.97 118.389
2
196.756 141.96
0 0 0.749481 0.662026
3
203.064 165.867
184.785 163.593
190.449 118.054
208.728 120.327
2
196.515 143.899
0 0 0.749481 0.662026
3
202.822 167.805
184.543 165.532
190.208 119.992
208.487 122.266
2
196.274 145.838
0 0 0.749481 0.662026
3
202.581 169.744
184.302 167.47
189.967 121.931
208.246 124.205
2
196.033 147.777
0 0 0.749481 0.662026
3
202.34 171.683
184.061 169.409
189.726 123.87
208.005 126.144
2
195.792 149.715
0 0 0.749481 0.662026
3
202.099 173.622
183.82 171.348
189.485 125.809
207.764 128.083
2
195.551 151.654
0 0 0.749481 0.662026
3
201.858 175.561
183.579 173.287
189.243 127.748
207.523 130.022
2
195.309 153.593
0 0 0.749481 0.662026
3
201.617 177.499
183.337 175.226
189.002 129.687
207.281 131.96
2
195.821 155.594
0 0 0.728634 0.684903
3
203.595 179.065
185.21 177.926
188.047 132.124
206.432 133.263
2
196.456 157.56
0 0 0.70709 0.707123
3
205.667 180.505
187.247 180.506
187.244 134.616
205.664 134.615
2
197.21 159.483
0 0 0.684869 0.728666
3
207.823 181.814
189.439 182.954
186.598 137.152
204.982 136.012
2
198.083 161.356
0 0 0.661992 0.749511
3
210.057 182.987
191.778 185.263
186.109 139.724
204.388 137.449
2
199.069 163.17
0 0 0.63848 0.769638
3
212.359 184.02
194.255 187.422
185.78 142.321
203.883 138.919
2
200.166 164.921
0 0 0.614357 0.789028
3
214.72 184.908
196.862 189.424
185.613 144.934
203.471 140.418
2
201.369 166.6
0 0 0.589646 0.807662
3
217.132 185.649
199.587 191.26
185.607 147.551
203.152 141.94
2
202.674 168.202
0 0 0.564369 0.825523
3
219.585 186.239
202.421 192.925
185.764 150.165
202.928 143.479
2
204.075 169.719
0 0 0.538552 0.842592
3
222.069 186.676
205.352 194.411
186.082 152.763
202.799 145.028
2
205.568 171.148
0 0 0.512219 0.858855
3
224.576 186.958
208.37 195.713
186.56 155.337
202.766 146.582
2
205.818 173.198
0 0 0.538552 0.842592
3
223.812 190.155
207.094 197.89
187.824 156.242
204.541 148.507
2
205.94 175.26
0 0 0.564369 0.825523
3
222.851 193.297
205.687 199.983
189.03 157.223
206.194 150.537
2
206.649 177.081
0 0 0.564369 0.825523
3
223.56 195.118
206.396 201.804
189.739 159.044
206.903 152.358
2
207.359 178.901
0 0 0.564369 0.825523
3
224.269 196.938
207.105 203.624
190.448 160.864
207.612 154.178
2
208.068 180.722
0 0 0.564369 0.825523
3
224.978 198.759
207.814 205.445
191.157 162.685
208.321 155.999
2
208.777 182.542
0 0 0.564369 0.825523
3
225.687 200.579
208.523 207.265
191.867 164.505
209.03 157.819
2
209.486 184.363
0 0 0.564369 0.825523
3
226.396 202.4
209.233 209.086
192.576 166.326
209.739 159.64
2
210.887 185.881
0 0 0.538552 0.842592
3
228.881 202.837
212.164 210.572
192.894 168.924
209.611 161.189
2
212.38 187.309
0 0 0.512219 0.858855
3
231.388 203.12
215.181 211.874
193.372 171.498
209.578 162.744
2
213.958 188.642
0 0 0.485396 0.874295
3
233.908 203.247
218.274 212.987
194.008 174.037
209.642 164.297
2
215.615 189.875
0 0 0.458107 0.888897
3
236.43 203.217
221.429 213.906
194.8 176.532
209.802 165.844
2
217.346 191.003
0 0 0.43038 0.902648
3
238.947 203.032
224.635 214.628
195.745 178.974
210.057 167.377
2
219.143 192.022
0 0 0.402241 0.915534
3
241.446 202.692
227.879 215.151
196.839 181.352
210.406 168.892
2
220.999 192.927
0 0 0.373716 0.927543
3
243.92 202.197
231.15 215.472
198.078 183.658
210.849 170.383
2
222.908 193.717
0 0 0.344833 0.938664
3
246.359 201.551
234.434 215.59
199.458 185.882
211.382 171.843
2
224.863 194.386
0 0 0.31562 0.948886
3
248.753 200.754
237.72 215.505
200.972 188.018
212.006 173.268
2
226.855 194.933
0 0 0.286104 0.958198
3
251.093 199.812
240.993 215.216
202.616 190.055
212.716 174.651
2
228.876 195.356
0 0 0.256315 0.966593
3
253.37 198.726
244.243 214.726
204.383 191.987
213.51 175.987
2
230.921 195.654
0 0 0.22628 0.974062
3
255.576 197.501
247.456 214.035
206.265 193.806
214.385 177.272
2
232.979 195.824
0 0 0.196028 0.980598
3
257.702 196.143
250.62 213.147
208.257 195.505
215.339 178.5
2
235.045 195.866
0 0 0.165588 0.986195
3
259.74 194.655
253.723 212.065
210.35 197.077
216.366 179.667
2
237.109 195.781
0 0 0.13499 0.990847
3
261.681 193.045
256.754 210.793
212.536 198.517
217.464 180.769
2
239.163 195.568
0 0 0.104263 0.99455
3
263.52 191.317
259.7 209.336
214.807 199.819
218.627 181.8
2
241.201 195.228
0 0 0.0734353 0.9973
3
265.248 189.479
262.55 207.7
217.155 200.978
219.853 182.757
2
243.214 194.763
0 0 0.0425376 0.999095
3
266.859 187.537
265.293 205.89
219.569 201.99
221.135 183.636
2
245.066 195.679
0 0 0.0734353 0.9973
3
269.112 189.929
266.414 208.15
221.019 201.429
223.717 183.207
2
246.857 196.707
0 0 0.104263 0.99455
3
271.213 192.456
267.393 210.476
222.501 200.958
226.321 182.939
2
248.582 197.844
0 0 0.13499 0.990847
3
273.154 195.108
268.227 212.857
224.009 200.581
228.937 182.832
2
250.233 199.086
0 0 0.165588 0.986195
3
274.927 197.875
268.911 215.285
225.538 200.297
231.554 182.887
2
251.804 200.428
0 0 0.196028 0.980598
3
276.526 200.747
269.444 217.751
227.081 200.108
234.163 183.104
2
253.288 201.864
0 0 0.22628 0.974062
3
277.944 203.711
269.824 220.245
228.633 200.016
236.753 183.482
2
255.347 202.034
0 0 0.196028 0.980598
3
280.07 202.353
272.988 219.357
230.625 201.715
237.706 184.71
2
257.151 202.785
0 0 0.196028 0.980598
3
281.873 203.104
274.792 220.108
232.428 202.466
239.51 185.461
2
258.954 203.536
0 0 0.196028 0.980598
3
283.677 203.855
276.595 220.859
234.232 203.217
241.314 186.213
2
260.758 204.287
0 0 0.196028 0.980598
3
285.48 204.606
278.399 221.61
236.036 203.968
243.117 186.964
2
262.562 205.038
0 0 0.196028 0.980598
3
287.284 205.357
280.202 222.362
237.839 204.719
244.921 187.715
2
264.365 205.789
0 0 0.196028 0.980598
3
289.088 206.108
282.006 223.113
239.643 205.47
246.724 188.466
2
266.169 206.54
0 0 0.196028 0.980598
3
290.891 206.859
283.81 223.864
241.446 206.221
248.528 189.217
2
267.972 207.292
0 0 0.196028 0.980598
3
292.695 207.611
285.613 224.615
243.25 206.972
250.332 189.968
2
269.776 208.043
0 0 0.196028 0.980598
3
294.498 208.362
287.417 225.366
245.054 207.724
252.135 190.719
2
271.58 208.794
0 0 0.196028 0.980598
3
296.302 209.113
289.22 226.117
246.857 208.475
253.939 191.47
2
273.383 209.545
0 0 0.196028 0.980598
3
298.106 209.864
291.024 226.868
248.661 209.226
255.742 192.221
2
275.187 210.296
0 0 0.196028 0.980598
3
299.909 210.615
292.828 227.619
250.464 209.977
257.546 192.973
2
276.99 211.047
0 0 0.196028 0.980598
3
301.713 211.366
294.631 228.37
252.268 210.728
259.35 193.724
2
278.794 211.798
0 0 0.196028 0.980598
3
303.516 212.117
296.435 229.122
254.072 211.479
261.153 194.475
2
280.598 212.549
0 0 0.196028 0.980598
3
305.32 212.868
298.238 229.873
255.875 212.23
262.957 195.226
2
282.401 213.3
0 0 0.196028 0.980598
3
307.123 213.619
300.042 230.624
257.679 212.981
264.76 195.977
2
284.205 214.052
0 0 0.196028 0.980598
3
308.927 214.371
301.846 231.375
259.482 213.733
266.564 196.728
2
286.008 214.803
0 0 0.196028 0.980598
3
310.731 215.122
303.649 232.126
261.286 214.484
268.367 197.479
2
287.812 215.554
0 0 0.196028 0.980598
3
312.534 215.873
305.453 232.877
263.09 215.235
270.171 198.23
2
289.877 215.596
0 0 0.165588 0.986195
3
314.572 214.385
308.556 231.795
265.182 216.807
271.198 199.397
2
291.941 215.511
0 0 0.13499 0.990847
3
316.514 212.774
311.586 230.523
267.369 218.247
272.296 200.498
2
293.996 215.298
0 0 0.104263 0.99455
3
318.352 211.047
314.532 229.066
269.64 219.549
273.46 201.53
2
296.034 214.958
0 0 0.0734353 0.9973
3
320.08 209.209
317.382 227.43
271.987 220.708
274.685 202.487
2
298.046 214.493
0 0 0.0425376 0.999095
3
321.691 207.267
320.125 225.62
274.401 221.72
275.967 203.366
2
299.898 215.409
0 0 0.0734353 0.9973
3
323.945 209.659
321.247 227.88
275.852 221.159
278.55 202.937
2
301.69 216.437
0 0 0.104263 0.99455
3
326.046 212.186
322.226 230.205
277.333 220.688
281.154 202.669
2
303.414 217.574
0 0 0.13499 0.990847
3
327.987 214.838
323.059 232.587
278.842 220.311
283.769 202.562
2
305.065 218.816
0 0 0.165588 0.986195
3
329.76 217.605
323.744 235.015
280.37 220.027
286.386 202.617
2
306.636 220.157
0 0 0.196028 0.980598
3
331.358 220.476
324.277 237.481
281.914 219.838
288.995 202.834
2
308.121 221.593
0 0 0.22628 0.974062
3
332.776 223.441
324.656 239.975
283.466 219.746
291.586 203.212
2
309.514 223.119
0 0 0.256315 0.966593
3
334.008 226.488
324.881 242.488
285.02 219.749
294.148 203.749
2
310.81 224.727
0 0 0.286104 0.958198
3
335.049 229.605
324.949 245.01
286.572 219.849
296.672 204.444
2
312.005 226.413
0 0 0.31562 0.948886
3
335.895 232.781
324.862 247.531
288.114 220.044
299.148 205.294
2
313.997 226.96
0 0 0.286104 0.958198
3
338.235 231.838
328.135 247.243
289.758 222.082
299.858 206.677
2
316.019 227.383
0 0 0.256315 0.966593
3
340.512 230.753
331.385 246.752
291.525 224.014
300.652 208.014
2
318.063 227.68
0 0 0.22628 0.974062
3
342.718 229.528
334.598 246.062
293.408 225.832
301.527 209.299
2
320.121 227.85
0 0 0.196028 0.980598
3
344.844 228.169
337.762 245.174
295.399 227.531
302.481 210.527
2
322.187 227.893
0 0 0.165588 0.986195
3
346.882 226.682
340.865 244.092
297.492 229.104
303.508 211.694
2
323.758 229.234
0 0 0.196028 0.980598
3
348.48 229.553
341.399 246.558
299.035 228.915
306.117 211.911
2
325.243 230.67
0 0 0.22628 0.974062
3
349.898 232.518
341.778 249.052
300.587 228.822
308.707 212.289
2
326.636 232.195
0 0 0.256315 0.966593
3
351.13 235.565
342.002 251.565
302.142 228.826
311.269 212.826
2
327.932 233.804
0 0 0.286104 0.958198
3
352.171 238.682
342.071 254.087
303.694 228.926
313.793 213.521
2
329.126 235.489
0 0 0.31562 0.948886
3
353.017 241.858
341.983 256.608
305.236 229.121
316.269 214.371
2
331.118 236.037
0 0 0.286104 0.958198
3
355.357 240.915
345.257 256.319
306.88 231.158
316.979 215.754
2
333.14 236.46
0 0 0.256315 0.966593
3
357.634 239.829
348.507 255.829
308.646 233.09
317.774 217.091
2
335.184 236.757
0 0 0.22628 0.974062
3
359.84 238.605
351.72 255.138
310.529 234.909
318.649 218.376
2
337.243 236.927
0 0 0.196028 0.980598
3
361.966 237.246
354.884 254.251
312.521 236.608
319.602 219.604
2
339.308 236.97
0 0 0.165588 0.986195
3
364.003 235.759
357.987 253.168
314.614 238.181
320.63 220.771
2
341.372 236.884
0 0 0.13499 0.990847
3
365.945 234.148
361.017 251.897
316.8 239.621
321.727 221.872
2
343.427 236.671
0 0 0.104263 0.99455
3
367.783 232.42
363.963 250.44
319.071 240.923
322.891 222.903
2
345.465 236.332
0 0 0.0734353 0.9973
3
369.511 230.582
366.813 248.803
321.418 242.082
324.116 223.86
2
347.478 235.867
0 0 0.0425376 0.999095
3
371.122 228.64
369.557 246.994
323.833 243.093
325.398 224.74
2
349.458 235.278
0 0 0.0115991 0.999933
3
372.61 226.603
372.183 245.018
326.305 243.953
326.732 225.538
2
351.411 235.323
0 0 0.0115991 0.999933
3
374.563 226.648
374.136 245.063
328.258 243.999
328.686 225.584
2
353.364 235.369
0 0 0.0115991 0.999933
3
376.517 226.693
376.089 245.109
330.212 244.044
330.639 225.629
2
355.317 235.414
0 0 0.0115991 0.999933
3
378.47 226.739
378.042 245.154
332.165 244.089
332.592 225.674
2
357.257 234.704
0 0 0.0193504 -0.999813
3
379.829 224.613
380.541 243.019
334.686 244.795
333.973 226.389
2
359.149 233.875
0 0 0.0502814 -0.998735
3
381.053 222.407
382.903 240.734
337.245 245.343
335.395 227.016
2
360.987 232.931
0 0 0.0811643 -0.996701
3
382.139 220.13
385.12 238.308
339.834 245.732
336.854 227.555
2
362.762 231.875
0 0 0.111969 -0.993712
3
383.082 217.79
387.181 235.748
342.442 245.96
338.343 228.002
2
364.469 230.712
0 0 0.142667 -0.989771
3
383.879 215.396
389.081 233.067
345.059 246.027
339.857 228.357
2
366.1 229.444
0 0 0.173228 -0.984882
3
384.526 212.958
390.811 230.272
347.675 245.931
341.39 228.616
2
367.65 228.079
0 0 0.203624 -0.979049
3
385.02 210.484
392.365 227.377
350.28 245.674
342.936 228.781
2
369.113 226.62
0 0 0.233824 -0.972279
3
385.361 207.984
393.736 224.39
352.864 245.256
344.489 228.85
2
370.482 225.073
0 0 0.2638 -0.964577
3
385.547 205.468
394.921 221.325
355.418 244.678
346.044 228.822
2
371.753 223.445
0 0 0.293524 -0.955952
3
385.576 202.946
395.913 218.192
357.931 243.944
347.594 228.698
2
372.921 221.741
0 0 0.322966 -0.946411
3
385.449 200.426
396.71 215.003
360.393 243.056
349.133 228.479
2
373.982 219.968
0 0 0.352099 -0.935963
3
385.167 197.919
397.308 211.772
362.796 242.018
350.656 228.165
2
374.93 218.133
0 0 0.380895 -0.924618
3
384.73 195.434
397.705 208.509
365.13 240.833
352.156 227.757
2
375.764 216.243
0 0 0.409326 -0.912388
3
384.141 192.981
397.899 205.229
367.387 239.505
353.628 227.258
2
376.478 214.305
0 0 0.437365 -0.899284
3
383.4 190.569
397.89 201.942
369.556 238.041
355.067 226.668
2
377.072 212.326
0 0 0.464984 -0.885319
3
382.512 188.208
397.678 198.663
371.632 236.445
356.466 225.99
2
377.542 210.315
0 0 0.492159 -0.870505
3
381.48 185.906
397.263 195.403
373.604 234.724
357.821 225.227
2
377.886 208.278
0 0 0.518862 -0.854858
3
380.307 183.672
396.647 192.174
375.466 232.884
359.126 224.382
2
378.104 206.224
0 0 0.545068 -0.838392
3
378.998 181.515
395.833 188.99
377.211 230.932
360.376 223.457
2
378.195 204.16
0 0 0.570752 -0.821123
3
377.558 179.444
394.824 185.863
378.832 228.876
361.566 222.457
2
378.157 202.095
0 0 0.595889 -0.803067
3
375.993 177.465
393.622 182.804
380.322 226.724
362.693 221.385
2
377.992 200.035
0 0 0.620455 -0.784242
3
374.308 175.587
392.234 179.825
381.676 224.484
363.75 220.246
2
378.442 198.134
0 0 0.620455 -0.784242
3
374.758 173.686
392.684 177.924
382.126 222.583
364.2 218.345
2
378.891 196.233
0 0 0.620455 -0.784242
3
375.207 171.784
393.133 176.022
382.575 220.681
364.649 216.443
2
379.341 194.331
0 0 0.620455 -0.784242
3
375.657 169.883
393.583 174.121
383.025 218.78
365.099 214.542
2
379.79 192.43
0 0 0.620455 -0.784242
3
376.106 167.982
394.032 172.22
383.474 216.879
365.548 212.641
2
380.24 190.529
0 0 0.620455 -0.784242
3
376.556 166.08
394.482 170.318
383.924 214.977
365.998 210.739
2
380.689 188.627
0 0 0.620455 -0.784242
3
377.005 164.179
394.931 168.417
384.373 213.076
366.447 208.838
2
381.139 186.726
0 0 0.620455 -0.784242
3
377.455 162.278
395.381 166.516
384.823 211.175
366.897 206.937
2
381.588 184.825
0 0 0.620455 -0.784242
3
377.904 160.376
395.83 164.614
385.272 209.273
367.346 205.035
2
382.038 182.923
0 0 0.620455 -0.784242
3
378.354 158.475
396.28 162.713
385.722 207.372
367.796 203.134
2
382.487 181.022
0 0 0.620455 -0.784242
3
378.803 156.574
396.729 160.812
386.171 205.471
368.245 201.233
2
382.937 179.121
0 0 0.620455 -0.784242
3
379.253 154.672
397.179 158.91
386.621 203.569
368.695 199.331
2
383.386 177.219
0 0 0.620455 -0.784242
3
379.702 152.771
397.628 157.009
387.07 201.668
369.144 197.43
2
383.836 175.318
0 0 0.620455 -0.784242
3
380.152 150.87
398.078 155.108
387.52 199.767
369.594 195.529
2
384.285 173.417
0 0 0.620455 -0.784242
3
380.601 148.968
398.527 153.206
387.969 197.865
370.043 193.627
2
384.735 171.515
0 0 0.620455 -0.784242
3
381.051 147.067
398.977 151.305
388.419 195.964
370.493 191.726
2
384.443 169.47
0 0 0.644427 -0.764666
3
379.253 145.297
397.407 148.418
389.632 193.644
371.478 190.523
2
384.025 167.447
0 0 0.667782 -0.744357
3
377.35 143.641
395.662 145.633
390.699 191.254
372.387 189.262
2
383.482 165.454
0 0 0.690497 -0.723335
3
375.347 142.106
393.747 142.962
391.617 188.802
373.217 187.947
2
382.817 163.498
0 0 0.712551 -0.70162
3
373.254 140.698
391.672 140.414
392.381 186.298
373.963 186.583
2
382.033 161.587
0 0 0.733922 -0.679234
3
371.077 139.423
389.442 137.999
392.989 183.752
374.624 185.176
2
381.132 159.729
0 0 0.75459 -0.656196
3
368.826 138.284
387.068 135.727
393.438 181.173
375.196 183.73
2
380.861 157.794
0 0 0.75459 -0.656196
3
368.555 136.349
386.796 133.792
393.166 179.238
374.925 181.795
2
380.589 155.859
0 0 0.75459 -0.656196
3
368.283 134.414
386.525 131.858
392.895 177.303
374.654 179.86
2
379.575 154.059
0 0 0.774535 -0.632531
3
365.966 133.417
384.015 129.737
393.184 174.701
375.135 178.382
2
378.451 152.326
0 0 0.793739 -0.608259
3
363.591 132.565
381.378 127.775
393.311 172.087
375.525 176.877
2
377.222 150.666
0 0 0.812182 -0.583404
3
361.169 131.862
378.624 125.981
393.276 169.469
375.82 175.35
2
375.893 149.084
0 0 0.829847 -0.557991
3
358.707 131.31
375.765 124.36
393.079 166.859
376.021 173.808
2
374.469 147.588
0 0 0.846717 -0.532043
3
356.216 130.911
372.812 122.92
392.722 164.266
376.125 172.257
2
372.954 146.183
0 0 0.862776 -0.505586
3
353.705 130.667
369.774 121.664
392.204 161.699
376.134 170.702
2
371.356 144.875
0 0 0.878009 -0.478644
3
351.183 130.579
366.665 120.599
391.529 159.17
376.046 169.15
2
369.68 143.667
0 0 0.892401 -0.451244
3
348.661 130.647
363.496 119.729
390.698 156.688
375.863 167.606
2
367.932 142.566
0 0 0.905937 -0.423412
3
346.148 130.871
360.28 119.056
389.716 154.261
375.584 166.077
2
366.119 141.575
0 0 0.918606 -0.395174
3
343.654 131.25
357.027 118.583
388.585 151.9
375.212 164.567
2
364.249 140.698
0 0 0.930396 -0.366557
3
341.188 131.783
353.752 118.313
387.31 149.614
374.746 163.084
2
362.328 139.939
0 0 0.941293 -0.337589
3
338.76 132.467
350.466 118.245
385.896 147.41
374.19 161.632
2
360.364 139.299
0 0 0.95129 -0.308298
3
336.378 133.3
347.183 118.381
384.349 145.299
373.545 160.217
2
358.364 138.783
0 0 0.960375 -0.278712
3
334.053 134.278
343.914 118.72
382.674 143.287
372.813 158.845
2
356.335 138.391
0 0 0.96854 -0.248859
3
331.793 135.399
340.672 119.261
380.878 141.382
371.999 157.521
2
354.287 138.125
0 0 0.975777 -0.218767
3
329.606 136.658
337.47 120.001
378.968 139.593
371.104 156.25
2
352.226 137.987
0 0 0.98208 -0.188466
3
327.501 138.049
334.32 120.937
376.95 137.925
370.131 155.036
2
350.16 137.976
0 0 0.987442 -0.157984
3
325.487 139.568
331.234 122.067
374.833 136.385
369.086 153.885
2
348.098 138.093
0 0 0.991858 -0.127351
3
323.57 141.208
328.224 123.385
372.625 134.979
367.972 152.801
2
346.046 138.338
0 0 0.995324 -0.0965958
3
321.759 142.964
325.301 124.888
370.334 133.712
366.792 151.788
2
344.014 138.709
0 0 0.997836 -0.0657481
3
320.059 144.829
322.476 126.568
367.969 132.589
365.553 150.85
2
342.207 137.708
0 0 0.995324 -0.0965958
3
317.919 142.334
321.461 124.258
366.495 133.082
362.953 151.158
2
340.465 136.598
0 0 0.991858 -0.127351
3
315.938 139.712
320.591 121.89
364.993 133.483
360.339 151.306
2
338.795 135.382
0 0 0.987442 -0.157984
3
314.122 136.973
319.869 119.473
363.469 133.79
357.722 151.291
2
337.204 134.065
0 0 0.98208 -0.188466
3
312.48 134.127
319.298 117.015
361.928 134.003
355.11 151.114
2
335.697 132.652
0 0 0.975777 -0.218767
3
311.016 131.184
318.88 114.527
360.378 134.119
352.514 150.776
2
334.28 131.148
0 0 0.96854 -0.248859
3
309.738 128.156
318.617 112.018
358.823 134.14
349.944 150.278
2
332.569 130.206
0 0 0.96854 -0.248859
3
308.026 127.215
316.905 111.076
357.111 133.198
348.232 149.336
2
330.857 129.264
0 0 0.96854 -0.248859
3
306.314 126.273
315.194 110.134
355.4 132.256
346.52 148.395
2
329.145 128.323
0 0 0.96854 -0.248859
3
304.602 125.331
313.482 109.193
353.688 131.314
344.808 147.453
2
327.433 127.381
0 0 0.96854 -0.248859
3
302.891 124.389
311.77 108.251
351.976 130.372
343.097 146.511
2
325.722 126.439
0 0 0.96854 -0.248859
3
301.179 123.447
310.058 107.309
350.264 129.431
341.385 145.569
2
324.01 125.497
0 0 0.96854 -0.248859
3
299.467 122.506
308.347 106.367
348.553 128.489
339.673 144.627
2
322.298 124.555
0 0 0.96854 -0.248859
3
297.755 121.564
306.635 105.425
346.841 127.547
337.961 143.685
2
320.586 123.614
0 0 0.96854 -0.248859
3
296.044 120.622
304.923 104.483
345.129 126.605
336.25 142.744
2
318.875 122.672
0 0 0.96854 -0.248859
3
294.332 119.68
303.211 103.542
343.417 125.663
334.538 141.802
2
317.163 121.73
0 0 0.96854 -0.248859
3
292.62 118.738
301.5 102.6
341.706 124.722
332.826 140.86
2
315.451 120.788
0 0 0.96854 -0.248859
3
290.908 117.796
299.788 101.658
339.994 123.78
331.114 139.918
2
313.739 119.846
0 0 0.96854 -0.248859
3
289.197 116.855
298.076 100.716
338.282 122.838
329.403 138.976
2
312.418 118.258
0 0 0.960375 -0.278712
3
288.108 113.754
297.969 98.1956
336.729 122.762
326.868 138.32
2
311.198 116.591
0 0 0.95129 -0.308298
3
287.213 110.592
298.017 95.6732
335.184 122.591
324.379 137.509
2
310.084 114.852
0 0 0.941293 -0.337589
3
286.515 107.38
298.222 93.1586
333.652 122.324
321.946 136.545
2
309.079 113.047
0 0 0.930396 -0.366557
3
286.018 104.132
298.582 90.6615
332.14 121.962
319.576 135.432
2
308.188 111.183
0 0 0.918606 -0.395174
3
285.722 100.858
299.095 88.1915
330.653 121.508
317.28 134.175
2
306.317 110.306
0 0 0.930396 -0.366557
3
283.256 101.391
295.82 87.921
329.378 119.222
316.814 132.692
2
305.426 108.443
0 0 0.918606 -0.395174
3
282.961 98.1179
296.334 85.4509
327.891 118.768
314.518 131.435
2
304.652 106.528
0 0 0.905937 -0.423412
3
282.868 94.8328
296.999 83.0174
326.435 118.223
312.304 130.038
2
303.997 104.568
0 0 0.892401 -0.451244
3
282.979 91.5483
297.814 80.6297
325.016 117.589
310.181 128.507
2
303.465 102.572
0 0 0.878009 -0.478644
3
283.293 88.2769
298.775 78.2969
323.638 116.868
308.156 126.848
2
303.058 100.547
0 0 0.862776 -0.505586
3
283.808 85.0312
299.878 76.0281
322.308 116.063
306.238 125.066
2
303.155 102.759
0 0 0.878009 -0.478644
3
282.982 88.4637
298.464 78.4837
323.328 117.055
307.845 127.035
2
303.388 104.961
0 0 0.892401 -0.451244
3
282.37 91.9407
297.205 81.0221
324.407 117.981
309.572 128.9
2
303.758 107.144
0 0 0.905937 -0.423412
3
281.974 95.4489
296.106 83.6335
325.541 118.839
311.41 130.654
2
301.945 106.153
0 0 0.918606 -0.395174
3
279.48 95.8279
292.853 83.1609
324.411 116.478
311.037 129.145
2
300.075 105.276
0 0 0.930396 -0.366557
3
277.014 96.3604
289.578 82.8904
323.136 114.191
310.572 127.661
2
298.154 104.516
0 0 0.941293 -0.337589
3
274.586 97.0445
286.292 82.823
321.722 111.988
310.016 126.209
2
296.19 103.877
0 0 0.95129 -0.308298
3
272.204 97.8775
283.009 82.959
320.175 109.876
309.371 124.795
2
294.19 103.36
0 0 0.960375 -0.278712
3
269.879 98.8562
279.74 83.2979
318.5 107.864
308.639 123.423
2
292.161 102.968
0 0 0.96854 -0.248859
3
267.619 99.9769
276.498 83.8384
316.704 105.96
307.825 122.099
2
290.113 102.703
0 0 0.975777 -0.218767
3
265.432 101.235
273.296 84.5783
314.794 104.17
306.929 120.827
2
291.88 103.537
0 0 0.975777 -0.218767
3
267.199 102.069
275.063 85.4125
316.56 105.005
308.696 121.661
2
293.646 104.371
0 0 0.975777 -0.218767
3
268.965 102.903
276.83 86.2466
318.327 105.839
310.463 122.496
2
295.413 105.205
0 0 0.975777 -0.218767
3
270.732 103.738
278.596 87.0807
320.094 106.673
312.23 123.33
2
297.626 105.148
0 0 0.96854 -0.248859
3
273.084 102.157
281.963 86.0181
322.169 108.14
313.29 124.278
2
299.839 105.228
0 0 0.960375 -0.278712
3
275.528 100.724
285.389 85.1657
324.15 109.732
314.289 125.291
2
302.042 105.445
0 0 0.95129 -0.308298
3
278.057 99.4454
288.861 84.527
326.028 111.444
315.223 126.363
2
304.228 105.797
0 0 0.941293 -0.337589
3
280.66 98.3257
292.366 84.1042
327.797 113.269
316.09 127.491
2
306.388 106.285
0 0 0.930396 -0.366557
3
283.327 97.3692
295.891 83.8992
329.449 115.2
316.885 128.67
2
308.514 106.904
0 0 0.918606 -0.395174
3
286.048 96.5795
299.421 83.9125
330.979 117.229
317.606 129.896
2
307.739 104.989
0 0 0.905937 -0.423412
3
285.956 93.2944
300.087 81.479
329.523 116.684
315.392 128.5
2
307.085 103.03
0 0 0.892401 -0.451244
3
286.066 90.0098
300.902 79.0912
328.103 116.05
313.268 126.969
2
306.553 101.034
0 0 0.878009 -0.478644
3
286.38 86.7384
301.862 76.7585
326.726 115.329
311.243 125.309
2
306.146 99.0088
0 0 0.862776 -0.505586
3
286.896 83.4927
302.966 74.4897
325.395 114.525
309.325 123.528
2
305.864 96.9623
0 0 0.846717 -0.532043
3
287.611 80.2851
304.207 72.2934
324.117 113.639
307.521 121.631
2
305.71 94.9023
0 0 0.829847 -0.557991
3
288.524 77.1279
305.582 70.1782
322.896 112.677
305.838 119.626
2
304.973 93.093
0 0 0.829847 -0.557991
3
287.787 75.3186
304.845 68.3689
322.159 110.867
305.1 117.817
2
304.236 91.2836
0 0 0.829847 -0.557991
3
287.049 73.5092
304.108 66.5595
321.422 109.058
304.363 116.008
2
303.499 89.4742
0 0 0.829847 -0.557991
3
286.312 71.6999
303.371 64.7501
320.685 107.249
303.626 114.198
2
302.761 87.6649
0 0 0.829847 -0.557991
3
285.575 69.8905
302.634 62.9408
319.948 105.439
302.889 112.389
2
302.024 85.8555
0 0 0.829847 -0.557991
3
284.838 68.0812
301.897 61.1314
319.211 103.63
302.152 110.58
2
301.287 84.0462
0 0 0.829847 -0.557991
3
284.101 66.2718
301.16 59.3221
318.474 101.821
301.415 108.77
2
300.55 82.2368
0 0 0.829847 -0.557991
3
283.364 64.4624
300.422 57.5127
317.736 100.011
300.678 106.961
2
299.813 80.4275
0 0 0.829847 -0.557991
3
282.627 62.6531
299.685 55.7034
316.999 98.2018
299.941 105.152
2
299.076 78.6181
0 0 0.829847 -0.557991
3
281.89 60.8437
298.948 53.894
316.262 96.3925
299.204 103.342
2
299.049 76.5525
0 0 0.812182 -0.583404
3
282.996 57.749
300.452 51.8679
315.103 95.3561
297.647 101.237
2
299.151 74.4893
0 0 0.793739 -0.608259
3
284.291 54.7287
302.077 49.9387
314.011 94.2499
296.224 99.0399
2
299.38 72.4363
0 0 0.774535 -0.632531
3
285.771 51.7942
303.819 48.1137
312.988 93.0783
294.94 96.7588
2
299.735 70.4013
0 0 0.75459 -0.656196
3
287.429 48.9569
305.671 46.4
312.041 91.8457
293.799 94.4027
2
300.216 68.3923
0 0 0.733922 -0.679234
3
289.26 46.2277
307.625 44.8041
311.171 90.5569
292.806 91.9804
2
300.819 66.4168
0 0 0.712551 -0.70162
3
291.256 43.6169
309.674 43.3322
310.383 89.2167
291.965 89.5014
2
301.544 64.4825
0 0 0.690497 -0.723335
3
293.41 41.1346
311.81 41.9898
309.679 87.8303
291.279 86.9751
2
302.388 62.5967
0 0 0.667782 -0.744357
3
295.713 38.7903
314.025 40.7821
309.063 86.4031
290.751 84.4112
2
303.346 60.7667
0 0 0.644427 -0.764666
3
298.157 36.593
316.31 39.7138
308.535 84.9404
290.382 81.8195
2
304.416 58.9995
0 0 0.620455 -0.784242
3
300.732 34.551
318.658 38.7889
308.1 83.4479
290.174 79.21
2
305.593 57.3018
0 0 0.595889 -0.803067
3
303.428 32.6723
321.058 38.011
307.757 81.9313
290.128 76.5926
2
305.973 59.4829
0 0 0.570752 -0.821123
3
305.337 34.7667
322.602 41.1858
306.61 84.1991
289.345 77.78
2
306.218 61.6833
0 0 0.545068 -0.838392
3
307.112 36.9751
323.947 44.45
305.325 86.3916
288.49 78.9167
2
306.327 63.8948
0 0 0.518862 -0.854858
3
308.747 39.2891
325.088 47.7911
303.907 88.5004
287.566 79.9984
2
307.884 62.5373
0 0 0.492159 -0.870505
3
311.822 38.1285
327.605 47.6251
303.946 86.9461
288.163 77.4495
2
309.522 61.2788
0 0 0.464984 -0.885319
3
314.963 37.1604
330.128 47.6152
304.082 85.3973
288.916 74.9425
2
311.235 60.1241
0 0 0.437365 -0.899284
3
318.157 36.3884
332.647 47.7613
304.313 83.8598
289.823 72.4868
2
313.016 59.0775
0 0 0.409326 -0.912388
3
321.393 35.8155
335.151 48.063
304.639 82.3395
290.881 70.092
2
314.858 58.1431
0 0 0.380895 -0.924618
3
324.658 35.4439
337.633 48.5191
305.058 80.8424
292.084 67.7672
2
316.755 57.3245
0 0 0.352099 -0.935963
3
327.94 35.2749
340.081 49.1278
305.569 79.374
293.429 65.5212
2
318.699 56.6247
0 0 0.322966 -0.946411
3
331.227 35.3094
342.487 49.8867
306.17 77.9401
294.91 63.3627
2
320.682 56.0466
0 0 0.293524 -0.955952
3
334.504 35.5471
344.842 50.7931
306.859 76.5461
296.522 61.3001
2
322.697 55.5922
0 0 0.2638 -0.964577
3
337.761 35.9871
347.135 51.8434
307.632 75.1973
298.258 59.341
2
324.736 55.2634
0 0 0.233824 -0.972279
3
340.985 36.6277
349.36 53.0335
308.488 73.899
300.113 57.4932
2
326.792 55.0613
0 0 0.203624 -0.979049
3
344.162 37.4665
351.506 54.3591
309.422 72.6561
302.078 55.7636
2
328.856 54.9868
0 0 0.173228 -0.984882
3
347.282 38.5003
353.567 55.8148
310.431 71.4734
304.146 54.1589
2
330.921 55.0402
0 0 0.142667 -0.989771
3
350.331 39.7251
355.533 57.3953
311.512 70.3553
306.309 52.6852
2
332.796 54.4884
0 0 0.142667 -0.989771
3
352.206 39.1733
357.408 56.8435
313.386 69.8035
308.184 52.1334
2
334.67 53.9367
0 0 0.142667 -0.989771
3
354.08 38.6216
359.282 56.2917
315.26 69.2518
310.058 51.5816
2
336.544 53.3849
0 0 0.142667 -0.989771
3
355.954 38.0698
361.156 55.74
317.134 68.7
311.932 51.0299
2
338.418 52.8331
0 0 0.142667 -0.989771
3
357.828 37.518
363.03 55.1882
319.008 68.1482
313.806 50.4781
2
340.293 52.2814
0 0 0.142667 -0.989771
3
359.702 36.9663
364.905 54.6364
320.883 67.5965
315.681 49.9263
2
342.167 51.7296
0 0 0.142667 -0.989771
3
361.577 36.4145
366.779 54.0846
322.757 67.0447
317.555 49.3745
2
344.041 51.1778
0 0 0.142667 -0.989771
3
363.451 35.8627
368.653 53.5329
324.631 66.4929
319.429 48.8228
2
345.915 50.6261
0 0 0.142667 -0.989771
3
365.325 35.3109
370.527 52.9811
326.505 65.9412
321.303 48.271
2
347.973 50.8071
0 0 0.111969 -0.993712
3
368.293 36.722
372.392 54.6802
327.653 64.8921
323.554 46.934
2
349.68 49.6433
0 0 0.142667 -0.989771
3
369.09 34.3282
374.292 51.9983
330.27 64.9584
325.068 47.2882
2
351.311 48.3762
0 0 0.173228 -0.984882
3
369.736 31.8896
376.022 49.2041
332.886 64.8627
326.601 47.5482
2
352.861 47.0105
0 0 0.203624 -0.979049
3
370.231 29.4158
377.575 46.3083
335.491 64.6053
328.147 47.7128
2
354.324 45.5516
0 0 0.233824 -0.972279
3
370.572 26.916
378.947 43.3218
338.075 64.1873
329.7 47.7815
2
356.379 45.3496
0 0 0.203624 -0.979049
3
373.749 27.7548
381.094 44.6473
339.009 62.9444
331.665 46.0519
2
358.444 45.2751
0 0 0.173228 -0.984882
3
376.869 28.7886
383.154 46.1031
340.018 61.7616
333.733 44.4471
2
360.509 45.3285
0 0 0.142667 -0.989771
3
379.919 30.0134
385.121 47.6835
341.099 60.6436
335.897 42.9734
2
362.567 45.5095
0 0 0.111969 -0.993712
3
382.887 31.4245
386.986 49.3826
342.246 59.5945
338.147 41.6364
2
364.273 44.3457
0 0 0.142667 -0.989771
3
383.683 29.0306
388.885 46.7008
344.863 59.6608
339.661 41.9907
2
365.905 43.0786
0 0 0.173228 -0.984882
3
384.33 26.5921
390.615 43.9066
347.479 59.5651
341.194 42.2506
2
367.455 41.713
0 0 0.203624 -0.979049
3
384.825 24.1182
392.169 41.0107
350.085 59.3077
342.74 42.4152
2
368.917 40.2541
0 0 0.233824 -0.972279
3
385.166 21.6184
393.541 38.0242
352.669 58.8897
344.294 42.4839
2
370.287 38.7075
0 0 0.2638 -0.964577
3
385.351 19.1024
394.725 34.9587
355.222 58.3126
345.848 42.4563
2
372.326 38.3787
0 0 0.233824 -0.972279
3
388.574 19.743
396.95 36.1488
356.078 57.0143
347.702 40.6085
2
374.382 38.1766
0 0 0.203624 -0.979049
3
391.752 20.5818
399.096 37.4743
357.012 55.7714
349.667 38.8789
2
376.446 38.1021
0 0 0.173228 -0.984882
3
394.872 21.6156
401.157 38.9301
358.021 54.5886
351.736 37.2741
2
378.511 38.1555
0 0 0.142667 -0.989771
3
397.921 22.8404
403.123 40.5105
359.101 53.4706
353.899 35.8004
2
380.569 38.3365
0 0 0.111969 -0.993712
3
400.889 24.2515
404.988 42.2096
360.249 52.4215
356.15 34.4634
2
382.612 38.6445
0 0 0.0811643 -0.996701
3
403.764 25.8435
406.745 44.0208
361.459 51.4455
358.479 33.2682
2
384.631 39.0782
0 0 0.0502814 -0.998735
3
406.535 27.6103
408.385 45.9372
362.727 50.5462
360.877 32.2193
2
386.62 39.6361
0 0 0.0193504 -0.999813
3
409.192 29.5452
409.905 47.9514
364.049 49.727
363.336 31.3208
2
388.571 40.3159
0 0 0.0115991 0.999933
3
411.724 31.6406
411.296 50.0557
365.419 48.9912
365.846 30.5761
2
390.524 40.3612
0 0 0.0115991 0.999933
3
413.677 31.686
413.249 50.101
367.372 49.0365
367.799 30.6215
2
392.429 41.1604
0 0 0.0425376 0.999095
3
416.074 33.934
414.508 52.2874
368.784 48.3868
370.35 30.0335
