0
291 80
0
290 81
0
289 82
0
288 83
0
287 84
0
286 85
0
285 86
0
284 87
0
283 88
0
282 89
0
281 90
0
280 91
0
279 92
0
278 93
0
277 94
0
276 95
0
275 96
0
274 97
0
273 98
0
272 99
0
271 100
0
270 101
0
269 102
0
268 103
0
267 103
0
266 103
0
265 103
0
264 103
0
263 103
0
262 103
0
261 103
0
260 103
0
259 103
0
258 103
0
257 103
0
256 103
0
255 103
0
254 103
0
253 103
0
252 103
0
251 103
0
250 103
0
249 103
0
248 103
0
247 103
0
246 104
0
245 105
0
244 106
0
243 107
0
242 108
0
241 109
0
240 109
0
239 109
0
238 110
0
237 110
0
236 110
0
235 111
0
234 111
0
233 111
0
232 112
0
231 112
0
230 112
0
229 112
0
228 113
0
227 113
0
226 113
0
225 114
0
224 114
0
223 114
0
222 115
0
221 115
0
220 115
0
219 116
0
218 116
0
217 116
0
216 116
0
215 117
0
214 117
0
213 117
0
212 118
0
211 118
0
210 118
0
209 119
0
208 119
0
207 119
0
206 120
0
205 120
0
204 120
0
203 120
0
202 121
0
201 121
0
200 121
0
199 122
0
198 122
0
197 122
0
196 123
0
195 123
0
194 123
0
193 124
0
192 124
0
191 124
0
190 124
0
189 125
0
188 125
0
187 125
0
186 126
0
185 126
0
184 126
0
183 127
0
182 127
0
181 127
0
180 127
0
179 128
0
178 128
0
177 128
0
176 129
0
175 129
0
174 129
0
173 130
0
172 130
0
171 130
0
170 131
0
169 131
0
168 131
0
167 131
0
166 132
0
165 132
0
164 132
0
163 133
0
162 133
0
161 133
0
160 134
0
159 134
0
158 134
0
157 135
0
156 135
0
155 135
0
154 135
0
153 136
0
152 136
0
151 136
0
150 137
0
149 137
0
148 137
0
147 138
0
146 138
0
145 138
0
144 139
0
143 139
0
142 140
0
141 140
0
140 141
0
139 141
0
138 142
0
137 142
0
136 143
0
135 143
0
134 143
0
133 144
0
132 144
0
131 145
0
130 145
0
129 146
0
128 146
0
127 147
0
126 147
0
125 148
0
124 148
0
123 148
0
122 149
0
121 149
0
120 150
0
119 150
0
118 151
0
117 151
0
116 152
0
115 152
0
114 153
0
113 153
0
112 153
0
111 154
0
110 154
0
109 155
0
108 155
0
107 156
0
106 156
0
105 157
0
104 157
0
103 158
0
102 158
0
101 158
0
100 159
0
99 159
0
98 160
0
97 160
0
96 161
0
95 161
0
94 162
0
93 162
0
92 163
0
91 163
0
90 163
0
89 164
0
88 164
0
87 165
0
86 165
0
85 166
0
84 166
0
83 167
0
82 167
0
81 168
0
80 168
1
291.524 80 5.1178
1
292.182 78.1604 5.1797
1
292.953 76.365 5.2416
1
292.072 78.1093 5.30351
1
293.213 76.5236 5.3685
1
294.455 75.0153 5.4335
1
295.791 73.5908 5.4985
1
297.218 72.2562 5.56349
1
298.728 71.017 5.62849
1
300.315 69.8785 5.69349
1
301.973 68.8455 5.75849
1
303.684 67.9035 5.77019
1
305.354 66.89 5.70519
1
306.955 65.7702 5.64019
1
308.479 64.5488 5.5752
1
309.921 63.2309 5.5102
1
311.274 61.8222 5.4452
1
312.533 60.3285 5.38021
1
313.693 58.7563 5.31521
1
314.747 57.112 5.25021
1
315.693 55.4028 5.18521
1
316.525 53.6357 5.12022
1
317.242 51.8183 5.05522
1
317.838 49.9582 4.99022
1
318.313 48.0633 4.92523
1
318.663 46.1415 4.86023
1
318.888 44.2011 4.79523
1
318.986 42.2502 4.73023
1
318.957 40.297 4.66524
1
318.802 38.3498 4.60024
1
318.52 36.4168 4.53524
1
318.114 34.5061 4.47025
1
317.584 32.6259 4.40525
1
316.933 30.7841 4.34025
1
316.164 28.9885 4.27525
1
315.28 27.2465 4.21026
1
314.285 25.5657 4.14526
1
313.183 23.9531 4.08026
1
311.978 22.4155 4.01527
1
310.676 20.9593 3.95027
1
309.282 19.5909 3.88527
1
307.802 18.3158 3.82027
1
306.242 17.1396 3.75528
1
304.61 16.0671 3.69028
1
302.911 15.103 3.62528
1
301.153 14.2512 3.56029
1
299.343 13.5155 3.49529
1
297.49 12.8988 3.43029
1
295.6 12.4038 3.36529
1
293.682 12.0325 3.3003
1
291.744 11.7867 3.2353
1
289.795 11.6672 3.1703
1
287.841 11.6746 3.1053
1
285.892 11.8088 3.04031
1
283.957 12.0694 2.97531
1
282.042 12.4551 2.91031
1
280.156 12.9645 2.84532
1
278.307 13.5952 2.78032
1
276.503 14.3447 2.71532
1
274.752 15.2097 2.65032
1
273.06 16.1867 2.58533
1
271.436 17.2715 2.52033
1
269.885 18.4595 2.45533
1
268.415 19.7457 2.39034
1
267.031 21.1247 2.32534
1
265.74 22.5907 2.26034
1
264.547 24.1374 2.19534
1
263.457 25.7583 2.13035
1
262.474 27.4466 2.06535
1
261.604 29.1952 2.00035
1
260.848 30.9966 1.93536
1
260.211 32.8433 1.87036
1
259.696 34.7275 1.80536
1
259.304 36.6412 1.74036
1
259.037 38.5762 1.67537
1
258.896 40.5246 1.61037
1
258.883 42.4779 1.54537
1
258.996 44.4281 1.48038
1
259.235 46.3667 1.41538
1
259.6 48.2858 1.35038
1
260.089 50.177 1.28538
1
260.699 52.0325 1.22039
1
261.429 53.8445 1.15539
1
262.275 55.6052 1.09039
1
263.234 57.3072 1.02539
1
264.245 58.9787 1.05409
1
265.154 60.7075 1.11909
1
265.95 62.4918 1.18409
1
266.627 64.3239 1.24908
1
267.184 66.1962 1.31408
1
267.619 68.1007 1.37908
1
267.928 70.0294 1.44407
1
268.112 71.9742 1.50907
1
268.169 73.9267 1.57407
1
268.099 75.8789 1.63907
1
267.903 77.8224 1.70406
1
267.58 79.749 1.76906
1
267.134 81.6506 1.83406
1
266.564 83.5192 1.89905
1
265.875 85.3469 1.96405
1
265.068 87.1259 2.02905
1
264.147 88.8488 2.09405
1
263.171 90.5411 2.09405
1
262.195 92.2335 2.09405
1
261.219 93.9258 2.09405
1
260.242 95.6181 2.09405
1
259.266 97.3105 2.09405
1
258.187 98.9392 2.03214
1
257.211 100.632 1.97024
1
256.341 102.381 1.90834
1
255.809 104.261 1.97024
1
255.162 106.104 2.03214
1
254.402 107.904 2.09405
1
253.533 109.654 2.15595
1
252.556 111.346 2.21785
1
251.477 112.975 2.27975
1
250.299 114.534 2.34165
1
249.027 116.017 2.40356
1
247.666 117.418 2.46546
1
246.221 118.733 2.52736
1
247.745 117.51 2.58926
1
249.341 116.384 2.65116
1
247.678 117.409 2.71307
1
245.854 118.11 2.65116
1
244.077 118.921 2.58926
1
242.354 119.842 2.52736
1
240.69 120.867 2.46546
1
239.094 121.993 2.40356
1
237.57 123.215 2.34165
1
236.298 124.698 2.40356
1
234.937 126.1 2.46546
1
233.491 127.414 2.52736
1
231.967 128.637 2.58926
1
230.371 129.763 2.65116
1
228.707 130.788 2.71307
1
226.984 131.708 2.77497
1
225.207 132.52 2.83687
1
223.383 133.22 2.89877
1
221.519 133.807 2.96068
1
219.623 134.276 3.02258
1
217.701 134.628 3.08448
1
215.747 134.619 3.02258
1
213.797 134.73 2.96068
1
211.857 134.962 2.89877
1
209.935 135.314 2.83687
1
208.038 135.783 2.77497
1
206.261 136.595 2.83687
1
204.437 137.296 2.89877
1
202.574 137.882 2.96068
1
200.677 138.352 3.02258
1
198.755 138.703 3.08448
1
196.802 138.694 3.02258
1
194.851 138.805 2.96068
1
192.911 139.037 2.89877
1
190.989 139.389 2.83687
1
189.093 139.859 2.77497
1
187.316 140.67 2.83687
1
185.492 141.371 2.89877
1
183.57 141.722 2.83687
1
181.673 142.192 2.77497
1
179.81 142.778 2.71307
1
177.986 143.479 2.65116
1
176.323 144.504 2.71307
1
174.599 145.424 2.77497
1
172.822 146.236 2.83687
1
170.998 146.936 2.89877
1
169.134 147.522 2.96068
1
167.238 147.992 3.02258
1
165.316 148.344 3.08448
1
163.376 148.576 3.14638
1
161.426 148.687 3.20828
1
159.472 148.678 3.27019
1
157.522 148.548 3.33209
1
155.631 148.06 3.27019
1
153.712 147.69 3.20828
1
151.775 147.439 3.14638
1
149.825 147.309 3.08448
1
147.871 147.3 3.02258
1
145.921 147.411 2.96068
1
143.981 147.643 2.89877
1
142.059 147.995 2.83687
1
140.163 148.464 2.77497
1
138.299 149.051 2.71307
1
136.475 149.751 2.65116
1
134.698 150.563 2.58926
1
132.974 151.483 2.52736
1
131.311 152.508 2.46546
1
129.715 153.634 2.40356
1
128.191 154.857 2.34165
1
126.745 156.171 2.27975
1
125.384 157.573 2.21785
1
124.112 159.056 2.15595
1
122.934 160.614 2.09405
1
121.855 162.243 2.03214
1
120.879 163.936 1.97024
1
120.009 165.685 1.90834
1
119.249 167.485 1.84644
1
118.602 169.328 1.78454
1
118.07 171.208 1.72263
1
117.656 173.118 1.66073
1
117.361 175.049 1.59883
1
117.185 176.995 1.53693
1
117.13 178.948 1.47503
1
117.196 180.901 1.41312
1
117.383 182.845 1.35122
1
117.69 184.775 1.28932
1
118.116 186.682 1.22742
1
118.658 188.559 1.16552
1
118.001 186.719 1.10361
1
117.23 184.923 1.04171
1
116.35 183.179 0.97981
1
115.364 181.492 0.917907
1
114.276 179.87 0.856005
1
113.089 178.318 0.794103
1
111.808 176.843 0.732201
1
110.439 175.449 0.670299
1
108.986 174.143 0.608397
1
107.455 172.929 0.546495
1
105.851 171.813 0.484593
1
104.182 170.797 0.422691
1
102.453 169.887 0.360789
1
100.672 169.086 0.298887
1
98.8437 168.396 0.236985
1
96.9766 167.821 0.175083
1
95.0774 167.362 0.113181
1
93.1536 167.022 0.0512786
1
91.2123 166.801 6.27256
1
89.2611 166.701 6.21066
1
87.3075 166.722 6.14876
1
85.3589 166.863 6.08686
1
83.4228 167.125 6.02495
1
81.5338 167.624 6.02495
2
297.107 66.9924
0 0 0.550274 -0.834984
3
297.693 42.2749
314.62 49.5397
296.521 91.7099
279.594 84.4451
2
298.559 65.5231
0 0 0.524171 -0.851613
3
300.673 40.8892
317.118 49.1872
296.445 90.1569
280 81.8589
2
300.099 64.1464
0 0 0.497566 -0.867426
3
303.733 39.6904
319.633 48.9899
296.465 88.6023
280.565 79.3029
2
299.961 66.3561
0 0 0.470484 -0.882408
3
305.101 42.1718
320.395 52.4371
294.821 90.5404
279.527 80.2752
2
301.848 65.3076
0 0 0.441564 -0.89723
3
308.548 41.5082
323.144 52.7452
295.149 89.107
280.553 77.87
2
303.8 64.3839
0 0 0.412177 -0.911104
3
312.031 41.0699
325.866 53.2311
295.569 87.6978
281.734 75.5366
2
305.807 63.5888
0 0 0.382355 -0.924015
3
315.536 40.8587
328.551 53.8929
296.079 86.3189
283.063 73.2848
2
307.862 62.9259
0 0 0.352129 -0.935951
3
319.046 40.8756
331.188 54.7276
296.678 84.9761
284.537 71.1241
2
309.956 62.3978
0 0 0.321532 -0.946899
3
322.549 41.1205
333.765 55.7319
297.363 83.6751
286.147 69.0637
2
312.079 62.0068
0 0 0.290595 -0.956846
3
326.027 41.5924
336.271 56.9014
298.131 82.4212
287.888 67.1122
2
314.224 61.7545
0 0 0.25935 -0.965783
3
329.468 42.2892
338.696 58.2312
298.979 81.2199
289.752 65.2779
2
316.017 60.9564
0 0 0.253695 -0.967284
3
331.489 41.6708
340.529 57.7197
300.546 80.2421
291.506 64.1931
2
317.21 59.1565
0 0 0.284991 -0.95853
3
331.396 38.9067
341.46 54.3346
303.024 79.4063
292.96 63.9785
2
318.283 57.283
0 0 0.315986 -0.948764
3
331.124 36.1545
342.169 50.8962
305.442 78.4114
294.398 63.6698
2
319.232 55.3437
0 0 0.346647 -0.937996
3
330.674 33.4258
342.652 47.419
307.791 77.2616
295.813 63.2684
2
320.054 53.3468
0 0 0.376942 -0.926237
3
330.047 30.7321
342.91 43.9177
310.06 75.9616
297.198 62.776
2
320.744 51.3009
0 0 0.406839 -0.9135
3
329.247 28.0848
342.939 40.4071
312.24 74.5169
298.549 62.1946
2
321.299 49.2144
0 0 0.436306 -0.899798
3
328.277 25.495
342.74 36.902
314.321 72.9337
299.859 61.5267
2
321.718 47.0962
0 0 0.465313 -0.885146
3
327.14 22.9738
342.314 33.4173
316.296 71.2187
301.122 60.7752
2
321.998 44.9554
0 0 0.493828 -0.869559
3
325.843 20.5316
341.662 29.9676
318.154 69.3791
302.335 59.9431
2
322.139 42.8008
0 0 0.521822 -0.853055
3
324.389 18.1789
340.788 26.5675
319.889 67.4227
303.49 59.0341
2
322.14 40.6416
0 0 0.549264 -0.835649
3
322.785 15.9256
339.695 23.2313
321.494 65.3576
304.585 58.0519
2
322 38.487
0 0 0.576127 -0.81736
3
321.039 13.7813
338.387 19.9732
322.961 63.1927
305.613 57.0008
2
321.72 36.346
0 0 0.602381 -0.798209
3
319.157 11.7548
336.87 16.807
324.284 60.9372
306.57 55.885
2
321.303 34.2277
0 0 0.627999 -0.778214
3
317.147 9.85495
335.151 13.7459
325.458 58.6004
307.454 54.7095
2
320.748 32.1409
0 0 0.652954 -0.757398
3
315.018 8.08959
333.237 10.8029
326.478 56.1923
308.259 53.479
2
320.059 30.0947
0 0 0.677219 -0.735781
3
312.779 6.46624
331.136 7.99046
327.339 53.7231
308.982 52.1989
2
319.239 28.0974
0 0 0.700769 -0.713388
3
310.44 4.99174
328.857 5.32044
328.038 51.2031
309.621 50.8744
2
318.29 26.1577
0 0 0.723579 -0.690241
3
308.009 3.67232
326.408 2.80411
328.571 48.6431
310.172 49.5113
2
317.218 24.2837
0 0 0.745625 -0.666366
3
305.498 2.51356
323.802 0.452112
328.938 46.0538
310.634 48.1153
2
316.026 22.4833
0 0 0.766884 -0.641786
3
302.917 1.52035
321.048 -1.72564
329.135 43.4462
311.003 46.6922
2
314.72 20.7641
0 0 0.787332 -0.616529
3
300.277 0.696883
318.159 -3.71993
329.163 40.8313
311.28 45.2481
2
313.305 19.1334
0 0 0.806949 -0.590621
3
297.589 0.0466316
315.147 -5.52236
329.021 38.2201
311.463 43.7891
2
311.786 17.598
0 0 0.825714 -0.564089
3
294.864 -0.427651
312.023 -7.1253
328.709 35.6236
311.55 42.3213
2
310.172 16.1645
0 0 0.843607 -0.536961
3
292.114 -0.723965
308.802 -8.52199
328.229 33.0529
311.542 40.8509
2
308.468 14.8388
0 0 0.860609 -0.509266
3
289.351 -0.841056
305.497 -9.70652
327.584 30.5188
311.438 39.3842
2
306.681 13.6267
0 0 0.876702 -0.481034
3
286.586 -0.778433
302.123 -10.6739
326.775 28.0319
311.239 37.9273
2
304.819 12.5332
0 0 0.891869 -0.452293
3
283.831 -0.536359
298.692 -11.42
325.807 25.6028
310.946 36.4865
2
302.89 11.5629
0 0 0.906095 -0.423075
3
281.098 -0.115857
295.22 -11.9418
324.682 23.2417
310.56 35.0676
2
300.902 10.72
0 0 0.919363 -0.39341
3
278.397 0.481308
291.722 -12.2369
323.407 20.9587
310.083 33.6769
2
298.864 10.0079
0 0 0.931661 -0.363329
3
275.742 1.25259
288.212 -12.3042
321.986 18.7633
309.516 32.3201
2
296.784 9.42979
0 0 0.942974 -0.332865
3
273.141 2.19475
284.705 -12.1434
320.426 16.6648
308.862 31.003
2
294.67 8.98797
0 0 0.953292 -0.30205
3
270.608 3.3038
281.216 -11.7551
318.732 14.6721
308.125 29.7311
2
292.532 8.68436
0 0 0.962603 -0.270915
3
268.152 4.57507
277.759 -11.1411
316.913 12.7937
307.306 28.5098
2
290.379 8.52024
0 0 0.970898 -0.239494
3
265.784 6.00318
274.35 -10.3038
314.975 11.0373
306.409 27.3443
2
288.22 8.49631
0 0 0.978167 -0.20782
3
263.513 7.5821
271.002 -9.24681
312.928 9.41051
305.439 26.2394
2
286.064 8.61265
0 0 0.984403 -0.175927
3
261.35 9.30516
267.73 -7.97463
310.779 7.92014
304.399 25.1999
2
283.921 8.86878
0 0 0.9896 -0.143848
3
259.303 11.1651
264.547 -6.49261
308.538 6.57248
303.294 24.2302
2
281.798 9.26363
0 0 0.993751 -0.111617
3
257.381 13.154
261.468 -4.807
306.214 5.37323
302.128 23.3343
2
279.705 9.79551
0 0 0.996853 -0.0792686
3
255.593 15.2636
258.504 -2.92493
303.817 4.32744
300.906 22.516
2
277.651 10.4622
0 0 0.998903 -0.0468361
3
253.945 17.4848
255.669 -0.854348
301.358 3.43955
299.634 21.7787
2
275.645 11.2609
0 0 0.999897 -0.0143541
3
252.446 19.8084
252.974 1.39601
298.845 2.7133
298.317 21.1257
2
273.696 12.1881
0 0 0.999835 0.018143
3
251.1 22.2245
250.432 3.81663
296.291 2.15174
296.96 20.5596
2
271.81 13.2401
0 0 0.998718 0.0506209
3
249.914 24.7229
248.051 6.3973
293.706 1.75727
295.569 20.0829
2
269.997 14.4123
0 0 0.996546 0.0830454
3
248.893 27.2931
245.844 9.12712
291.101 1.53154
294.15 19.6975
2
268.263 15.6998
0 0 0.993321 0.115382
3
248.041 29.9241
243.818 11.9946
288.486 1.4755
292.709 19.4051
2
266.617 17.0972
0 0 0.989048 0.147597
3
247.361 32.6049
241.983 14.9875
285.874 1.5894
291.252 19.2068
2
265.066 18.5985
0 0 0.983729 0.179656
3
246.857 35.3243
240.346 18.0933
283.274 1.87275
289.785 19.1037
2
263.615 20.1974
0 0 0.977372 0.211526
3
246.531 38.0705
238.915 21.2989
280.698 2.32435
288.315 19.096
2
262.271 21.8873
0 0 0.969983 0.243171
3
246.384 40.8322
237.694 24.5907
278.157 2.9423
286.847 19.1839
2
261.039 23.6608
0 0 0.96157 0.274561
3
246.417 43.5976
236.69 27.9548
275.662 3.72399
285.388 19.3669
2
259.926 25.5106
0 0 0.952141 0.30566
3
246.629 46.3551
235.907 31.377
273.222 4.66611
283.944 19.6442
2
258.934 27.4288
0 0 0.941706 0.336436
3
247.02 49.0929
235.348 34.8428
270.849 5.76469
282.521 20.0148
2
258.07 29.4073
0 0 0.930277 0.366857
3
247.587 51.7996
235.015 38.3377
268.552 7.01509
281.125 20.477
2
257.336 31.4379
0 0 0.917866 0.396891
3
248.33 54.4637
234.909 41.8468
266.342 8.41203
279.762 21.0289
2
256.735 33.5118
0 0 0.904485 0.426506
3
249.244 57.0739
235.032 45.3554
264.226 9.94961
278.438 21.6682
2
256.27 35.6203
0 0 0.890149 0.45567
3
250.325 59.6193
235.382 48.8486
262.215 11.6213
277.158 22.3921
2
255.943 37.7546
0 0 0.874873 0.484353
3
251.57 62.0891
235.959 52.3116
260.317 13.4201
275.928 23.1976
2
255.756 39.9056
0 0 0.858673 0.512524
3
252.972 64.4728
236.759 55.7299
258.54 15.3384
274.753 24.0813
2
255.709 42.0642
0 0 0.841566 0.540154
3
254.526 66.7604
237.779 59.089
256.891 17.3681
273.638 25.0394
2
255.801 44.2214
0 0 0.823571 0.567214
3
256.225 68.9422
239.016 62.3748
255.377 19.5006
272.587 26.068
2
256.034 46.368
0 0 0.804705 0.593674
3
258.063 71.009
240.463 65.5732
254.006 21.7269
271.605 27.1627
2
256.406 48.4949
0 0 0.78499 0.619508
3
260.031 72.9521
242.115 68.6709
252.781 24.0376
270.697 28.3188
2
256.915 50.5931
0 0 0.764446 0.644687
3
262.121 74.7633
243.965 71.6548
251.709 26.423
269.865 29.5315
2
257.559 52.6539
0 0 0.743095 0.669186
3
264.324 76.4349
246.005 74.5122
250.795 28.8729
269.114 30.7956
2
258.336 54.6685
0 0 0.720959 0.692978
3
266.631 77.9599
248.226 77.2312
250.041 31.3771
268.447 32.1058
2
259.242 56.6284
0 0 0.698061 0.716038
3
269.033 79.3318
250.619 79.8001
249.452 33.9249
267.866 33.4566
2
260.274 58.5252
0 0 0.674426 0.738342
3
271.518 80.5449
253.173 82.2081
249.03 36.5056
267.374 34.8423
2
261.426 60.3511
0 0 0.650079 0.759866
3
274.077 81.5939
255.879 84.4452
248.775 39.1083
266.973 36.257
2
262.695 62.0983
0 0 0.625046 0.780588
3
276.699 82.4745
258.724 86.5018
248.691 41.722
266.665 37.6948
2
264.074 63.7594
0 0 0.599352 0.800485
3
279.372 83.183
261.697 88.3693
248.777 44.3357
266.451 39.1495
2
265.559 65.3274
0 0 0.573026 0.819537
3
282.086 83.7164
264.785 90.0397
249.032 46.9383
266.332 40.615
2
267.142 66.7956
0 0 0.546094 0.837724
3
284.828 84.0724
267.975 91.506
249.455 49.5189
266.309 42.0852
2
268.817 68.158
0 0 0.518586 0.855026
3
287.588 84.2495
271.253 92.7621
250.046 52.0664
266.381 43.5539
2
270.577 69.4086
0 0 0.49053 0.871425
3
290.354 84.2469
274.606 93.8025
250.8 54.5703
266.548 45.0147
2
271.238 71.2858
0 0 0.502982 0.864297
3
290.581 86.6854
274.566 95.7852
251.895 55.8861
267.91 46.7863
2
271.333 73.4428
0 0 0.5308 0.847497
3
289.635 90.0663
273.062 98.1067
253.031 56.8193
269.604 48.7789
2
271.288 75.6015
0 0 0.558057 0.829802
3
288.471 93.3786
271.412 100.326
254.105 57.8244
271.164 50.8774
2
271.103 77.7527
0 0 0.584725 0.811231
3
287.095 96.6084
269.62 102.433
255.11 58.897
272.585 53.0728
2
270.778 79.8873
0 0 0.610776 0.791804
3
285.512 99.7419
267.696 104.419
256.044 60.0327
273.861 55.3558
2
270.316 81.9964
0 0 0.636181 0.77154
3
283.729 102.766
265.647 106.276
256.902 61.2267
274.985 57.7168
2
269.717 84.0709
0 0 0.660915 0.750461
3
281.753 105.668
263.481 107.996
257.681 62.4739
275.953 60.1459
2
268.985 86.1022
0 0 0.684951 0.72859
3
279.593 108.435
261.208 109.572
258.377 63.769
276.762 62.6328
2
268.123 88.0816
0 0 0.708263 0.705949
3
277.258 111.057
258.838 110.996
258.988 65.1066
277.408 65.1669
2
267.134 90.0009
0 0 0.730827 0.682563
3
274.757 113.521
256.38 112.264
259.51 66.4811
277.887 67.7376
2
266.022 91.8519
0 0 0.75262 0.658455
3
272.101 115.817
253.845 113.37
259.942 67.8866
278.199 70.3341
2
264.792 93.6267
0 0 0.773617 0.633653
3
269.302 117.936
251.243 114.308
260.282 69.3171
278.341 72.9453
2
263.45 95.318
0 0 0.793798 0.608181
3
266.372 119.869
248.586 115.076
260.528 70.7668
278.314 75.5602
2
262.001 96.9184
0 0 0.813141 0.582067
3
263.322 121.608
245.885 115.669
260.68 72.2293
278.116 78.1678
2
260.451 98.4214
0 0 0.831624 0.555339
3
260.165 123.144
243.151 116.086
260.736 73.6986
277.75 80.7571
2
258.806 99.8205
0 0 0.84923 0.528024
3
256.915 124.473
240.396 116.324
260.697 75.1685
277.216 83.3171
2
257.074 101.11
0 0 0.865938 0.500151
3
253.586 125.587
237.631 116.383
260.562 76.6327
276.517 85.8371
2
256.098 102.802
0 0 0.865938 0.500151
3
252.61 127.279
236.655 118.075
259.586 78.325
275.541 87.5294
2
255.122 104.495
0 0 0.865938 0.500151
3
251.634 128.972
235.678 119.767
258.609 80.0173
274.565 89.2218
2
254.145 106.187
0 0 0.865938 0.500151
3
250.657 130.664
234.702 121.46
257.633 81.7097
273.589 90.9141
2
253.169 107.879
0 0 0.865938 0.500151
3
249.681 132.356
233.726 123.152
256.657 83.402
272.612 92.6065
2
252.193 109.572
0 0 0.865938 0.500151
3
248.705 134.049
232.749 124.844
255.681 85.0944
271.636 94.2988
2
251.886 111.614
0 0 0.850046 0.526709
3
249.919 136.26
233.424 128.061
253.853 86.9683
270.347 95.168
2
251.706 113.672
0 0 0.833339 0.552762
3
251.267 138.393
234.297 131.229
252.144 88.9516
269.114 96.1153
2
251.653 115.737
0 0 0.815834 0.578286
3
252.745 140.438
235.364 134.337
250.562 91.0369
267.942 97.1371
2
250.304 117.302
0 0 0.833339 0.552762
3
249.866 142.022
232.896 134.859
250.743 92.5811
267.713 99.7448
2
248.861 118.78
0 0 0.850046 0.526709
3
246.894 143.426
230.4 135.226
250.828 94.1336
267.322 102.333
2
247.329 120.165
0 0 0.865938 0.500151
3
243.841 144.643
227.886 135.438
250.817 95.6883
266.772 104.893
2
245.714 121.454
0 0 0.881001 0.473114
3
240.719 145.668
225.363 135.495
250.71 97.2394
266.065 107.413
2
244.023 122.64
0 0 0.89522 0.445624
3
237.539 146.499
222.843 135.395
250.507 98.7809
265.203 109.885
2
242.262 123.719
0 0 0.908582 0.417707
3
234.314 147.132
220.333 135.139
250.209 100.307
264.191 112.299
2
240.437 124.687
0 0 0.921073 0.38939
3
231.056 147.563
217.843 134.729
249.817 101.812
263.03 114.646
2
238.556 125.541
0 0 0.932682 0.3607
3
227.778 147.792
215.384 134.166
249.333 103.289
261.727 116.916
2
236.625 126.276
0 0 0.943398 0.331664
3
224.492 147.819
212.965 133.451
248.759 104.734
260.286 119.101
2
234.653 126.891
0 0 0.953209 0.302311
3
221.21 147.641
210.594 132.588
248.096 106.14
258.712 121.193
2
235.694 124.937
0 0 0.962108 0.272668
3
220.993 144.816
211.329 129.135
250.395 105.058
260.06 120.739
2
236.855 123.051
0 0 0.970085 0.242764
3
220.952 141.983
212.276 125.734
252.757 104.12
261.433 120.368
2
234.803 123.291
0 0 0.977133 0.212627
3
217.76 141.203
210.106 124.448
251.846 105.379
259.5 122.134
2
233.368 124.777
0 0 0.970085 0.242764
3
217.465 143.708
208.789 127.459
249.27 105.845
257.946 122.094
2
232.027 126.348
0 0 0.962108 0.272668
3
217.326 146.227
207.661 130.546
246.728 106.469
256.392 122.15
2
230.786 128
0 0 0.953209 0.302311
3
217.343 148.75
206.727 133.697
244.229 107.249
254.845 122.302
2
229.649 129.725
0 0 0.943398 0.331664
3
217.516 151.267
205.989 136.899
241.783 108.182
253.31 122.55
2
228.622 131.517
0 0 0.932682 0.3607
3
217.844 153.768
205.451 140.141
239.4 109.265
251.793 122.892
2
227.707 133.369
0 0 0.921073 0.38939
3
218.327 156.245
205.114 143.411
237.088 110.493
250.301 123.327
2
225.826 134.222
0 0 0.932682 0.3607
3
215.048 156.474
202.655 142.847
236.604 111.971
248.997 125.598
2
223.896 134.958
0 0 0.943398 0.331664
3
211.762 156.5
200.235 142.133
236.029 113.415
247.556 127.783
2
221.923 135.572
0 0 0.953209 0.302311
3
208.48 156.323
197.864 141.27
235.366 114.822
245.983 129.875
2
219.917 136.064
0 0 0.962108 0.272668
3
205.216 155.943
195.552 140.262
234.618 116.185
244.282 131.866
2
217.884 136.43
0 0 0.970085 0.242764
3
201.981 155.362
193.306 139.113
233.787 117.498
242.462 133.747
2
215.832 136.67
0 0 0.977133 0.212627
3
198.789 154.581
191.135 137.827
232.876 118.758
240.53 135.513
2
213.77 136.782
0 0 0.983245 0.182287
3
195.651 153.605
189.048 136.409
231.888 119.959
238.491 137.155
2
211.704 136.767
0 0 0.988416 0.151772
3
192.579 152.437
187.053 134.865
230.829 121.097
236.355 138.669
2
209.643 136.624
0 0 0.992639 0.121112
3
189.586 151.081
185.157 133.201
229.701 122.167
234.129 140.047
2
207.595 136.354
0 0 0.995911 0.0903355
3
186.682 149.542
183.367 131.422
228.509 123.165
231.823 141.285
2
205.568 135.957
0 0 0.99823 0.0594727
3
183.879 147.826
181.692 129.537
227.257 124.088
229.444 142.378
2
203.569 135.436
0 0 0.999592 0.0285529
3
181.187 145.941
180.136 127.551
225.951 124.931
227.002 143.321
2
201.692 136.299
0 0 0.99823 0.0594727
3
180.003 148.169
177.816 129.879
223.381 124.43
225.568 142.72
2
199.873 137.277
0 0 0.995911 0.0903355
3
178.959 150.465
175.645 132.346
220.786 124.089
224.1 142.208
2
198.117 138.366
0 0 0.992639 0.121112
3
178.059 152.822
173.631 134.943
218.174 123.909
222.603 141.788
2
196.432 139.561
0 0 0.988416 0.151772
3
177.307 155.23
171.781 137.659
215.557 123.891
221.083 141.462
2
194.824 140.857
0 0 0.983245 0.182287
3
176.705 157.68
170.102 140.485
212.943 124.035
219.546 141.23
2
192.758 140.842
0 0 0.988416 0.151772
3
173.634 156.512
168.107 138.941
211.883 125.172
217.41 142.744
2
190.698 140.699
0 0 0.992639 0.121112
3
170.64 155.156
166.211 137.276
210.755 126.242
215.184 144.122
2
188.65 140.429
0 0 0.995911 0.0903355
3
167.736 153.617
164.422 135.498
209.563 127.24
212.877 145.36
2
186.622 140.032
0 0 0.99823 0.0594727
3
164.933 151.901
162.746 133.612
208.311 128.163
210.499 146.453
2
184.623 139.511
0 0 0.999592 0.0285529
3
162.242 150.016
161.19 131.626
207.005 129.006
208.057 147.396
2
182.747 140.374
0 0 0.99823 0.0594727
3
161.058 152.244
158.87 133.954
204.436 128.505
206.623 146.795
2
180.927 141.352
0 0 0.995911 0.0903355
3
160.014 154.54
156.699 136.421
201.84 128.164
205.155 146.283
2
179.171 142.441
0 0 0.992639 0.121112
3
159.114 156.897
154.685 139.018
199.229 127.984
203.658 145.864
2
177.486 143.636
0 0 0.988416 0.151772
3
158.362 159.306
152.835 141.734
196.611 127.966
202.138 145.537
2
175.878 144.933
0 0 0.983245 0.182287
3
157.76 161.756
151.157 144.56
193.997 128.11
200.6 145.306
2
173.813 144.917
0 0 0.988416 0.151772
3
154.688 160.587
149.162 143.016
192.937 129.247
198.464 146.819
2
171.752 144.774
0 0 0.992639 0.121112
3
151.695 159.231
147.266 141.351
191.809 130.317
196.238 148.197
2
170.067 145.969
0 0 0.988416 0.151772
3
150.942 161.639
145.416 144.068
189.192 130.299
194.718 147.871
2
168.459 147.266
0 0 0.983245 0.182287
3
150.34 164.089
143.738 146.893
186.578 130.443
193.181 147.639
2
166.935 148.66
0 0 0.977133 0.212627
3
149.891 166.572
142.237 149.817
183.978 130.748
191.632 147.503
2
165.499 150.146
0 0 0.970085 0.242764
3
149.597 169.077
140.921 152.828
181.402 131.214
190.078 147.463
2
163.447 150.385
0 0 0.977133 0.212627
3
146.404 168.297
138.75 151.543
180.491 132.474
188.145 149.228
2
161.385 150.498
0 0 0.983245 0.182287
3
143.266 167.321
136.663 150.125
179.503 133.675
186.106 150.871
2
159.319 150.483
0 0 0.988416 0.151772
3
140.194 166.152
134.668 148.581
178.444 134.813
183.97 152.384
2
157.258 150.34
0 0 0.992639 0.121112
3
137.201 164.796
132.772 146.917
177.316 135.883
181.745 153.762
2
155.21 150.069
0 0 0.995911 0.0903355
3
134.297 163.257
130.983 145.138
176.124 136.881
179.438 155
2
153.183 149.673
0 0 0.99823 0.0594727
3
131.494 161.542
129.307 143.252
174.872 137.803
177.059 156.093
2
151.184 149.152
0 0 0.999592 0.0285529
3
128.802 159.656
127.751 141.266
173.566 138.647
174.617 157.037
2
149.221 148.508
0 0 0.999997 -0.00239424
3
126.232 157.608
126.321 139.188
172.21 139.408
172.122 157.828
2
147.302 147.744
0 0 0.999444 -0.0333391
3
123.794 155.404
125.022 137.025
170.81 140.083
169.582 158.462
2
145.434 146.862
0 0 0.997934 -0.064252
3
121.497 153.054
123.859 134.786
169.37 140.671
167.008 158.939
2
143.623 145.867
0 0 0.995467 -0.0951034
3
119.35 150.566
122.837 132.479
167.897 141.168
164.41 159.255
2
141.592 146.244
0 0 0.997934 -0.064252
3
117.656 152.436
120.018 134.168
165.529 140.053
163.167 158.321
2
139.589 146.746
0 0 0.999444 -0.0333391
3
116.081 154.407
117.308 136.028
163.096 139.086
161.869 157.465
2
137.62 147.371
0 0 0.999997 -0.00239424
3
114.631 156.471
114.719 138.052
160.609 138.271
160.52 156.691
2
135.693 148.117
0 0 0.999592 0.0285529
3
113.311 158.622
112.26 140.232
158.075 137.612
159.127 156.002
2
133.817 148.98
0 0 0.99823 0.0594727
3
112.127 160.849
109.94 142.56
155.506 137.111
157.693 155.401
2
131.997 149.958
0 0 0.995911 0.0903355
3
111.084 163.146
107.769 145.027
152.91 136.77
156.225 154.889
2
130.241 151.047
0 0 0.992639 0.121112
3
110.184 165.503
105.755 147.624
150.299 136.59
154.728 154.469
2
128.556 152.242
0 0 0.988416 0.151772
3
109.431 167.911
103.905 150.34
147.681 136.572
153.207 154.143
2
126.948 153.538
0 0 0.983245 0.182287
3
108.83 170.361
102.227 153.166
145.067 136.716
151.67 153.911
2
125.424 154.932
0 0 0.977133 0.212627
3
108.381 172.844
100.726 156.09
142.467 137.021
150.121 153.775
2
123.988 156.418
0 0 0.970085 0.242764
3
108.086 175.35
99.41 159.101
139.891 137.486
148.567 153.735
2
122.648 157.989
0 0 0.962108 0.272668
3
107.947 177.869
98.2823 162.188
137.349 138.11
147.013 153.791
2
121.407 159.641
0 0 0.953209 0.302311
3
107.964 180.391
97.3477 165.338
134.85 138.89
145.466 153.944
2
120.27 161.366
0 0 0.943398 0.331664
3
108.137 182.908
96.6098 168.541
132.404 139.824
143.931 154.191
2
119.243 163.158
0 0 0.932682 0.3607
3
108.465 185.41
96.0715 171.783
130.02 140.906
142.414 154.533
2
118.328 165.01
0 0 0.921073 0.38939
3
108.948 187.886
95.7347 175.052
127.709 142.134
140.922 154.969
2
117.53 166.915
0 0 0.908582 0.417707
3
109.582 190.328
95.6008 178.336
125.477 143.503
139.459 155.495
2
116.851 168.866
0 0 0.89522 0.445624
3
110.367 192.726
95.6703 181.621
123.335 145.007
138.031 156.112
2
116.294 170.856
0 0 0.881001 0.473114
3
111.298 195.07
95.943 184.896
121.289 146.641
136.645 156.815
2
115.861 172.876
0 0 0.865938 0.500151
3
112.373 197.353
96.4177 188.148
119.349 148.398
135.304 157.603
2
115.554 174.918
0 0 0.850046 0.526709
3
113.587 199.564
97.0927 191.365
117.521 150.272
134.015 158.472
2
115.374 176.976
0 0 0.833339 0.552762
3
114.935 201.697
97.9654 194.533
115.812 152.256
132.782 159.419
2
115.321 179.041
0 0 0.815834 0.578286
3
116.413 203.742
99.0324 197.641
114.23 154.341
131.61 160.441
2
115.397 181.106
0 0 0.797548 0.603256
3
118.014 205.691
100.29 200.678
112.779 156.52
130.504 161.533
2
115.6 183.161
0 0 0.778497 0.627648
3
119.733 207.538
101.732 203.631
111.466 158.785
129.467 162.692
2
115.929 185.201
0 0 0.758701 0.651439
3
121.563 209.275
103.355 206.489
110.296 161.127
128.504 163.913
2
116.385 187.216
0 0 0.738178 0.674606
3
123.497 210.895
105.151 209.241
109.273 163.536
127.618 165.19
2
116.964 189.198
0 0 0.716948 0.697126
3
125.527 212.393
107.114 211.876
108.401 166.004
126.813 166.521
2
117.664 191.142
0 0 0.695032 0.718979
3
127.646 213.762
109.237 214.385
107.683 168.522
126.092 167.898
2
118.484 193.038
0 0 0.672449 0.740143
3
129.846 214.997
111.51 216.759
107.122 171.079
125.458 169.317
2
119.419 194.88
0 0 0.649223 0.760598
3
132.118 216.094
113.926 218.986
106.721 173.666
124.912 170.773
2
120.466 196.66
0 0 0.625374 0.780325
3
134.453 217.048
116.475 221.061
106.48 176.272
124.458 172.26
2
121.622 198.373
0 0 0.600927 0.799304
3
136.843 217.857
119.148 222.973
106.401 178.889
124.096 173.772
2
122.881 200.01
0 0 0.575903 0.817518
3
139.278 218.515
121.934 224.717
106.484 181.506
123.829 175.304
2
124.239 201.567
0 0 0.550329 0.834948
3
141.75 219.022
124.822 226.284
106.729 184.112
123.657 176.849
2
124.376 199.357
0 0 0.524227 0.851579
3
142.932 215.695
126.486 223.991
105.819 183.019
122.265 174.723
2
124.375 197.143
0 0 0.497623 0.867394
3
143.907 212.302
128.006 221.599
104.843 181.984
120.744 172.687
2
124.237 194.933
0 0 0.470542 0.882378
3
144.67 208.855
129.374 219.118
103.805 181.011
119.101 170.748
2
123.963 192.736
0 0 0.44301 0.896516
3
145.218 205.367
130.586 216.557
102.709 180.105
117.34 168.915
2
123.554 190.56
0 0 0.415055 0.909797
3
145.549 201.852
131.637 213.926
101.558 179.268
115.47 167.195
2
123.01 188.414
0 0 0.386701 0.922205
3
145.662 198.324
132.524 211.235
100.359 178.504
113.496 165.593
2
122.335 186.305
0 0 0.357977 0.93373
3
145.557 194.795
133.243 208.494
99.114 177.816
111.428 164.117
2
121.531 184.242
0 0 0.32891 0.944361
3
145.233 191.279
133.79 205.714
97.8291 177.206
109.272 162.771
2
120.601 182.233
0 0 0.299529 0.954087
3
144.693 187.79
134.165 202.905
96.5089 176.676
107.037 161.562
2
119.548 180.286
0 0 0.26986 0.9629
3
143.937 184.341
134.365 200.079
95.1585 176.23
104.731 160.493
2
118.377 178.407
0 0 0.239933 0.97079
3
142.97 180.946
134.389 197.245
93.783 175.867
102.364 159.568
2
117.091 176.604
0 0 0.209776 0.97775
3
141.795 177.617
134.239 194.416
92.3878 175.591
99.944 158.792
2
115.697 174.884
0 0 0.179418 0.983773
3
140.416 174.367
133.914 191.601
90.9781 175.401
97.4806 158.167
2
114.199 173.254
0 0 0.148888 0.988854
3
138.839 171.208
133.415 188.812
89.5594 175.299
94.9833 157.696
2
112.603 171.719
0 0 0.118215 0.992988
3
137.069 168.153
132.745 186.059
88.1371 175.285
92.4616 157.38
2
110.915 170.286
0 0 0.0874296 0.996171
3
135.114 165.214
131.905 183.352
86.7167 175.359
89.9253 157.22
2
109.142 168.961
0 0 0.0565601 0.998399
3
132.98 162.401
130.9 180.703
85.3035 175.52
87.3838 157.218
2
107.29 167.747
0 0 0.0256365 0.999671
3
130.677 159.725
129.733 178.121
83.903 175.769
84.8472 157.373
2
105.367 166.651
0 0 0.00531162 -0.999986
3
128.212 157.197
128.408 175.616
82.5206 176.104
82.325 157.685
2
103.379 165.675
0 0 0.0362547 -0.999343
3
125.596 154.827
126.931 173.198
81.1616 176.524
79.8269 158.152
2
101.335 164.824
0 0 0.0671631 -0.997742
3
122.838 152.622
125.307 170.876
79.8311 177.027
77.3624 158.773
2
99.242 164.102
0 0 0.0980071 -0.995186
3
119.95 150.593
123.543 168.659
78.5343 177.611
74.9411 159.545
2
97.1084 163.51
0 0 0.128757 -0.991676
3
116.941 148.746
121.645 166.555
77.2762 178.274
72.5722 160.465
2
95.2194 164.009
0 0 0.128757 -0.991676
3
115.052 149.245
119.756 167.054
75.3872 178.773
70.6833 160.964
