0
120 364
0
119 364
0
118 364
0
117 364
0
116 364
0
115 364
0
114 364
0
113 364
0
112 364
0
111 364
0
110 364
0
109 364
0
108 364
0
107 364
0
106 364
0
105 364
0
104 364
0
103 364
0
102 364
0
101 364
0
100 363
0
99 362
0
98 361
0
97 360
0
96 359
0
95 358
0
94 357
0
93 356
0
92 355
0
91 354
0
91 353
0
91 352
0
91 351
0
91 350
0
91 349
0
90 348
0
90 347
0
90 346
0
90 345
0
90 344
0
90 343
0
90 342
0
90 341
0
90 340
0
90 339
0
90 338
0
90 337
0
90 336
0
90 335
0
90 334
0
90 333
0
90 332
0
90 331
0
90 330
0
90 329
0
90 328
0
90 327
0
90 326
0
90 325
0
90 324
0
89 323
0
89 322
0
89 321
0
89 320
0
89 319
0
89 318
0
89 317
0
89 316
0
89 315
0
89 314
0
89 313
0
89 312
0
89 311
0
89 310
0
89 309
0
89 308
0
89 307
0
89 306
0
89 305
0
89 304
0
89 303
0
89 302
0
89 301
0
89 300
0
89 299
0
89 298
0
89 297
0
89 296
0
89 295
0
89 294
0
89 293
0
89 292
0
89 291
0
89 290
0
89 289
0
89 288
0
89 287
0
89 286
0
89 285
0
89 284
0
89 283
0
89 282
0
89 281
0
89 280
0
89 279
0
89 278
0
89 277
0
89 276
0
89 275
0
89 274
0
89 273
0
89 272
0
89 271
0
89 270
0
89 269
0
89 268
0
89 267
0
89 266
0
89 265
0
89 264
0
89 263
0
89 262
0
89 261
0
89 260
0
89 259
0
89 258
0
89 257
0
89 256
0
89 255
0
89 254
0
89 253
0
89 252
0
89 251
0
89 250
0
89 249
0
89 248
0
89 247
0
89 246
0
89 245
0
89 244
0
89 243
0
89 242
0
89 241
0
89 240
0
89 239
0
89 238
0
89 237
0
89 236
0
89 235
0
89 234
0
89 233
0
89 232
0
89 231
0
89 230
0
89 229
0
89 228
0
89 227
0
89 226
0
89 225
0
89 224
0
89 223
0
89 222
0
89 221
0
89 220
0
89 219
0
89 218
0
89 217
0
89 216
0
89 215
0
89 214
0
89 213
0
89 212
0
89 211
0
89 210
0
89 209
0
89 208
0
89 207
0
89 206
0
89 205
0
89 204
0
89 203
0
89 202
0
89 201
0
89 200
0
89 199
0
89 198
0
89 197
0
88 196
0
87 195
0
86 194
0
85 193
0
84 192
0
83 191
0
82 190
0
81 189
0
80 188
0
79 187
0
78 186
0
77 185
0
77 184
0
76 183
0
76 182
0
76 181
0
76 180
0
76 179
0
75 178
0
75 177
0
75 176
0
75 175
0
75 174
0
75 173
0
75 172
0
75 171
0
75 170
0
75 169
0
75 168
0
75 167
0
75 166
0
75 165
0
76 164
0
76 163
0
76 162
0
76 161
0
76 160
0
77 159
0
77 158
0
78 157
0
79 156
0
80 155
0
81 154
0
82 153
0
83 152
0
84 151
0
85 150
0
86 149
0
87 148
0
88 147
0
89 146
0
90 145
0
90 144
0
90 143
0
90 142
0
90 141
0
90 140
0
90 139
0
90 138
0
90 137
0
90 136
0
90 135
0
90 134
0
90 133
0
90 132
0
90 131
0
90 130
0
90 129
0
90 128
0
90 127
0
90 126
0
90 125
0
90 124
0
90 123
0
90 122
0
90 121
0
90 120
0
90 119
0
90 118
0
90 117
0
90 116
0
90 115
0
90 114
0
90 113
0
90 112
0
90 111
0
90 110
0
90 109
0
90 108
0
90 107
0
90 106
0
90 105
0
90 104
0
90 103
0
90 102
0
90 101
0
90 100
0
90 99
0
91 98
0
91 97
0
91 96
0
91 95
0
91 94
0
92 93
0
92 92
0
93 91
0
94 90
0
95 89
0
96 88
0
97 88
0
98 87
0
99 87
0
100 86
0
101 86
0
102 86
0
103 86
0
104 86
0
105 86
0
106 86
0
107 86
0
108 86
0
109 86
0
110 86
0
111 86
0
112 86
0
113 86
0
114 86
0
115 86
0
116 86
0
117 86
0
118 86
0
119 86
0
120 86
0
121 86
0
122 86
0
123 86
0
124 86
0
125 86
0
126 86
0
127 86
0
128 86
0
129 86
0
130 86
0
131 86
0
132 86
0
133 86
0
134 86
0
135 86
0
136 86
0
137 86
0
138 86
0
139 86
0
140 86
0
141 86
0
142 86
0
143 86
0
144 86
0
145 86
0
146 86
0
147 86
0
148 86
0
149 86
0
150 86
0
151 86
0
152 86
0
153 86
0
154 86
0
155 86
0
156 86
0
157 86
0
158 86
0
159 86
0
160 86
0
161 86
0
162 86
0
163 86
0
164 86
0
165 86
0
166 86
0
167 86
0
168 86
0
169 86
0
170 86
0
171 86
0
172 86
0
173 86
0
174 86
0
175 86
0
176 86
0
177 86
0
178 86
0
179 86
0
180 86
0
181 86
0
182 86
0
183 86
0
184 87
0
185 88
0
186 89
0
187 90
0
188 91
0
189 92
0
190 93
0
191 94
0
192 95
0
193 96
0
194 97
0
195 98
0
196 99
0
197 100
0
198 101
0
199 102
0
200 103
0
201 104
0
202 105
0
203 106
0
204 107
0
205 108
0
206 109
0
207 110
0
208 111
0
209 112
0
210 113
0
211 114
0
212 115
0
213 116
0
214 117
0
215 118
0
216 119
0
217 120
0
218 121
0
219 122
0
220 123
0
221 124
0
222 125
0
223 126
0
224 127
0
225 128
0
226 129
0
227 130
0
228 131
0
229 132
0
230 133
0
231 134
0
232 135
0
233 136
0
234 137
0
235 138
0
236 139
0
237 140
0
238 141
0
239 142
0
240 143
0
240 144
0
240 145
0
240 146
0
240 147
0
240 148
0
240 149
0
240 150
0
240 151
0
240 152
0
240 153
0
240 154
0
240 155
0
240 156
0
240 157
0
240 158
0
240 159
0
240 160
0
240 161
0
240 162
0
240 163
0
240 164
0
240 165
0
240 166
0
240 167
0
240 168
0
240 169
0
240 170
0
240 171
0
240 172
0
240 173
0
241 174
0
242 175
0
243 176
0
244 177
0
245 178
0
246 179
0
247 180
0
248 181
0
249 182
0
250 183
0
251 184
0
252 185
0
253 186
0
254 187
0
255 188
0
256 189
0
257 190
0
258 191
0
259 192
0
260 193
0
261 194
0
262 195
0
263 196
0
264 197
0
265 198
0
266 199
0
266 200
0
266 201
0
266 202
0
266 203
0
266 204
0
266 205
0
266 206
0
266 207
0
266 208
0
266 209
0
266 210
0
266 211
0
266 212
0
266 213
0
266 214
0
266 215
0
266 216
0
266 217
0
266 218
0
266 219
0
266 220
0
266 221
0
266 222
0
266 223
0
266 224
0
266 225
0
266 226
0
266 227
0
266 228
0
266 229
0
266 230
0
266 231
0
266 232
0
266 233
0
266 234
0
266 235
0
266 236
0
266 237
0
266 238
0
266 239
0
266 240
0
266 241
0
266 242
0
266 243
0
266 244
0
266 245
0
266 246
0
266 247
0
266 248
0
266 249
0
266 250
0
266 251
0
266 252
0
266 253
0
266 254
0
266 255
0
266 256
0
266 257
0
266 258
0
266 259
0
266 260
0
266 261
0
266 262
0
266 263
0
266 264
0
266 265
0
266 266
0
266 267
0
266 268
0
266 269
0
266 270
0
266 271
0
266 272
0
266 273
0
266 274
0
266 275
0
266 276
0
266 277
0
266 278
0
266 279
0
266 280
0
266 281
0
266 282
0
266 283
0
266 284
0
266 285
0
266 286
0
266 287
0
266 288
0
266 289
0
266 290
0
266 291
0
266 292
0
266 293
0
266 294
0
266 295
0
266 296
0
266 297
0
266 298
0
266 299
0
266 300
0
266 301
0
266 302
0
266 303
0
266 304
0
266 305
0
266 306
0
266 307
0
266 308
0
266 309
0
266 310
0
266 311
0
266 312
0
266 313
0
266 314
0
266 315
0
266 316
0
266 317
0
266 318
0
266 319
0
266 320
0
266 321
0
266 322
0
266 323
0
266 324
0
266 325
0
266 326
0
266 327
0
266 328
0
266 329
0
266 330
0
266 331
0
266 332
0
266 333
0
266 334
0
266 335
0
266 336
0
266 337
0
266 338
0
266 339
0
266 340
0
266 341
0
266 342
0
266 343
0
266 344
0
267 345
0
267 346
0
267 347
0
267 348
0
267 349
0
268 350
0
268 351
0
269 352
0
270 353
0
271 354
0
272 355
0
273 355
0
274 356
0
275 356
0
276 356
0
277 357
0
278 357
0
279 357
0
280 357
0
281 357
0
282 357
0
283 357
0
284 357
0
285 357
0
286 357
0
287 357
0
288 357
0
289 357
0
290 357
0
291 357
0
292 357
0
293 357
0
294 357
0
295 357
0
296 357
0
297 357
0
298 357
0
299 357
0
300 357
0
301 357
0
302 357
0
303 357
0
304 357
0
305 357
0
306 357
0
307 357
0
308 357
0
309 357
0
310 357
0
311 357
0
312 357
0
313 357
0
314 357
0
315 357
0
316 357
0
317 357
0
318 357
0
319 357
0
320 357
0
321 357
0
322 357
0
323 357
0
324 357
0
325 357
0
326 357
0
327 357
0
328 357
0
329 357
0
330 357
0
331 357
0
332 357
0
333 357
0
334 357
0
335 357
0
336 357
0
337 357
0
338 357
0
339 357
0
340 357
0
341 357
0
342 357
0
343 357
0
344 357
0
345 357
0
346 357
0
347 358
0
348 359
0
349 360
0
350 360
0
351 361
0
352 362
0
353 362
0
354 362
0
355 362
0
356 362
0
357 362
0
358 362
0
359 362
0
360 362
0
361 362
0
362 363
0
363 363
0
364 363
0
365 363
0
366 363
0
367 363
0
368 363
0
369 363
0
370 363
0
371 363
0
372 363
0
373 363
0
374 363
0
375 363
0
376 363
0
377 363
0
378 363
0
379 363
0
380 363
0
381 363
0
382 363
0
383 363
0
384 363
0
385 363
0
386 363
0
387 363
0
388 363
0
389 363
0
390 363
0
391 363
0
392 363
0
393 363
0
394 362
0
395 362
0
396 362
0
397 362
0
398 362
0
399 362
0
400 362
0
401 362
0
402 362
0
403 362
0
404 362
0
405 361
0
406 360
0
407 360
0
408 359
0
409 358
0
410 357
0
411 356
0
412 355
0
413 354
0
414 353
0
415 352
0
416 351
0
417 350
0
418 349
0
419 348
0
420 347
0
421 346
0
422 345
0
423 344
0
424 343
0
425 342
0
426 341
0
427 340
0
428 339
0
429 338
0
430 337
0
431 336
0
432 335
0
433 334
0
434 333
0
435 332
0
436 331
0
437 331
0
438 331
0
439 330
0
440 330
0
441 330
0
442 330
0
443 330
0
444 330
0
445 330
0
446 330
0
447 330
0
448 330
0
449 330
0
450 329
0
451 329
0
452 328
0
453 327
0
454 326
0
455 325
0
456 324
0
457 323
0
458 322
0
459 321
0
460 320
0
461 319
0
462 318
0
463 317
0
464 316
0
465 315
0
466 314
0
467 313
0
468 312
0
469 311
0
470 310
0
471 309
0
472 308
0
473 307
0
474 306
0
475 305
0
476 304
0
477 303
0
478 302
0
479 301
0
480 300
0
481 299
0
482 298
0
483 297
0
484 296
0
485 295
0
486 294
0
487 293
0
488 292
0
489 291
0
490 290
0
491 289
0
492 288
0
493 287
0
494 286
0
495 285
0
496 284
0
497 283
0
498 282
0
499 281
0
500 280
0
501 279
0
502 278
0
503 277
0
504 276
0
505 275
0
506 274
0
507 273
0
508 272
0
509 271
0
510 270
0
511 269
0
512 268
0
513 267
0
514 266
0
515 265
0
516 264
0
517 263
0
518 262
0
519 261
0
520 260
0
521 259
0
522 258
0
523 257
0
524 256
0
525 255
0
526 254
0
527 253
0
528 252
0
529 251
0
530 250
0
531 249
0
532 248
0
533 247
0
534 246
0
535 245
0
535 244
0
535 243
0
535 242
0
535 241
0
536 240
0
536 239
0
536 238
0
536 237
0
536 236
0
537 235
0
537 234
0
538 233
0
539 232
0
540 231
0
541 230
0
542 230
0
543 229
0
544 229
0
545 228
0
546 228
0
547 228
0
548 228
0
549 228
0
550 228
0
551 228
0
552 228
0
553 228
0
554 228
0
555 228
0
556 228
0
557 228
0
558 228
0
559 228
0
560 228
0
561 228
0
562 228
0
563 228
0
564 228
0
565 228
0
566 227
0
567 227
0
568 227
0
569 226
1
120 364 3.1415
1
118.046 364 3.1415
1
116.096 364.121 3.2034
1
114.143 364.121 3.2653
1
112.222 363.761 3.2034
1
110.284 363.52 3.1415
1
108.334 363.641 3.2034
1
106.38 363.641 3.2653
1
104.43 363.52 3.32721
1
102.491 363.279 3.38911
1
100.571 362.919 3.45101
1
98.6765 362.44 3.51291
1
96.8155 361.845 3.57481
1
94.9949 361.136 3.63672
1
93.2217 360.316 3.69862
1
91.5026 359.388 3.76052
1
89.8442 358.355 3.82242
1
88.2528 357.221 3.88432
1
86.7347 355.991 3.94623
1
85.2955 354.67 4.00813
1
83.9408 353.262 4.07003
1
82.6758 351.773 4.13193
1
81.5054 350.209 4.19383
1
80.4339 348.575 4.25574
1
79.4656 346.878 4.31764
1
78.6041 345.125 4.37954
1
77.8527 343.321 4.44144
1
77.2144 341.475 4.50335
1
76.6915 339.592 4.56525
1
76.286 337.681 4.62715
1
75.9996 335.748 4.68905
1
75.954 333.795 4.68905
1
75.9084 331.842 4.68905
1
75.742 329.895 4.75095
1
75.6964 327.942 4.81286
1
75.7718 325.99 4.87476
1
75.9677 324.046 4.93666
1
76.2836 322.118 4.99856
1
76.7181 320.213 5.06046
1
77.2696 318.339 5.12237
1
77.936 316.502 5.18427
1
78.93 314.82 5.12237
1
79.8181 313.08 5.06046
1
80.5969 311.288 4.99856
1
81.2633 309.452 4.93666
1
81.8148 307.577 4.87476
1
82.2493 305.672 4.81286
1
82.5651 303.744 4.75095
1
82.7611 301.801 4.68905
1
82.5947 299.854 4.75095
1
82.5491 297.901 4.81286
1
82.6245 295.948 4.87476
1
82.8204 294.004 4.93666
1
83.3719 292.13 4.87476
1
83.8064 290.225 4.81286
1
84.1223 288.297 4.75095
1
84.3182 286.353 4.68905
1
84.3936 284.401 4.62715
1
84.348 282.448 4.56525
1
83.9425 280.537 4.62715
1
83.6561 278.604 4.68905
1
83.4897 276.657 4.75095
1
83.4441 274.704 4.81286
1
83.76 272.776 4.75095
1
83.9559 270.832 4.68905
1
83.7896 268.886 4.75095
1
83.8649 266.933 4.75095
1
83.9402 264.981 4.75095
1
84.0156 263.029 4.75095
1
84.0909 261.076 4.75095
1
84.1662 259.124 4.75095
1
84.2415 257.172 4.75095
1
84.3169 255.219 4.75095
1
84.3922 253.267 4.75095
1
84.4675 251.315 4.75095
1
84.5428 249.363 4.75095
1
84.6182 247.41 4.75095
1
84.6935 245.458 4.75095
1
84.7688 243.506 4.75095
1
84.8441 241.553 4.75095
1
84.9195 239.601 4.75095
1
84.9948 237.649 4.75095
1
84.9492 235.695 4.81286
1
85.265 233.767 4.75095
1
85.461 231.824 4.68905
1
85.5363 229.871 4.62715
1
85.4907 227.918 4.56525
1
85.3244 225.971 4.50335
1
84.9189 224.06 4.50335
1
84.5135 222.149 4.50335
1
83.9906 220.266 4.56525
1
83.8242 218.32 4.50335
1
83.5378 216.387 4.44144
1
82.8994 214.541 4.50335
1
82.613 212.608 4.44144
1
82.2075 210.697 4.37954
1
81.6846 208.814 4.31764
1
81.0463 206.968 4.25574
1
80.0779 205.271 4.31764
1
79.2164 203.517 4.37954
1
78.4651 201.714 4.44144
1
77.8267 199.867 4.50335
1
77.3038 197.985 4.56525
1
76.8983 196.074 4.62715
1
76.8528 194.12 4.56525
1
76.6864 192.174 4.50335
1
76.1635 190.291 4.56525
1
75.758 188.38 4.62715
1
75.4716 186.447 4.68905
1
75.426 184.494 4.68905
1
75.3804 182.541 4.68905
1
75.3348 180.588 4.68905
1
75.2892 178.635 4.68905
1
75.2436 176.681 4.68905
1
75.1981 174.728 4.68905
1
75.1525 172.775 4.68905
1
74.9861 170.828 4.75095
1
74.9405 168.875 4.81286
1
75.0159 166.923 4.87476
1
75.2118 164.979 4.93666
1
75.5276 163.051 4.99856
1
76.194 161.214 4.93666
1
76.7456 159.34 4.87476
1
76.9415 157.396 4.93666
1
77.2573 155.468 4.99856
1
77.9237 153.631 4.93666
1
78.4753 151.757 4.87476
1
78.9098 149.852 4.81286
1
79.2256 147.924 4.75095
1
79.4215 145.98 4.68905
1
79.4969 144.028 4.62715
1
79.4513 142.075 4.56525
1
79.285 140.128 4.50335
1
78.9985 138.196 4.44144
1
78.5931 136.284 4.37954
1
78.0701 134.402 4.31764
1
77.4318 132.555 4.25574
1
76.6804 130.752 4.19383
1
75.8189 128.998 4.13193
1
74.8506 127.301 4.07003
1
73.7791 125.668 4.00813
1
72.4245 124.26 4.07003
1
71.1595 122.771 4.13193
1
69.989 121.207 4.19383
1
68.9176 119.573 4.25574
1
67.9492 117.876 4.31764
1
67.0877 116.122 4.37954
1
66.3364 114.319 4.44144
1
65.698 112.472 4.50335
1
65.2926 110.561 4.50335
1
64.8871 108.65 4.50335
1
64.4817 106.739 4.50335
1
63.9587 104.856 4.56525
1
63.5533 102.945 4.62715
1
63.2669 101.012 4.68905
1
63.1005 99.0657 4.75095
1
63.0549 97.1124 4.81286
1
63.1303 95.1601 4.87476
1
63.3262 93.2162 4.93666
1
63.642 91.2882 4.99856
1
64.0765 89.3834 5.06046
1
64.6281 87.5091 5.12237
1
65.2945 85.6725 5.18427
1
66.0732 83.8806 5.24617
1
66.9613 82.1404 5.30807
1
65.9672 83.8224 5.36997
1
64.871 85.4396 5.43188
1
63.6769 86.986 5.49378
1
62.3894 88.4555 5.55568
1
61.0134 89.8425 5.61758
1
59.5543 91.1418 5.67948
1
58.0176 92.3483 5.74139
1
56.4092 93.4574 5.80329
1
58.0831 92.4499 5.86519
1
59.8162 91.5479 5.92709
1
61.6017 90.7548 5.98899
1
63.4329 90.0737 6.0509
1
65.3027 89.5072 6.1128
1
67.204 89.0574 6.1747
1
69.1294 88.7261 6.2366
1
71.083 88.756 6.1747
1
73.0346 88.6651 6.1128
1
74.9601 88.3338 6.1128
1
76.8613 87.884 6.1747
1
78.7868 87.5527 6.2366
1
80.7384 87.4617 6.2366
1
82.6901 87.3708 6.2366
1
84.6417 87.2798 6.2366
1
86.5933 87.1888 6.2366
1
88.5449 87.0978 6.2366
1
90.4966 87.0068 6.2366
1
92.4482 86.9159 6.2366
1
94.3998 86.8249 6.2366
1
96.3515 86.7339 6.2366
1
98.3031 86.6429 6.2366
1
100.255 86.5519 6.2366
1
102.206 86.461 6.2366
1
104.158 86.37 6.2366
1
106.11 86.279 6.2366
1
108.061 86.188 6.2366
1
110.013 86.097 6.2366
1
111.965 86.0061 6.2366
1
113.916 85.9151 6.2366
1
115.868 85.8241 6.2366
1
117.819 85.7331 6.2366
1
119.771 85.6421 6.2366
1
121.723 85.5511 6.2366
1
123.674 85.4602 6.2366
1
125.626 85.3692 6.2366
1
127.578 85.2782 6.2366
1
129.529 85.1872 6.2366
1
131.471 84.9757 0.015319
1
133.423 84.8847 0.0772211
1
135.377 84.9146 0.139123
1
137.325 85.0654 0.201025
1
139.259 85.3363 0.262927
1
141.174 85.7264 0.324829
1
143.06 86.2342 0.386731
1
144.912 86.8577 0.448634
1
146.721 87.5946 0.510536
1
148.482 88.442 0.572438
1
150.056 89.5999 0.510536
1
151.698 90.6582 0.448634
1
153.402 91.6129 0.386731
1
155.212 92.3498 0.386731
1
157.021 93.0867 0.386731
1
158.831 93.8236 0.386731
1
160.64 94.5605 0.386731
1
162.45 95.2973 0.386731
1
164.259 96.0342 0.386731
1
166.069 96.7711 0.386731
1
167.878 97.508 0.386731
1
169.688 98.2449 0.386731
1
171.497 98.9818 0.386731
1
173.307 99.7187 0.386731
1
175.116 100.456 0.386731
1
176.925 101.192 0.386731
1
178.735 101.929 0.386731
1
180.544 102.666 0.386731
1
182.354 103.403 0.386731
1
184.163 104.14 0.386731
1
185.973 104.877 0.386731
1
187.782 105.614 0.386731
1
189.592 106.351 0.386731
1
191.443 106.974 0.448634
1
193.253 107.711 0.510536
1
195.013 108.558 0.572438
1
196.587 109.716 0.510536
1
198.229 110.775 0.448634
1
199.934 111.729 0.386731
1
201.694 112.577 0.324829
1
203.504 113.314 0.262927
1
205.355 113.937 0.201025
1
207.27 114.327 0.201025
1
209.204 114.598 0.262927
1
211.091 115.106 0.262927
1
212.978 115.614 0.262927
1
214.864 116.122 0.262927
1
216.751 116.629 0.262927
1
218.638 117.137 0.262927
1
220.489 117.761 0.201025
1
222.376 118.269 0.139123
1
224.29 118.659 0.0772211
1
226.244 118.689 0.139123
1
228.192 118.839 0.201025
1
230.126 119.11 0.262927
1
232.041 119.5 0.324829
1
233.927 120.008 0.386731
1
235.779 120.632 0.448634
1
237.589 121.369 0.510536
1
239.349 122.216 0.572438
1
241.054 123.171 0.63434
1
242.696 124.229 0.696242
1
244.27 125.387 0.758144
1
245.769 126.64 0.820046
1
247.187 127.983 0.881948
1
248.52 129.412 0.94385
1
249.762 130.92 1.00575
1
250.908 132.502 1.06765
1
251.954 134.152 1.12956
1
252.896 135.864 1.19146
1
253.731 137.631 1.25336
1
254.454 139.445 1.31526
1
254.83 141.363 1.25336
1
255.324 143.253 1.19146
1
256.158 145.02 1.25336
1
256.882 146.834 1.31526
1
257.492 148.691 1.37716
1
257.986 150.581 1.43907
1
258.361 152.498 1.50097
1
258.618 154.435 1.56287
1
258.754 156.384 1.62477
1
258.77 158.338 1.68667
1
258.664 160.289 1.74858
1
258.439 162.229 1.81048
1
258.093 164.152 1.87238
1
257.398 165.978 1.81048
1
256.818 167.844 1.74858
1
256.354 169.742 1.68667
1
256.128 171.682 1.68667
1
255.903 173.623 1.68667
1
255.677 175.564 1.68667
1
255.451 177.504 1.68667
1
255.225 179.445 1.68667
1
254.999 181.386 1.68667
1
254.773 183.326 1.68667
1
254.547 185.267 1.68667
1
254.321 187.207 1.68667
1
254.095 189.148 1.68667
1
253.87 191.089 1.68667
1
253.644 193.029 1.68667
1
253.418 194.97 1.68667
1
253.192 196.911 1.68667
1
252.966 198.851 1.68667
1
252.74 200.792 1.68667
1
252.514 202.733 1.68667
1
252.288 204.673 1.68667
1
252.062 206.614 1.68667
1
251.836 208.555 1.68667
1
251.611 210.495 1.68667
1
251.265 212.418 1.62477
1
251.039 214.359 1.56287
1
251.055 216.312 1.56287
1
251.07 218.266 1.56287
1
251.086 220.22 1.56287
1
251.101 222.174 1.56287
1
251.117 224.127 1.56287
1
251.132 226.081 1.56287
1
251.148 228.035 1.56287
1
251.163 229.988 1.56287
1
251.179 231.942 1.56287
1
251.194 233.896 1.56287
1
251.21 235.849 1.56287
1
251.225 237.803 1.56287
1
251.241 239.757 1.56287
1
251.256 241.71 1.56287
1
251.271 243.664 1.56287
1
251.287 245.618 1.56287
1
251.302 247.572 1.56287
1
251.318 249.525 1.56287
1
251.333 251.479 1.56287
1
251.349 253.433 1.56287
1
251.364 255.386 1.56287
1
251.38 257.34 1.56287
1
251.395 259.294 1.56287
1
251.411 261.247 1.56287
1
251.426 263.201 1.56287
1
251.442 265.155 1.56287
1
251.457 267.108 1.56287
1
251.473 269.062 1.56287
1
251.488 271.016 1.56287
1
251.504 272.969 1.56287
1
251.519 274.923 1.56287
1
251.535 276.877 1.56287
1
251.55 278.83 1.56287
1
251.687 280.779 1.62477
1
251.702 282.733 1.68667
1
251.597 284.684 1.74858
1
251.133 286.582 1.68667
1
250.787 288.505 1.62477
1
250.561 290.445 1.56287
1
250.456 292.396 1.50097
1
250.472 294.35 1.43907
1
250.608 296.299 1.37716
1
250.864 298.236 1.31526
1
251.24 300.153 1.25336
1
251.734 302.043 1.19146
1
252.458 303.858 1.19146
1
253.181 305.673 1.19146
1
254.016 307.44 1.25336
1
254.739 309.255 1.31526
1
255.115 311.172 1.25336
1
255.725 313.028 1.25336
1
256.335 314.884 1.25336
1
257.058 316.699 1.31526
1
257.668 318.555 1.37716
1
258.162 320.445 1.43907
1
258.298 322.394 1.37716
1
258.555 324.331 1.31526
1
258.931 326.248 1.25336
1
259.541 328.105 1.25336
1
260.15 329.961 1.25336
1
260.76 331.817 1.25336
1
261.37 333.673 1.25336
1
261.98 335.529 1.25336
1
262.59 337.385 1.25336
1
263.2 339.241 1.25336
1
263.693 341.132 1.19146
1
264.303 342.988 1.12956
1
265.027 344.803 1.06765
1
266.073 346.453 1.12956
1
267.015 348.164 1.19146
1
267.625 350.021 1.12956
1
268.348 351.835 1.06765
1
269.183 353.602 1.00575
1
270.125 355.314 0.94385
1
271.171 356.964 0.881948
1
272.317 358.546 0.820046
1
273.559 360.054 0.758144
1
274.892 361.483 0.696242
1
276.31 362.826 0.63434
1
277.809 364.079 0.572438
1
279.383 365.237 0.510536
1
281.143 366.084 0.572438
1
282.848 367.039 0.63434
1
284.347 368.292 0.572438
1
285.921 369.45 0.510536
1
287.563 370.508 0.448634
1
289.268 371.463 0.386731
1
291.028 372.31 0.324829
1
292.838 373.047 0.262927
1
294.689 373.671 0.201025
1
296.576 374.178 0.139123
1
298.49 374.569 0.0772211
1
300.425 374.84 0.015319
1
302.373 374.99 6.2366
1
304.324 374.899 6.2366
1
306.276 374.808 6.2366
1
308.228 374.717 6.2366
1
310.179 374.626 6.2366
1
312.131 374.535 6.2366
1
314.083 374.444 6.2366
1
316.034 374.353 6.2366
1
317.986 374.262 6.2366
1
319.938 374.171 6.2366
1
321.889 374.081 6.2366
1
323.841 373.99 6.2366
1
325.792 373.899 6.2366
1
327.744 373.808 6.2366
1
329.696 373.717 6.2366
1
331.647 373.626 6.2366
1
333.599 373.535 6.2366
1
335.551 373.444 6.2366
1
337.502 373.353 6.2366
1
339.454 373.262 6.2366
1
341.405 373.171 6.2366
1
343.357 373.08 6.2366
1
345.309 372.989 6.2366
1
347.26 372.898 6.2366
1
349.212 372.807 6.2366
1
351.164 372.716 6.2366
1
353.115 372.625 6.2366
1
355.067 372.534 6.2366
1
357.018 372.443 6.2366
1
358.97 372.352 6.2366
1
360.922 372.261 6.2366
1
362.873 372.17 6.2366
1
364.816 371.959 0.015319
1
366.767 371.868 0.0772211
1
368.721 371.897 0.139123
1
370.635 372.288 0.0772211
1
372.57 372.559 0.015319
1
374.518 372.709 6.2366
1
376.471 372.739 6.1747
1
378.423 372.648 6.1128
1
380.365 372.437 6.0509
1
382.267 371.987 6.0509
1
384.168 371.537 6.0509
1
386.069 371.087 6.0509
1
387.971 370.638 6.0509
1
389.872 370.188 6.0509
1
391.773 369.738 6.0509
1
393.674 369.288 6.0509
1
395.6 368.957 5.98899
1
397.501 368.507 5.92709
1
399.371 367.941 5.86519
1
401.202 367.26 5.80329
1
402.988 366.466 5.74139
1
404.721 365.564 5.67948
1
406.395 364.557 5.61758
1
408.003 363.448 5.55568
1
409.54 362.241 5.49378
1
410.999 360.942 5.43188
1
412.375 359.555 5.36997
1
413.471 357.938 5.43188
1
414.665 356.391 5.49378
1
415.953 354.922 5.55568
1
417.329 353.535 5.61758
1
418.788 352.236 5.67948
1
420.324 351.029 5.74139
1
421.933 349.92 5.80329
1
423.607 348.913 5.86519
1
425.438 348.231 5.80329
1
427.224 347.438 5.74139
1
428.957 346.536 5.67948
1
430.631 345.529 5.61758
1
432.09 344.23 5.67948
1
433.626 343.023 5.74139
1
435.235 341.914 5.80329
1
437.02 341.121 5.74139
1
438.753 340.219 5.67948
1
440.427 339.211 5.61758
1
441.886 337.912 5.67948
1
443.56 336.905 5.61758
1
445.169 335.795 5.55568
1
446.628 334.496 5.55568
1
448.087 333.197 5.55568
1
449.546 331.898 5.55568
1
451.005 330.598 5.55568
1
452.464 329.299 5.55568
1
454.001 328.093 5.49378
1
455.46 326.793 5.43188
1
456.836 325.406 5.36997
1
458.124 323.937 5.30807
1
459.318 322.391 5.24617
1
460.414 320.773 5.18427
1
461.193 318.981 5.24617
1
462.081 317.241 5.30807
1
463.075 315.559 5.36997
1
464.171 313.942 5.43188
1
465.365 312.396 5.49378
1
466.653 310.926 5.55568
1
468.19 309.72 5.49378
1
469.649 308.42 5.43188
1
471.025 307.033 5.36997
1
472.121 305.416 5.43188
1
473.315 303.87 5.49378
1
474.603 302.4 5.55568
1
475.979 301.013 5.61758
1
477.587 299.904 5.55568
1
479.124 298.698 5.49378
1
480.583 297.398 5.43188
1
481.959 296.011 5.36997
1
483.246 294.542 5.30807
1
484.24 292.86 5.36997
1
485.337 291.243 5.43188
1
486.531 289.696 5.49378
1
487.818 288.227 5.55568
1
489.194 286.84 5.61758
1
490.803 285.731 5.55568
1
492.339 284.524 5.49378
1
493.798 283.225 5.43188
1
495.174 281.838 5.36997
1
496.271 280.221 5.43188
1
497.465 278.674 5.49378
1
498.752 277.205 5.55568
1
500.128 275.818 5.61758
1
501.737 274.709 5.55568
1
503.273 273.502 5.49378
1
504.732 272.203 5.43188
1
506.108 270.816 5.36997
1
507.396 269.346 5.30807
1
508.59 267.8 5.24617
1
509.686 266.183 5.18427
1
510.68 264.501 5.12237
1
511.568 262.76 5.06046
1
512.12 260.886 5.12237
1
512.786 259.05 5.18427
1
513.78 257.368 5.12237
1
514.668 255.627 5.06046
1
515.447 253.836 4.99856
1
516.114 251.999 4.93666
1
516.665 250.125 4.87476
1
517.1 248.22 4.81286
1
517.415 246.292 4.75095
1
517.611 244.348 4.68905
1
517.687 242.396 4.62715
1
517.641 240.442 4.56525
1
517.475 238.496 4.50335
1
517.188 236.563 4.44144
1
516.783 234.652 4.37954
1
516.26 232.769 4.31764
1
515.622 230.923 4.25574
1
514.87 229.119 4.19383
1
514.009 227.366 4.13193
1
513.04 225.669 4.07003
1
511.969 224.035 4.00813
1
510.798 222.471 3.94623
1
509.534 220.982 3.88432
1
510.888 222.39 3.82242
1
512.327 223.711 3.76052
1
513.846 224.941 3.69862
1
515.437 226.074 3.63672
1
517.095 227.107 3.57481
1
518.814 228.035 3.51291
1
520.588 228.856 3.45101
1
522.408 229.565 3.38911
1
524.269 230.16 3.32721
1
526.163 230.638 3.2653
1
528.084 230.999 3.2034
1
530.022 231.24 3.1415
1
531.972 231.36 3.0796
1
533.926 231.36 3.0177
1
535.876 231.239 2.95579
1
537.815 230.998 2.89389
1
539.735 230.637 2.83199
1
541.556 229.928 2.89389
1
543.416 229.332 2.95579
1
545.311 228.853 3.0177
1
547.261 228.732 2.95579
1
549.199 228.491 2.89389
1
551.06 227.896 2.95579
1
552.954 227.417 3.0177
1
554.874 227.056 3.0796
1
556.813 226.814 3.1415
1
558.763 226.693 3.2034
1
560.702 226.934 3.1415
1
562.656 226.934 3.1415
1
564.609 226.934 3.1415
1
566.563 226.934 3.1415
2
105.845 364.001
0 0 1 4.63287e-05
3
82.9009 373.213
82.8991 354.793
128.789 354.789
128.791 373.209
2
103.891 364.001
0 0 1 4.63287e-05
3
80.9471 373.214
80.9454 354.794
126.835 354.789
126.837 373.209
2
101.968 363.247
0 0 0.999522 -0.0308998
3
78.4982 371.022
79.636 352.637
125.438 355.472
124.301 373.857
2
100.096 362.375
0 0 0.998088 -0.0618163
3
76.1896 368.683
78.4625 350.404
124.002 356.066
121.729 374.346
2
98.0943 362.886
0 0 0.999522 -0.0308998
3
74.6243 370.662
75.7621 352.277
121.564 355.111
120.427 373.496
2
96.1285 363.521
0 0 1 4.63287e-05
3
73.1844 372.733
73.1826 354.313
119.073 354.309
119.074 372.729
2
94.2055 362.766
0 0 0.999522 -0.0308998
3
70.7354 370.542
71.8733 352.157
117.676 354.991
116.538 373.376
2
92.3329 361.894
0 0 0.998088 -0.0618163
3
68.4268 368.203
70.6998 349.923
116.239 355.586
113.966 373.865
2
90.5179 360.908
0 0 0.995697 -0.0926736
3
66.2673 365.725
69.6667 347.622
114.768 356.091
111.369 374.194
2
88.7673 359.811
0 0 0.992352 -0.123442
3
64.2652 363.119
68.778 345.261
113.269 356.503
108.757 374.362
2
87.0879 358.608
0 0 0.988056 -0.154092
3
62.4281 360.394
68.037 342.849
111.748 356.823
106.139 374.368
2
85.4862 357.304
0 0 0.982815 -0.184595
3
60.7631 357.561
67.4467 340.396
110.209 357.047
103.526 374.212
2
83.9682 355.903
0 0 0.976631 -0.214921
3
59.2766 354.63
67.0092 337.911
108.66 357.176
100.927 373.894
2
82.5398 354.41
0 0 0.969513 -0.245041
3
57.9742 351.612
66.7263 335.404
107.105 357.209
98.3533 373.417
2
81.2065 352.833
0 0 0.961465 -0.274926
3
56.8611 348.52
66.5991 332.885
105.552 357.145
95.8139 372.781
2
79.9733 351.175
0 0 0.952497 -0.304548
3
55.9413 345.365
66.6279 330.362
104.005 356.986
93.3187 371.989
2
78.845 349.445
0 0 0.942616 -0.333878
3
55.2185 342.159
66.8127 327.846
102.472 356.731
90.8773 371.044
2
77.8259 347.648
0 0 0.931833 -0.362889
3
54.6954 338.915
67.1529 325.346
100.957 356.382
88.499 369.95
2
76.92 345.792
0 0 0.920156 -0.391551
3
54.374 335.644
67.647 322.872
99.466 355.939
86.1929 368.711
2
76.1306 343.883
0 0 0.907599 -0.419839
3
54.2555 332.36
68.2932 320.433
98.0056 355.406
83.9679 367.332
2
75.4608 341.929
0 0 0.894172 -0.447725
3
54.3404 329.074
69.0891 318.039
96.5811 354.783
81.8325 365.818
2
74.9131 339.937
0 0 0.879888 -0.475181
3
54.6285 325.801
70.0315 315.699
95.1978 354.073
79.7948 364.175
2
74.4898 337.915
0 0 0.864762 -0.502183
3
55.1185 322.551
71.1169 313.422
93.8611 353.279
77.8627 362.408
2
74.1923 335.871
0 0 0.848807 -0.528703
3
55.8085 319.338
72.3411 311.216
92.5761 352.404
76.0435 360.526
2
74.0219 333.812
0 0 0.832039 -0.554717
3
56.6961 316.174
73.6994 309.09
91.3477 351.45
74.3443 358.534
2
73.9791 331.747
0 0 0.814474 -0.5802
3
57.7777 313.07
75.1867 307.052
90.1806 350.423
72.7716 356.442
2
74.0642 329.683
0 0 0.796129 -0.605127
3
59.0492 310.04
76.7972 305.11
89.0793 349.326
71.3313 354.256
2
74.2768 327.628
0 0 0.777021 -0.629474
3
60.5057 307.094
78.5247 303.271
88.048 348.162
70.029 351.985
2
74.6162 325.59
0 0 0.75717 -0.653218
3
62.1417 304.244
80.3626 301.543
87.0906 346.937
68.8697 349.638
2
75.0809 323.578
0 0 0.736592 -0.676337
3
63.9509 301.5
82.304 299.932
86.2109 345.655
67.8578 347.223
2
75.6692 321.597
0 0 0.71531 -0.698808
3
65.9263 298.873
84.3413 298.444
85.4122 344.321
66.9972 344.751
2
75.6236 319.644
0 0 0.71531 -0.698808
3
65.8807 296.92
84.2957 296.49
85.3666 342.368
66.9516 342.798
2
75.5781 317.691
0 0 0.71531 -0.698808
3
65.8351 294.967
84.2501 294.537
85.321 340.415
66.906 340.845
2
76.2878 315.751
0 0 0.693342 -0.720609
3
67.9693 292.468
86.3756 293.178
84.6063 339.034
66.2 338.324
2
77.1161 313.859
0 0 0.67071 -0.74172
3
70.2539 290.106
88.581 291.953
83.9784 337.612
65.6513 335.764
2
78.06 312.021
0 0 0.647435 -0.762121
3
72.6803 287.889
90.8581 290.867
83.4397 336.153
65.2619 333.175
2
79.1157 310.245
0 0 0.62354 -0.781791
3
75.2392 285.827
93.1979 289.923
82.9922 334.664
65.0335 330.568
2
80.2793 308.539
0 0 0.599048 -0.800713
3
77.9208 283.927
95.5917 289.127
82.6377 333.15
64.9669 327.951
2
81.5462 306.907
0 0 0.573982 -0.818868
3
80.7147 282.197
98.0301 288.479
82.3776 331.617
65.0622 325.335
2
82.9116 305.357
0 0 0.548367 -0.836238
3
83.6104 280.642
100.504 287.984
82.2127 330.071
65.3192 322.729
2
84.3703 303.894
0 0 0.522226 -0.852807
3
86.5967 279.27
103.004 287.643
82.1439 328.518
65.7369 320.145
2
84.572 301.838
0 0 0.548367 -0.836238
3
85.2709 277.124
102.164 284.466
83.8732 326.553
66.9797 319.211
2
84.6462 299.774
0 0 0.573982 -0.818868
3
83.8148 275.063
101.13 281.346
85.4776 324.484
68.1623 318.201
2
84.5926 297.709
0 0 0.599048 -0.800713
3
82.2341 273.097
99.905 278.297
86.951 322.321
69.2802 317.121
2
84.4113 295.651
0 0 0.62354 -0.781791
3
80.5348 271.232
98.4935 275.329
88.2878 320.07
70.3291 315.973
2
84.103 293.608
0 0 0.647435 -0.762121
3
78.7233 269.476
96.9011 272.454
89.4827 317.741
71.305 314.763
2
83.669 291.589
0 0 0.67071 -0.74172
3
76.8068 267.836
95.1339 269.683
90.5312 315.342
72.2041 313.494
2
83.1109 289.6
0 0 0.693342 -0.720609
3
74.7923 266.317
93.1986 267.027
91.4294 312.883
73.0231 312.173
2
82.4308 287.649
0 0 0.71531 -0.698808
3
72.6878 264.926
91.1028 264.496
92.1737 310.373
73.7587 310.803
2
83.1405 285.709
0 0 0.693342 -0.720609
3
74.822 262.426
93.2283 263.137
91.459 308.992
73.0527 308.282
2
83.9688 283.817
0 0 0.67071 -0.74172
3
77.1066 260.064
95.4337 261.911
90.8311 307.57
72.504 305.723
2
84.9127 281.98
0 0 0.647435 -0.762121
3
79.533 257.847
97.7108 260.825
90.2924 306.112
72.1146 303.134
2
85.9684 280.204
0 0 0.62354 -0.781791
3
82.0919 255.785
100.051 259.882
89.8449 304.623
71.8862 300.526
2
85.6602 278.161
0 0 0.647435 -0.762121
3
80.2805 254.029
98.4582 257.007
91.0398 302.293
72.8621 299.316
2
85.2261 276.142
0 0 0.67071 -0.74172
3
78.3639 252.389
96.691 254.236
92.0884 299.895
73.7613 298.047
2
84.668 274.153
0 0 0.693342 -0.720609
3
76.3495 250.87
94.7558 251.58
92.9865 297.436
74.5802 296.726
2
83.9879 272.202
0 0 0.71531 -0.698808
3
74.245 249.478
92.66 249.049
93.7308 294.926
75.3159 295.356
2
83.1884 270.297
0 0 0.736592 -0.676337
3
72.0584 248.22
90.4115 246.652
94.3185 292.375
75.9653 293.943
2
82.2727 268.446
0 0 0.75717 -0.653218
3
69.7982 247.099
88.0192 244.398
94.7472 289.793
76.5262 292.493
2
82.7374 266.433
0 0 0.736592 -0.676337
3
71.6074 244.355
89.9605 242.787
93.8674 288.511
75.5143 290.079
2
83.3258 264.453
0 0 0.71531 -0.698808
3
73.5828 241.729
91.9978 241.299
93.0687 287.177
74.6537 287.607
2
84.0355 262.513
0 0 0.693342 -0.720609
3
75.717 239.23
94.1233 239.94
92.354 285.796
73.9477 285.086
2
84.8638 260.621
0 0 0.67071 -0.74172
3
78.0016 236.867
96.3287 238.715
91.7261 284.374
73.399 282.526
2
84.3057 258.632
0 0 0.693342 -0.720609
3
75.9872 235.349
94.3935 236.059
92.6242 281.915
74.2179 281.204
2
83.6256 256.681
0 0 0.71531 -0.698808
3
73.8827 233.957
92.2977 233.527
93.3685 279.405
74.9536 279.835
2
84.3353 254.741
0 0 0.693342 -0.720609
3
76.0168 231.458
94.4231 232.168
92.6538 278.024
74.2475 277.314
2
84.4107 252.789
0 0 0.693342 -0.720609
3
76.0921 229.506
94.4984 230.216
92.7292 276.072
74.3229 275.362
2
84.486 250.836
0 0 0.693342 -0.720609
3
76.1675 227.553
94.5738 228.264
92.8045 274.119
74.3982 273.409
2
84.5613 248.884
0 0 0.693342 -0.720609
3
76.2428 225.601
94.6491 226.311
92.8798 272.167
74.4735 271.457
2
84.6366 246.932
0 0 0.693342 -0.720609
3
76.3181 223.649
94.7244 224.359
92.9551 270.215
74.5488 269.505
2
84.712 244.98
0 0 0.693342 -0.720609
3
76.3934 221.697
94.7997 222.407
93.0305 268.263
74.6242 267.552
2
84.7873 243.027
0 0 0.693342 -0.720609
3
76.4688 219.744
94.8751 220.454
93.1058 266.31
74.6995 265.6
2
84.8626 241.075
0 0 0.693342 -0.720609
3
76.5441 217.792
94.9504 218.502
93.1811 264.358
74.7748 263.648
2
84.9379 239.123
0 0 0.693342 -0.720609
3
76.6194 215.84
95.0257 216.55
93.2564 262.406
74.8501 261.695
2
85.0133 237.17
0 0 0.693342 -0.720609
3
76.6947 213.887
95.101 214.597
93.3318 260.453
74.9255 259.743
2
85.0886 235.218
0 0 0.693342 -0.720609
3
76.7701 211.935
95.1764 212.645
93.4071 258.501
75.0008 257.791
2
85.1639 233.266
0 0 0.693342 -0.720609
3
76.8454 209.983
95.2517 210.693
93.4824 256.549
75.0761 255.839
2
85.2392 231.313
0 0 0.693342 -0.720609
3
76.9207 208.03
95.327 208.741
93.5577 254.596
75.1514 253.886
2
85.3146 229.361
0 0 0.693342 -0.720609
3
76.996 206.078
95.4023 206.788
93.6331 252.644
75.2268 251.934
2
85.3899 227.409
0 0 0.693342 -0.720609
3
77.0714 204.126
95.4777 204.836
93.7084 250.692
75.3021 249.982
2
85.4652 225.457
0 0 0.693342 -0.720609
3
77.1467 202.174
95.553 202.884
93.7837 248.74
75.3774 248.029
2
85.5405 223.504
0 0 0.693342 -0.720609
3
77.222 200.221
95.6283 200.931
93.859 246.787
75.4527 246.077
2
86.3689 221.612
0 0 0.67071 -0.74172
3
79.5067 197.859
97.8338 199.706
93.2311 245.365
74.904 243.517
2
85.8108 219.623
0 0 0.693342 -0.720609
3
77.4923 196.34
95.8986 197.05
94.1293 242.906
75.723 242.196
2
85.1307 217.672
0 0 0.71531 -0.698808
3
75.3877 194.949
93.8027 194.519
94.8736 240.396
76.4586 240.826
2
84.3312 215.768
0 0 0.736592 -0.676337
3
73.2012 193.69
91.5543 192.122
95.4612 237.845
77.1081 239.413
2
83.4154 213.916
0 0 0.75717 -0.653218
3
70.941 192.569
89.1619 189.869
95.8899 235.263
77.669 237.963
2
82.3869 212.125
0 0 0.777021 -0.629474
3
68.6157 191.59
86.6347 187.768
96.158 232.659
78.139 236.481
2
81.9814 210.213
0 0 0.777021 -0.629474
3
68.2103 189.679
86.2293 185.857
95.7526 230.748
77.7336 234.57
2
81.576 208.302
0 0 0.777021 -0.629474
3
67.8048 187.768
85.8238 183.945
95.3471 228.836
77.3281 232.659
2
81.9153 206.264
0 0 0.75717 -0.653218
3
69.4408 184.918
87.6618 182.217
94.3898 227.611
76.1688 230.312
2
80.8867 204.473
0 0 0.777021 -0.629474
3
67.1156 183.939
85.1346 180.116
94.6579 225.007
76.6389 228.83
2
79.7493 202.749
0 0 0.796129 -0.605127
3
64.7342 183.106
82.4822 178.176
94.7644 222.392
77.0164 227.322
2
79.9619 200.694
0 0 0.777021 -0.629474
3
66.1908 180.16
84.2098 176.337
93.7331 221.228
75.7141 225.051
2
78.8245 198.969
0 0 0.796129 -0.605127
3
63.8094 179.327
81.5574 174.397
93.8396 218.612
76.0916 223.542
2
77.5826 197.319
0 0 0.814474 -0.5802
3
61.3811 178.642
78.7901 172.624
93.7841 215.995
76.375 222.014
2
76.2409 195.748
0 0 0.832039 -0.554717
3
58.9151 178.11
75.9185 171.026
93.5668 213.386
76.5634 220.47
2
74.8047 194.263
0 0 0.848807 -0.528703
3
56.4209 177.73
72.9535 169.608
93.1885 210.796
76.6559 218.918
2
74.6342 192.205
0 0 0.832039 -0.554717
3
57.3084 174.566
74.3118 167.482
91.9601 209.843
74.9567 216.927
2
74.5915 190.139
0 0 0.814474 -0.5802
3
58.39 171.463
75.799 165.444
90.793 208.816
73.3839 214.834
2
74.6766 188.075
0 0 0.796129 -0.605127
3
59.6615 168.432
77.4095 163.502
89.6917 207.718
71.9437 212.648
2
74.8892 186.02
0 0 0.777021 -0.629474
3
61.118 165.486
79.137 161.664
88.6604 206.555
70.6414 210.377
2
75.2285 183.983
0 0 0.75717 -0.653218
3
62.754 162.636
80.975 159.935
87.703 205.33
69.482 208.03
2
75.6932 181.97
0 0 0.736592 -0.676337
3
64.5632 159.892
82.9163 158.324
86.8233 204.048
68.4701 205.616
2
74.7775 180.118
0 0 0.75717 -0.653218
3
62.303 158.772
80.5239 156.071
87.2519 201.465
69.031 204.166
2
73.7489 178.327
0 0 0.777021 -0.629474
3
59.9778 157.793
77.9967 153.97
87.5201 198.861
69.5011 202.684
2
74.0882 176.289
0 0 0.75717 -0.653218
3
61.6137 154.942
79.8347 152.242
86.5627 197.636
68.3417 200.337
2
74.5529 174.276
0 0 0.736592 -0.676337
3
63.4229 152.199
81.776 150.631
85.683 196.354
67.3298 197.922
2
75.1413 172.296
0 0 0.71531 -0.698808
3
65.3984 149.572
83.8133 149.143
84.8842 195.02
66.4692 195.45
2
75.0957 170.343
0 0 0.71531 -0.698808
3
65.3528 147.619
83.7678 147.189
84.8386 193.067
66.4236 193.497
2
75.0501 168.39
0 0 0.71531 -0.698808
3
65.3072 145.666
83.7222 145.236
84.793 191.114
66.3781 191.544
2
75.0045 166.437
0 0 0.71531 -0.698808
3
65.2616 143.713
83.6766 143.283
84.7474 189.16
66.3325 189.59
2
74.9589 164.483
0 0 0.71531 -0.698808
3
65.216 141.76
83.631 141.33
84.7019 187.207
66.2869 187.637
2
74.9133 162.53
0 0 0.71531 -0.698808
3
65.1704 139.806
83.5854 139.377
84.6563 185.254
66.2413 185.684
2
74.8677 160.577
0 0 0.71531 -0.698808
3
65.1248 137.853
83.5398 137.423
84.6107 183.301
66.1957 183.731
2
74.8221 158.624
0 0 0.71531 -0.698808
3
65.0792 135.9
83.4942 135.47
84.5651 181.348
66.1501 181.777
2
75.5319 156.684
0 0 0.693342 -0.720609
3
67.2133 133.401
85.6197 134.111
83.8504 179.967
65.4441 179.257
2
76.3602 154.791
0 0 0.67071 -0.74172
3
69.498 131.038
87.8251 132.886
83.2225 178.544
64.8954 176.697
2
77.3041 152.954
0 0 0.647435 -0.762121
3
71.9244 128.822
90.1021 131.8
82.6838 177.086
64.506 174.108
2
78.3598 151.178
0 0 0.62354 -0.781791
3
74.4833 126.76
92.442 130.856
82.2363 175.597
64.2776 171.5
2
79.5233 149.471
0 0 0.599048 -0.800713
3
77.1649 124.86
94.8358 130.059
81.8818 174.083
64.2109 168.884
2
79.342 147.414
0 0 0.62354 -0.781791
3
75.4656 122.995
93.4243 127.092
83.2185 171.832
65.2598 167.736
2
79.0338 145.371
0 0 0.647435 -0.762121
3
73.6541 121.239
91.8318 124.217
84.4135 169.503
66.2357 166.525
2
80.0895 143.596
0 0 0.62354 -0.781791
3
76.213 119.177
94.1717 123.273
83.966 168.014
66.0073 163.918
2
81.253 141.889
0 0 0.599048 -0.800713
3
78.8946 117.277
96.5655 122.477
83.6115 166.5
65.9406 161.301
2
81.0717 139.831
0 0 0.62354 -0.781791
3
77.1952 115.412
95.154 119.509
84.9482 164.25
66.9895 160.153
2
80.7635 137.788
0 0 0.647435 -0.762121
3
75.3838 113.656
93.5615 116.634
86.1432 161.92
67.9654 158.943
2
80.3295 135.769
0 0 0.67071 -0.74172
3
73.4672 112.016
91.7943 113.863
87.1917 159.522
68.8646 157.674
2
79.7713 133.78
0 0 0.693342 -0.720609
3
71.4528 110.497
89.8591 111.207
88.0899 157.063
69.6835 156.353
2
79.0912 131.829
0 0 0.71531 -0.698808
3
69.3483 109.105
87.7633 108.676
88.8342 154.553
70.4192 154.983
2
78.2918 129.924
0 0 0.736592 -0.676337
3
67.1617 107.847
85.5149 106.279
89.4218 152.002
71.0687 153.57
2
77.376 128.073
0 0 0.75717 -0.653218
3
64.9015 106.726
83.1225 104.025
89.8505 149.42
71.6295 152.12
2
76.3474 126.281
0 0 0.777021 -0.629474
3
62.5763 105.747
80.5953 101.925
90.1186 146.816
72.0996 150.638
2
75.21 124.557
0 0 0.796129 -0.605127
3
60.1949 104.914
77.9429 99.984
90.2251 144.2
72.4771 149.13
2
73.9681 122.906
0 0 0.814474 -0.5802
3
57.7666 104.23
75.1757 98.2113
90.1696 141.583
72.7606 147.601
2
72.6264 121.335
0 0 0.832039 -0.554717
3
55.3006 103.697
72.304 96.6132
89.9523 138.974
72.9489 146.058
2
71.1902 119.851
0 0 0.848807 -0.528703
3
52.8064 103.318
69.339 95.1957
89.574 136.384
73.0414 144.506
2
69.6648 118.458
0 0 0.864762 -0.502183
3
50.2935 103.094
66.292 93.9644
89.0362 133.822
73.0377 142.951
2
68.0562 117.162
0 0 0.879888 -0.475181
3
47.7716 103.026
63.1746 92.924
88.3409 131.298
72.9379 141.399
2
66.3705 115.968
0 0 0.894172 -0.447725
3
45.2502 103.114
59.9988 92.0784
87.4909 128.822
72.7422 139.857
2
64.6142 114.88
0 0 0.907599 -0.419839
3
42.7391 103.357
56.7769 91.4309
86.4893 126.403
72.4516 138.33
2
63.9444 112.926
0 0 0.894172 -0.447725
3
42.8241 100.072
57.5727 89.0368
85.0647 125.78
70.3161 136.815
2
63.3968 110.934
0 0 0.879888 -0.475181
3
43.1121 96.7982
58.5151 86.6966
83.6815 125.07
68.2784 135.172
2
62.9734 108.912
0 0 0.864762 -0.502183
3
43.6021 93.5485
59.6005 84.4191
82.3448 124.276
66.3463 133.406
2
62.676 106.868
0 0 0.848807 -0.528703
3
44.2922 90.3354
60.8248 82.2131
81.0598 123.401
64.5272 131.523
2
62.5055 104.809
0 0 0.832039 -0.554717
3
45.1797 87.1711
62.1831 80.0872
79.8314 122.448
62.828 129.532
2
62.4628 102.744
0 0 0.814474 -0.5802
3
46.2613 84.0677
63.6703 78.0493
78.6643 121.421
61.2552 127.439
2
62.5479 100.68
0 0 0.796129 -0.605127
3
47.5328 81.0373
65.2808 76.1073
77.5629 120.323
59.8149 125.253
2
62.7605 98.6255
0 0 0.777021 -0.629474
3
48.9893 78.0913
67.0083 74.2687
76.5316 119.16
58.5127 122.982
2
62.355 96.7142
0 0 0.777021 -0.629474
3
48.5839 76.1801
66.6029 72.3574
76.1262 117.248
58.1072 121.071
2
61.9496 94.803
0 0 0.777021 -0.629474
3
48.1784 74.2688
66.1974 70.4462
75.7207 115.337
57.7018 119.16
2
61.5441 92.8918
0 0 0.777021 -0.629474
3
47.773 72.3576
65.792 68.535
75.3153 113.426
57.2963 117.249
2
61.8835 90.8541
0 0 0.75717 -0.653218
3
49.409 69.5074
67.6299 66.8068
74.3579 112.201
56.137 114.901
2
62.3482 88.8413
0 0 0.736592 -0.676337
3
51.2182 66.7638
69.5713 65.1955
73.4782 110.919
55.1251 112.487
2
62.9365 86.8612
0 0 0.71531 -0.698808
3
53.1936 64.1373
71.6086 63.7075
72.6795 109.585
54.2645 110.015
2
63.6463 84.9212
0 0 0.693342 -0.720609
3
55.3277 61.6381
73.7341 62.3483
71.9648 108.204
53.5585 107.494
2
64.4746 83.0288
0 0 0.67071 -0.74172
3
57.6124 59.2758
75.9395 61.1232
71.3369 106.782
53.0098 104.934
2
65.4185 81.1913
0 0 0.647435 -0.762121
3
60.0388 57.0593
78.2165 60.037
70.7982 105.323
52.6204 102.346
2
66.4742 79.4157
0 0 0.62354 -0.781791
3
62.5977 54.9971
80.5564 59.0936
70.3507 103.834
52.392 99.7378
2
67.6378 77.7088
0 0 0.599048 -0.800713
3
65.2793 53.0972
82.9502 58.2968
69.9962 102.321
52.3253 97.1209
2
68.9046 76.0772
0 0 0.573982 -0.818868
3
68.0732 51.3668
85.3886 57.6496
69.7361 100.788
52.4207 94.5048
2
70.2701 74.5271
0 0 0.548367 -0.836238
3
70.9689 49.8125
87.8624 57.1545
69.5712 99.2416
52.6777 91.8996
2
71.7288 73.0644
0 0 0.522226 -0.852807
3
73.9552 48.4404
90.3621 56.8134
69.5024 97.6884
53.0954 89.3154
2
73.2751 71.6947
0 0 0.495585 -0.86856
3
77.0206 47.2557
92.8782 56.6276
69.5297 96.1338
53.6721 86.7619
2
74.9033 70.4234
0 0 0.468469 -0.88348
3
80.1534 46.2628
95.4009 56.5978
69.6532 94.584
54.4057 84.249
2
74.6189 72.6191
0 0 0.440904 -0.897554
3
81.3536 48.8296
95.9325 60.088
67.8842 96.4086
53.3053 85.1502
2
74.1992 74.793
0 0 0.412917 -0.910769
3
82.3927 51.4657
96.2471 63.6044
66.0057 98.1203
52.1512 85.9816
2
73.6458 76.9368
0 0 0.384535 -0.923111
3
83.2667 54.161
96.3437 67.1336
64.0249 99.7126
50.9479 86.74
2
72.9608 79.0423
0 0 0.355784 -0.934568
3
83.9723 56.9053
96.2217 70.662
61.9494 101.179
49.7 87.4225
2
72.147 81.1013
0 0 0.326692 -0.945131
3
84.5067 59.6879
95.8817 74.1761
59.7872 102.515
48.4122 88.0265
2
71.2073 83.106
0 0 0.297288 -0.954788
3
84.868 62.4983
95.325 77.6624
57.5465 103.714
47.0896 88.5497
2
70.1453 85.0488
0 0 0.267598 -0.963531
3
85.0548 65.3256
94.5536 81.1076
55.2359 104.772
45.7371 88.9901
2
68.9653 86.9222
0 0 0.237653 -0.97135
3
85.0663 68.1591
93.5706 84.4984
52.8642 105.685
44.3599 89.346
2
71.0194 86.704
0 0 0.207479 -0.978239
3
88.2504 68.9729
95.7276 85.807
53.7885 104.435
46.3113 87.6009
2
73.0832 86.6132
0 0 0.177107 -0.984192
3
91.378 69.982
97.7995 87.2465
54.7884 103.244
48.3669 85.98
2
75.1486 86.6503
0 0 0.146566 -0.989201
3
94.4372 71.1827
99.7784 88.8114
55.8599 102.118
50.5188 84.4893
2
77.2077 86.8151
0 0 0.115884 -0.993263
3
97.4163 72.5704
101.657 90.4957
56.9992 101.06
52.7588 83.1345
2
79.2527 87.107
0 0 0.0850905 -0.996373
3
100.304 74.1397
103.427 92.293
58.2017 100.074
55.0783 81.921
2
81.2758 87.5248
0 0 0.0542159 -0.998529
3
103.089 75.8846
105.083 94.1963
59.4628 99.165
57.4685 80.8532
2
83.2691 88.067
0 0 0.0232894 -0.999729
3
105.76 77.7985
106.618 96.1985
60.7779 98.3354
59.9201 79.9354
2
85.1548 87.2234
0 0 0.0542159 -0.998529
3
106.968 75.5833
108.962 93.895
63.3418 98.8636
61.3475 80.5519
2
86.9846 86.2649
0 0 0.0850905 -0.996373
3
108.036 73.2976
111.159 91.4509
65.9336 99.2322
62.8102 81.0789
2
88.9101 85.9336
0 0 0.0850905 -0.996373
3
109.961 72.9663
113.085 91.1196
67.859 98.9009
64.7357 80.7476
2
90.9331 86.3514
0 0 0.0542159 -0.998529
3
112.746 74.7112
114.74 93.023
69.1202 97.9916
67.1258 79.6799
2
92.9264 86.8936
0 0 0.0232894 -0.999729
3
115.418 76.6251
116.275 95.0251
70.4352 97.162
69.5775 78.762
2
94.8781 86.8026
0 0 0.0232894 -0.999729
3
117.369 76.5341
118.227 94.9341
72.3868 97.0711
71.5291 78.671
2
96.8297 86.7116
0 0 0.0232894 -0.999729
3
119.321 76.4431
120.179 94.8432
74.3385 96.9801
73.4807 78.5801
2
98.7813 86.6206
0 0 0.0232894 -0.999729
3
121.273 76.3522
122.13 94.7522
76.2901 96.8891
75.4323 78.4891
2
100.733 86.5297
0 0 0.0232894 -0.999729
3
123.224 76.2612
124.082 94.6612
78.2417 96.7981
77.384 78.3981
2
102.685 86.4387
0 0 0.0232894 -0.999729
3
125.176 76.1702
126.034 94.5702
80.1934 96.7071
79.3356 78.3071
2
104.636 86.3477
0 0 0.0232894 -0.999729
3
127.127 76.0792
127.985 94.4792
82.145 96.6162
81.2872 78.2161
2
106.588 86.2567
0 0 0.0232894 -0.999729
3
129.079 75.9882
129.937 94.3883
84.0966 96.5252
83.2389 78.1252
2
108.539 86.1657
0 0 0.0232894 -0.999729
3
131.031 75.8973
131.888 94.2973
86.0482 96.4342
85.1905 78.0342
2
110.491 86.0748
0 0 0.0232894 -0.999729
3
132.982 75.8063
133.84 94.2063
87.9999 96.3432
87.1421 77.9432
2
112.443 85.9838
0 0 0.0232894 -0.999729
3
134.934 75.7153
135.792 94.1153
89.9515 96.2522
89.0938 77.8522
2
114.394 85.8928
0 0 0.0232894 -0.999729
3
136.886 75.6243
137.743 94.0243
91.9031 96.1613
91.0454 77.7612
2
116.346 85.8018
0 0 0.0232894 -0.999729
3
138.837 75.5333
139.695 93.9334
93.8548 96.0703
92.997 77.6703
2
118.298 85.7108
0 0 0.0232894 -0.999729
3
140.789 75.4424
141.647 93.8424
95.8064 95.9793
94.9486 77.5793
2
120.249 85.6199
0 0 0.0232894 -0.999729
3
142.74 75.3514
143.598 93.7514
97.758 95.8883
96.9003 77.4883
2
122.201 85.5289
0 0 0.0232894 -0.999729
3
144.692 75.2604
145.55 93.6604
99.7097 95.7973
98.8519 77.3973
2
124.153 85.4379
0 0 0.0232894 -0.999729
3
146.644 75.1694
147.501 93.5694
101.661 95.7064
100.804 77.3063
2
126.104 85.3469
0 0 0.0232894 -0.999729
3
148.595 75.0784
149.453 93.4785
103.613 95.6154
102.755 77.2154
2
128.056 85.2559
0 0 0.0232894 -0.999729
3
150.547 74.9875
151.405 93.3875
105.565 95.5244
104.707 77.1244
2
130.007 85.1649
0 0 0.0232894 -0.999729
3
152.499 74.8965
153.356 93.2965
107.516 95.4334
106.658 77.0334
2
131.959 85.074
0 0 0.0232894 -0.999729
3
154.45 74.8055
155.308 93.2055
109.468 95.3424
108.61 76.9424
2
133.911 84.983
0 0 0.0232894 -0.999729
3
156.402 74.7145
157.26 93.1145
111.419 95.2515
110.562 76.8514
2
135.862 84.892
0 0 0.0232894 -0.999729
3
158.354 74.6235
159.211 93.0236
113.371 95.1605
112.513 76.7605
2
137.814 84.801
0 0 0.0232894 -0.999729
3
160.305 74.5326
161.163 92.9326
115.323 95.0695
114.465 76.6695
2
139.766 84.71
0 0 0.0232894 -0.999729
3
162.257 74.4416
163.115 92.8416
117.274 94.9785
116.417 76.5785
2
141.717 84.6191
0 0 0.0232894 -0.999729
3
164.208 74.3506
165.066 92.7506
119.226 94.8875
118.368 76.4875
2
143.669 84.5281
0 0 0.0232894 -0.999729
3
166.16 74.2596
167.018 92.6596
121.178 94.7966
120.32 76.3965
2
145.625 85.1925
0 0 0.00765945 0.999971
3
168.708 76.3351
168.426 94.7529
122.541 94.05
122.824 75.6321
2
147.536 85.9767
0 0 0.038601 0.999255
3
171.123 78.5642
169.702 96.9293
123.949 93.3892
125.37 75.0241
2
149.395 86.8776
0 0 0.0695055 0.997582
3
173.395 80.9385
170.841 99.1805
125.394 92.8167
127.949 74.5747
2
151.194 87.8917
0 0 0.100343 0.994953
3
175.516 83.4487
171.838 101.498
126.873 92.3348
130.551 74.2857
2
152.928 89.0153
0 0 0.131085 0.991371
3
177.478 86.0854
172.691 103.872
128.378 91.9452
133.165 74.1582
2
154.589 90.2439
0 0 0.161702 0.98684
3
179.273 88.8384
173.394 106.295
129.904 91.6495
135.783 74.1927
2
156.17 91.5729
0 0 0.192163 0.981363
3
180.894 91.6971
173.947 108.757
131.446 91.4487
138.393 74.3891
2
157.666 92.9973
0 0 0.22244 0.974946
3
182.335 94.6507
174.346 111.248
132.997 91.3438
140.987 74.7466
2
159.071 94.5114
0 0 0.252505 0.967596
3
183.591 97.6878
174.59 113.759
134.552 91.335
143.553 75.2639
2
160.38 96.1096
0 0 0.282327 0.959318
3
184.656 100.797
174.679 116.28
136.104 91.4224
146.082 75.9389
2
162.406 96.5167
0 0 0.252505 0.967596
3
186.925 99.6931
177.924 115.764
137.886 93.3403
146.887 77.2692
2
164.452 96.7977
0 0 0.22244 0.974946
3
189.121 98.4512
181.132 115.048
139.783 95.1443
147.772 78.5471
2
166.512 96.9517
0 0 0.192163 0.981363
3
191.236 97.0759
184.289 114.135
141.788 96.8275
148.735 79.7678
2
168.322 97.6885
0 0 0.192163 0.981363
3
193.046 97.8127
186.098 114.872
143.597 97.5643
150.545 80.5047
2
170.131 98.4254
0 0 0.192163 0.981363
3
194.855 98.5496
187.908 115.609
145.407 98.3012
152.354 81.2416
2
171.94 99.1623
0 0 0.192163 0.981363
3
196.665 99.2865
189.717 116.346
147.216 99.0381
154.164 81.9785
2
173.75 99.8992
0 0 0.192163 0.981363
3
198.474 100.023
191.527 117.083
149.026 99.775
155.973 82.7154
2
175.559 100.636
0 0 0.192163 0.981363
3
200.283 100.76
193.336 117.82
150.835 100.512
157.783 83.4523
2
177.369 101.373
0 0 0.192163 0.981363
3
202.093 101.497
195.146 118.557
152.645 101.249
159.592 84.1891
2
179.178 102.11
0 0 0.192163 0.981363
3
203.902 102.234
196.955 119.294
154.454 101.986
161.402 84.926
2
180.988 102.847
0 0 0.192163 0.981363
3
205.712 102.971
198.765 120.031
156.264 102.723
163.211 85.6629
2
182.797 103.584
0 0 0.192163 0.981363
3
207.521 103.708
200.574 120.767
158.073 103.459
165.02 86.3998
2
184.607 104.321
0 0 0.192163 0.981363
3
209.331 104.445
202.383 121.504
159.883 104.196
166.83 87.1367
2
186.416 105.057
0 0 0.192163 0.981363
3
211.14 105.182
204.193 122.241
161.692 104.933
168.639 87.8736
2
188.226 105.794
0 0 0.192163 0.981363
3
212.95 105.918
206.002 122.978
163.501 105.67
170.449 88.6105
2
190.035 106.531
0 0 0.192163 0.981363
3
214.759 106.655
207.812 123.715
165.311 106.407
172.258 89.3473
2
191.845 107.268
0 0 0.192163 0.981363
3
216.569 107.392
209.621 124.452
167.12 107.144
174.068 90.0842
2
193.654 108.005
0 0 0.192163 0.981363
3
218.378 108.129
211.431 125.189
168.93 107.881
175.877 90.8211
2
195.463 108.742
0 0 0.192163 0.981363
3
220.188 108.866
213.24 125.926
170.739 108.618
177.687 91.558
2
197.273 109.479
0 0 0.192163 0.981363
3
221.997 109.603
215.05 126.663
172.549 109.355
179.496 92.2949
2
199.082 110.216
0 0 0.192163 0.981363
3
223.806 110.34
216.859 127.399
174.358 110.091
181.306 93.0318
2
200.892 110.952
0 0 0.192163 0.981363
3
225.616 111.077
218.669 128.136
176.168 110.828
183.115 93.7687
2
202.701 111.689
0 0 0.192163 0.981363
3
227.425 111.814
220.478 128.873
177.977 111.565
184.925 94.5055
2
204.198 113.114
0 0 0.22244 0.974946
3
228.867 114.767
220.877 131.364
179.528 111.46
187.518 94.863
2
205.603 114.628
0 0 0.252505 0.967596
3
230.122 117.804
221.121 133.875
181.083 111.451
190.084 95.3803
2
206.912 116.226
0 0 0.282327 0.959318
3
231.188 120.913
221.21 136.397
182.636 111.539
192.613 96.0553
2
208.937 116.633
0 0 0.252505 0.967596
3
233.456 119.809
224.456 135.881
184.417 113.457
193.418 97.3856
2
210.983 116.914
0 0 0.22244 0.974946
3
235.652 118.568
227.663 135.165
186.314 115.261
194.304 98.6635
2
213.043 117.068
0 0 0.192163 0.981363
3
237.767 117.192
230.82 134.252
188.319 116.944
195.267 99.8843
2
215.109 117.094
0 0 0.161702 0.98684
3
239.793 115.689
233.915 133.145
190.424 118.5
196.303 101.043
2
217.172 116.993
0 0 0.131085 0.991371
3
241.722 114.063
236.935 131.85
192.622 119.923
197.409 102.136
2
219.225 116.764
0 0 0.100343 0.994953
3
243.547 112.321
239.869 130.37
194.903 121.207
198.581 103.157
2
221.14 117.154
0 0 0.100343 0.994953
3
245.461 112.711
241.784 130.76
196.818 121.597
200.496 103.548
2
222.873 118.277
0 0 0.131085 0.991371
3
247.423 115.347
242.636 133.134
198.323 121.207
203.11 103.42
2
224.76 118.785
0 0 0.131085 0.991371
3
249.31 115.855
244.522 133.642
200.209 121.715
204.997 103.928
2
226.646 119.293
0 0 0.131085 0.991371
3
251.196 116.363
246.409 134.15
202.096 122.223
206.884 104.436
2
228.533 119.801
0 0 0.131085 0.991371
3
253.083 116.871
248.296 134.658
203.983 122.73
208.77 104.944
2
230.419 120.308
0 0 0.131085 0.991371
3
254.97 117.379
250.182 135.165
205.869 123.238
210.657 105.451
2
232.306 120.816
0 0 0.131085 0.991371
3
256.856 117.886
252.069 135.673
207.756 123.746
212.543 105.959
2
234.359 120.587
0 0 0.100343 0.994953
3
258.681 116.144
255.003 134.193
210.037 125.03
213.715 106.981
2
236.394 120.231
0 0 0.0695055 0.997582
3
260.394 114.292
257.84 132.534
212.393 126.171
214.948 107.929
2
238.403 119.751
0 0 0.0386009 0.999255
3
261.99 112.338
260.569 130.703
214.816 127.163
216.237 108.798
2
240.262 120.652
0 0 0.0695055 0.997582
3
264.262 114.712
261.708 132.954
216.261 126.591
218.816 108.349
2
242.062 121.666
0 0 0.100343 0.994953
3
266.383 117.223
262.705 135.272
217.74 126.109
221.418 108.06
2
243.795 122.789
0 0 0.131085 0.991371
3
268.345 119.859
263.558 137.646
219.245 125.719
224.032 107.932
2
245.456 124.018
0 0 0.161702 0.98684
3
270.14 122.612
264.261 140.069
220.771 125.423
226.65 107.967
2
247.037 125.347
0 0 0.192163 0.981363
3
271.761 125.471
264.814 142.531
222.313 125.223
229.26 108.163
2
248.533 126.771
0 0 0.22244 0.974946
3
273.202 128.425
265.213 145.022
223.864 125.118
231.854 108.521
2
249.939 128.285
0 0 0.252505 0.967596
3
274.458 131.462
265.457 147.533
225.419 125.109
234.42 109.038
2
251.247 129.883
0 0 0.282327 0.959318
3
275.523 134.571
265.546 150.054
226.971 125.196
236.949 109.713
2
252.455 131.56
0 0 0.311879 0.950122
3
276.395 137.74
265.478 152.576
228.515 125.38
239.432 110.543
2
253.556 133.307
0 0 0.341132 0.940015
3
277.068 140.956
265.254 155.089
230.045 125.658
241.858 111.525
2
254.548 135.119
0 0 0.370058 0.929008
3
277.541 144.208
264.876 157.583
231.554 126.031
244.22 112.656
2
255.425 136.99
0 0 0.39863 0.917112
3
277.812 147.484
264.344 160.049
233.038 126.496
246.506 113.93
2
256.185 138.911
0 0 0.42682 0.904336
3
277.88 150.769
263.66 162.478
234.49 127.052
248.71 115.343
2
256.824 140.875
0 0 0.454602 0.890695
3
277.744 154.053
262.827 164.859
235.905 127.697
250.822 116.89
2
257.341 142.875
0 0 0.481947 0.8762
3
277.406 157.322
261.849 167.185
237.277 128.428
252.834 118.565
2
257.733 144.903
0 0 0.508832 0.860866
3
276.866 160.564
260.728 169.445
238.601 129.242
254.738 120.361
2
257.999 146.952
0 0 0.535228 0.844707
3
276.126 163.766
259.47 171.632
239.873 130.137
256.528 122.271
2
258.138 149.013
0 0 0.561112 0.82774
3
275.19 166.916
258.079 173.737
241.086 131.109
258.197 124.288
2
258.149 151.078
0 0 0.586459 0.809979
3
274.061 170.002
256.561 175.752
242.237 132.154
259.737 126.405
2
258.032 153.141
0 0 0.611244 0.791442
3
272.743 173.013
254.921 177.669
243.321 133.269
261.143 128.613
2
259.248 154.81
0 0 0.586459 0.809979
3
275.16 173.734
257.66 179.484
243.337 135.887
260.836 130.137
2
260.566 156.402
0 0 0.561112 0.82774
3
277.618 174.305
260.507 181.126
243.514 138.498
260.624 131.677
2
260.577 158.467
0 0 0.586459 0.809979
3
276.488 177.391
258.989 183.141
244.665 139.543
262.165 133.794
2
260.46 160.53
0 0 0.611244 0.791442
3
275.17 180.402
257.348 185.058
245.749 140.658
263.571 136.002
2
260.215 162.581
0 0 0.635443 0.772148
3
273.669 183.325
255.593 186.869
246.762 141.837
264.838 138.293
2
259.845 164.613
0 0 0.659034 0.752113
3
271.989 186.15
253.728 188.569
247.701 143.077
265.961 140.657
2
259.349 166.619
0 0 0.681993 0.731359
3
270.138 188.865
251.762 190.15
248.561 144.372
266.936 143.087
2
258.73 168.589
0 0 0.704299 0.709903
3
268.122 191.461
249.702 191.607
249.339 145.718
267.758 145.572
2
257.991 170.518
0 0 0.72593 0.687768
3
265.949 193.927
247.556 192.933
250.032 147.11
268.425 148.104
2
257.133 172.398
0 0 0.746866 0.664974
3
263.629 196.254
245.332 194.124
250.638 148.542
268.934 150.671
2
256.161 174.22
0 0 0.767087 0.641543
3
261.168 198.433
243.039 195.175
251.154 150.008
269.284 153.266
2
255.078 175.98
0 0 0.786573 0.617497
3
258.578 200.455
240.685 196.082
251.579 151.504
269.472 155.877
2
253.889 177.668
0 0 0.805305 0.59286
3
255.867 202.313
238.279 196.842
251.91 153.023
269.498 158.495
2
254.038 179.729
0 0 0.786573 0.617497
3
257.538 204.204
239.644 199.831
250.538 155.253
268.432 159.626
2
254.315 181.776
0 0 0.767087 0.641543
3
259.322 205.988
241.192 202.73
249.308 157.564
267.437 160.821
2
254.718 183.802
0 0 0.746866 0.664974
3
261.213 207.658
242.917 205.528
248.222 159.946
266.519 162.075
2
254.492 185.742
0 0 0.746866 0.664974
3
260.987 209.598
242.691 207.469
247.996 161.886
266.293 164.016
2
254.266 187.683
0 0 0.746866 0.664974
3
260.761 211.539
242.465 209.409
247.771 163.827
266.067 165.957
2
254.04 189.624
0 0 0.746866 0.664974
3
260.535 213.48
242.239 211.35
247.545 165.768
265.841 167.897
2
253.814 191.564
0 0 0.746866 0.664974
3
260.31 215.42
242.013 213.291
247.319 167.708
265.615 169.838
2
253.588 193.505
0 0 0.746866 0.664974
3
260.084 217.361
241.787 215.231
247.093 169.649
265.389 171.779
2
253.362 195.446
0 0 0.746866 0.664974
3
259.858 219.302
241.561 217.172
246.867 171.59
265.163 173.719
2
253.136 197.386
0 0 0.746866 0.664974
3
259.632 221.242
241.335 219.113
246.641 173.53
264.938 175.66
2
252.911 199.327
0 0 0.746866 0.664974
3
259.406 223.183
241.109 221.053
246.415 175.471
264.712 177.601
2
252.685 201.268
0 0 0.746866 0.664974
3
259.18 225.124
240.884 222.994
246.189 177.412
264.486 179.541
2
252.459 203.208
0 0 0.746866 0.664974
3
258.954 227.064
240.658 224.934
245.963 179.352
264.26 181.482
2
252.233 205.149
0 0 0.746866 0.664974
3
258.728 229.005
240.432 226.875
245.738 181.293
264.034 183.423
2
252.007 207.089
0 0 0.746866 0.664974
3
258.502 230.945
240.206 228.816
245.512 183.234
263.808 185.363
2
251.781 209.03
0 0 0.746866 0.664974
3
258.276 232.886
239.98 230.756
245.286 185.174
263.582 187.304
2
251.555 210.971
0 0 0.746866 0.664974
3
258.051 234.827
239.754 232.697
245.06 187.115
263.356 189.244
2
251.329 212.911
0 0 0.746866 0.664974
3
257.825 236.767
239.528 234.638
244.834 189.055
263.13 191.185
2
251.103 214.852
0 0 0.746866 0.664974
3
257.599 238.708
239.302 236.578
244.608 190.996
262.905 193.126
2
250.878 216.793
0 0 0.746866 0.664974
3
257.373 240.649
239.076 238.519
244.382 192.937
262.679 195.066
2
250.652 218.733
0 0 0.746866 0.664974
3
257.147 242.589
238.851 240.46
244.156 194.877
262.453 197.007
2
250.426 220.674
0 0 0.746866 0.664974
3
256.921 244.53
238.625 242.4
243.93 196.818
262.227 198.948
2
250.2 222.615
0 0 0.746866 0.664974
3
256.695 246.471
238.399 244.341
243.705 198.759
262.001 200.888
2
249.974 224.555
0 0 0.746866 0.664974
3
256.469 248.411
238.173 246.282
243.479 200.699
261.775 202.829
2
250.501 226.553
0 0 0.72593 0.687768
3
258.46 249.961
240.067 248.967
242.543 203.144
260.936 204.138
2
251.151 228.513
0 0 0.704299 0.709903
3
260.543 251.385
242.124 251.531
241.76 205.642
260.179 205.496
2
251.167 230.467
0 0 0.704299 0.709903
3
260.558 253.338
242.139 253.484
241.775 207.596
260.195 207.45
2
251.182 232.421
0 0 0.704299 0.709903
3
260.574 255.292
242.154 255.438
241.791 209.549
260.21 209.403
2
251.198 234.374
0 0 0.704299 0.709903
3
260.589 257.246
242.17 257.392
241.806 211.503
260.226 211.357
2
251.213 236.328
0 0 0.704299 0.709903
3
260.605 259.199
242.185 259.345
241.822 213.457
260.241 213.311
2
251.229 238.282
0 0 0.704299 0.709903
3
260.62 261.153
242.201 261.299
241.837 215.411
260.257 215.265
2
251.244 240.235
0 0 0.704299 0.709903
3
260.636 263.107
242.216 263.253
241.853 217.364
260.272 217.218
2
251.26 242.189
0 0 0.704299 0.709903
3
260.651 265.06
242.232 265.206
241.868 219.318
260.288 219.172
2
251.275 244.143
0 0 0.704299 0.709903
3
260.667 267.014
242.247 267.16
241.884 221.272
260.303 221.126
2
251.291 246.097
0 0 0.704299 0.709903
3
260.682 268.968
242.263 269.114
241.899 223.225
260.319 223.079
2
251.306 248.05
0 0 0.704299 0.709903
3
260.698 270.922
242.278 271.068
241.915 225.179
260.334 225.033
2
251.322 250.004
0 0 0.704299 0.709903
3
260.713 272.875
242.294 273.021
241.93 227.133
260.35 226.987
2
251.337 251.958
0 0 0.704299 0.709903
3
260.729 274.829
242.309 274.975
241.946 229.086
260.365 228.94
2
251.353 253.911
0 0 0.704299 0.709903
3
260.744 276.783
242.325 276.929
241.961 231.04
260.381 230.894
2
251.368 255.865
0 0 0.704299 0.709903
3
260.76 278.736
242.34 278.882
241.977 232.994
260.396 232.848
2
251.384 257.819
0 0 0.704299 0.709903
3
260.775 280.69
242.356 280.836
241.992 234.947
260.412 234.801
2
251.399 259.772
0 0 0.704299 0.709903
3
260.791 282.644
242.371 282.79
242.008 236.901
260.427 236.755
2
251.415 261.726
0 0 0.704299 0.709903
3
260.806 284.597
242.387 284.743
242.023 238.855
260.443 238.709
2
251.43 263.68
0 0 0.704299 0.709903
3
260.822 286.551
242.402 286.697
242.039 240.808
260.458 240.662
2
251.446 265.633
0 0 0.704299 0.709903
3
260.837 288.505
242.418 288.651
242.054 242.762
260.473 242.616
2
251.461 267.587
0 0 0.704299 0.709903
3
260.853 290.458
242.433 290.604
242.07 244.716
260.489 244.57
2
251.477 269.541
0 0 0.704299 0.709903
3
260.868 292.412
242.449 292.558
242.085 246.67
260.504 246.524
2
251.492 271.495
0 0 0.704299 0.709903
3
260.884 294.366
242.464 294.512
242.101 248.623
260.52 248.477
2
251.508 273.448
0 0 0.704299 0.709903
3
260.899 296.319
242.48 296.465
242.116 250.577
260.535 250.431
2
251.523 275.402
0 0 0.704299 0.709903
3
260.915 298.273
242.495 298.419
242.132 252.531
260.551 252.385
2
251.539 277.356
0 0 0.704299 0.709903
3
260.93 300.227
242.511 300.373
242.147 254.484
260.566 254.338
2
251.554 279.309
0 0 0.704299 0.709903
3
260.946 302.181
242.526 302.326
242.162 256.438
260.582 256.292
2
251.57 281.263
0 0 0.704299 0.709903
3
260.961 304.134
242.542 304.28
242.178 258.392
260.597 258.246
2
251.585 283.217
0 0 0.704299 0.709903
3
260.977 306.088
242.557 306.234
242.193 260.345
260.613 260.199
2
251.601 285.17
0 0 0.704299 0.709903
3
260.992 308.042
242.573 308.188
242.209 262.299
260.628 262.153
2
251.616 287.124
0 0 0.704299 0.709903
3
261.008 309.995
242.588 310.141
242.224 264.253
260.644 264.107
2
251.632 289.078
0 0 0.704299 0.709903
3
261.023 311.949
242.604 312.095
242.24 266.206
260.659 266.06
2
251.647 291.031
0 0 0.704299 0.709903
3
261.039 313.903
242.619 314.049
242.255 268.16
260.675 268.014
2
251.662 292.985
0 0 0.704299 0.709903
3
261.054 315.856
242.635 316.002
242.271 270.114
260.69 269.968
2
250.923 294.914
0 0 0.72593 0.687768
3
258.882 318.322
240.488 317.328
242.964 271.505
261.357 272.499
2
250.065 296.793
0 0 0.746866 0.664974
3
256.561 320.649
238.264 318.519
243.57 272.937
261.867 275.067
2
249.093 298.616
0 0 0.767087 0.641543
3
254.101 322.828
235.971 319.57
244.086 274.404
262.216 277.661
2
249.496 300.642
0 0 0.746866 0.664974
3
255.992 324.498
237.695 322.368
243.001 276.786
261.297 278.916
2
250.024 302.639
0 0 0.72593 0.687768
3
257.982 326.048
239.589 325.054
242.065 279.231
260.458 280.224
2
250.674 304.6
0 0 0.704299 0.709903
3
260.065 327.471
241.646 327.617
241.282 281.729
259.701 281.583
2
251.444 306.517
0 0 0.681993 0.731359
3
262.232 328.763
243.857 330.048
240.655 284.27
259.03 282.985
2
252.331 308.382
0 0 0.659034 0.752113
3
264.475 329.919
246.214 332.338
240.187 286.846
258.447 284.426
2
253.332 310.189
0 0 0.635443 0.772148
3
266.785 330.933
248.709 334.478
239.879 289.445
257.954 285.901
2
254.442 311.931
0 0 0.611244 0.791442
3
269.153 331.803
251.331 336.459
239.732 292.059
257.554 287.403
2
255.659 313.601
0 0 0.586459 0.809979
3
271.57 332.525
254.071 338.274
239.747 294.677
257.247 288.927
2
256.976 315.192
0 0 0.561112 0.82774
3
274.028 333.095
256.917 339.916
239.924 297.289
257.035 290.468
2
257.699 317.007
0 0 0.561112 0.82774
3
274.751 334.91
257.641 341.731
240.647 299.104
257.758 292.283
2
258.423 318.822
0 0 0.561112 0.82774
3
275.475 336.725
258.364 343.546
241.371 300.918
258.481 294.097
2
258.434 320.887
0 0 0.586459 0.809979
3
274.346 339.811
256.846 345.561
242.522 301.964
260.022 296.214
2
258.317 322.95
0 0 0.611244 0.791442
3
273.027 342.822
255.206 347.478
243.606 303.078
261.428 298.422
2
259.533 324.62
0 0 0.586459 0.809979
3
275.445 343.543
257.945 349.293
243.621 305.696
261.121 299.946
2
260.143 326.476
0 0 0.586459 0.809979
3
276.055 345.4
258.555 351.149
244.231 307.552
261.731 301.802
2
260.753 328.332
0 0 0.586459 0.809979
3
276.665 347.256
259.165 353.005
244.841 309.408
262.341 303.658
2
260.636 330.394
0 0 0.611244 0.791442
3
275.347 350.266
257.525 354.922
245.925 310.522
263.747 305.866
2
260.392 332.445
0 0 0.635443 0.772148
3
273.845 353.189
255.769 356.734
246.939 311.702
265.014 308.157
2
260.021 334.478
0 0 0.659034 0.752113
3
272.165 356.014
253.905 358.434
247.877 312.941
266.137 310.522
2
261.022 336.285
0 0 0.635443 0.772148
3
274.475 357.029
256.399 360.573
247.569 315.541
265.645 311.996
2
262.133 338.027
0 0 0.611244 0.791442
3
276.843 357.899
259.021 362.554
247.422 318.155
265.244 313.499
2
263.349 339.696
0 0 0.586459 0.809979
3
279.261 358.62
261.761 364.37
247.437 320.772
264.937 315.023
2
263.959 341.552
0 0 0.586459 0.809979
3
279.871 360.476
262.371 366.226
248.047 322.628
265.547 316.879
2
264.569 343.408
0 0 0.586459 0.809979
3
280.48 362.332
262.981 368.082
248.657 324.485
266.157 318.735
2
265.178 345.265
0 0 0.586459 0.809979
3
281.09 364.189
263.59 369.938
249.267 326.341
266.766 320.591
2
265.788 347.121
0 0 0.586459 0.809979
3
281.7 366.045
264.2 371.794
249.877 328.197
267.376 322.447
2
266.398 348.977
0 0 0.586459 0.809979
3
282.31 367.901
264.81 373.65
250.486 330.053
267.986 324.304
2
267.008 350.833
0 0 0.586459 0.809979
3
282.92 369.757
265.42 375.506
251.096 331.909
268.596 326.16
2
267.618 352.689
0 0 0.586459 0.809979
3
283.53 371.613
266.03 377.363
251.706 333.765
269.206 328.016
2
268.935 354.28
0 0 0.561112 0.82774
3
285.987 372.184
268.877 379.005
251.883 336.377
268.994 329.556
2
270.348 355.787
0 0 0.535228 0.844707
3
288.475 372.601
271.819 380.468
252.221 338.973
268.877 331.106
2
271.852 357.203
0 0 0.508832 0.860866
3
290.984 372.864
274.847 381.746
252.72 341.543
268.857 332.661
2
272.118 359.252
0 0 0.535228 0.844707
3
290.245 376.066
273.589 383.933
253.991 342.438
270.647 334.571
2
272.257 361.313
0 0 0.561112 0.82774
3
289.309 379.216
272.198 386.037
255.205 343.41
272.315 336.589
2
273.67 362.82
0 0 0.535228 0.844707
3
291.797 379.634
275.141 387.5
255.543 346.006
272.199 338.139
2
275.173 364.236
0 0 0.508832 0.860866
3
294.306 379.897
278.169 388.779
256.041 348.576
272.178 339.694
2
276.762 365.557
0 0 0.481947 0.8762
3
296.826 380.004
281.269 389.867
256.698 351.11
272.254 341.247
2
278.429 366.777
0 0 0.454602 0.890695
3
299.349 379.955
284.432 390.761
257.509 353.599
272.426 342.792
2
280.168 367.891
0 0 0.42682 0.904336
3
301.863 379.75
287.643 391.458
258.474 356.032
272.693 344.324
2
281.973 368.896
0 0 0.39863 0.917112
3
304.36 379.39
290.892 391.955
259.586 358.402
273.055 345.836
2
283.837 369.787
0 0 0.370058 0.929008
3
306.83 378.876
294.165 392.251
260.844 360.698
273.509 347.323
2
285.752 370.561
0 0 0.341132 0.940015
3
309.264 378.21
297.45 392.343
262.241 362.912
274.054 348.779
2
287.712 371.215
0 0 0.311879 0.950122
3
311.651 377.395
300.735 392.231
263.772 365.035
274.689 350.198
2
289.708 371.747
0 0 0.282327 0.959318
3
313.984 376.434
304.006 391.917
265.432 367.059
275.41 351.576
2
291.733 372.154
0 0 0.252505 0.967596
3
316.253 375.33
307.252 391.401
267.214 368.977
276.214 352.906
2
293.042 373.752
0 0 0.282327 0.959318
3
317.318 378.439
307.34 393.922
268.766 369.065
278.744 353.581
2
294.249 375.428
0 0 0.311879 0.950122
3
318.189 381.608
307.272 396.444
270.31 369.248
281.226 354.411
2
296.246 375.96
0 0 0.282327 0.959318
3
320.522 380.647
310.544 396.13
271.969 371.272
281.947 355.789
2
298.271 376.367
0 0 0.252505 0.967596
3
322.79 379.543
313.789 395.614
273.751 373.19
282.752 357.119
2
300.317 376.648
0 0 0.22244 0.974946
3
324.986 378.301
316.997 394.898
275.648 374.994
283.638 358.397
2
302.377 376.802
0 0 0.192163 0.981363
3
327.101 376.926
320.154 393.985
277.653 376.677
284.601 359.618
2
304.443 376.828
0 0 0.161702 0.98684
3
329.127 375.422
323.249 392.879
279.758 378.233
285.637 360.777
2
306.506 376.726
0 0 0.131085 0.991371
3
331.056 373.796
326.269 391.583
281.956 379.656
286.743 361.869
2
308.559 376.497
0 0 0.100343 0.994953
3
332.881 372.054
329.203 390.103
284.237 380.94
287.915 362.891
2
310.594 376.141
0 0 0.0695055 0.997582
3
334.594 370.202
332.04 388.444
286.593 382.081
289.148 363.839
2
312.603 375.661
0 0 0.0386009 0.999255
3
336.19 368.248
334.769 386.613
289.016 383.073
290.437 364.708
2
314.578 375.056
0 0 0.00765943 0.999971
3
337.662 366.199
337.38 384.617
291.495 383.914
291.777 365.496
2
316.513 374.331
0 0 0.0232894 -0.999729
3
339.004 364.063
339.861 382.463
294.021 384.6
293.164 366.2
2
318.464 374.24
0 0 0.0232894 -0.999729
3
340.955 363.972
341.813 382.372
295.973 384.509
295.115 366.109
2
320.416 374.149
0 0 0.0232894 -0.999729
3
342.907 363.881
343.765 382.281
297.925 384.418
297.067 366.018
2
322.367 374.058
0 0 0.0232894 -0.999729
3
344.859 363.79
345.716 382.19
299.876 384.327
299.018 365.927
2
324.319 373.967
0 0 0.0232894 -0.999729
3
346.81 363.699
347.668 382.099
301.828 384.236
300.97 365.836
2
326.271 373.876
0 0 0.0232894 -0.999729
3
348.762 363.608
349.62 382.008
303.779 384.145
302.922 365.745
2
328.222 373.785
0 0 0.0232894 -0.999729
3
350.714 363.517
351.571 381.917
305.731 384.054
304.873 365.654
2
330.174 373.694
0 0 0.0232894 -0.999729
3
352.665 363.426
353.523 381.826
307.683 383.963
306.825 365.563
2
332.126 373.603
0 0 0.0232894 -0.999729
3
354.617 363.335
355.475 381.735
309.634 383.872
308.777 365.472
2
334.077 373.512
0 0 0.0232894 -0.999729
3
356.568 363.244
357.426 381.644
311.586 383.781
310.728 365.381
2
336.029 373.421
0 0 0.0232894 -0.999729
3
358.52 363.153
359.378 381.553
313.538 383.69
312.68 365.29
2
337.98 373.33
0 0 0.0232894 -0.999729
3
360.472 363.062
361.329 381.462
315.489 383.599
314.631 365.199
2
339.932 373.239
0 0 0.0232894 -0.999729
3
362.423 362.971
363.281 381.371
317.441 383.508
316.583 365.108
2
341.884 373.148
0 0 0.0232894 -0.999729
3
364.375 362.88
365.233 381.28
319.392 383.417
318.535 365.017
2
343.835 373.057
0 0 0.0232894 -0.999729
3
366.327 362.789
367.184 381.189
321.344 383.326
320.486 364.926
2
345.787 372.966
0 0 0.0232894 -0.999729
3
368.278 362.698
369.136 381.098
323.296 383.235
322.438 364.835
2
347.739 372.876
0 0 0.0232894 -0.999729
3
370.23 362.607
371.088 381.007
325.247 383.144
324.39 364.744
2
349.69 372.785
0 0 0.0232894 -0.999729
3
372.181 362.516
373.039 380.916
327.199 383.053
326.341 364.653
2
351.642 372.694
0 0 0.0232894 -0.999729
3
374.133 362.425
374.991 380.825
329.151 382.962
328.293 364.562
2
353.593 372.603
0 0 0.0232894 -0.999729
3
376.085 362.334
376.942 380.734
331.102 382.871
330.244 364.471
2
355.545 372.512
0 0 0.0232894 -0.999729
3
378.036 362.243
378.894 380.643
333.054 382.78
332.196 364.38
2
357.497 372.421
0 0 0.0232894 -0.999729
3
379.988 362.152
380.846 380.552
335.005 382.689
334.148 364.289
2
359.448 372.33
0 0 0.0232894 -0.999729
3
381.94 362.061
382.797 380.461
336.957 382.598
336.099 364.198
2
361.4 372.239
0 0 0.0232894 -0.999729
3
383.891 361.97
384.749 380.37
338.909 382.507
338.051 364.107
2
363.352 372.148
0 0 0.0232894 -0.999729
3
385.843 361.879
386.701 380.279
340.86 382.416
340.003 364.016
2
365.303 372.057
0 0 0.0232894 -0.999729
3
387.794 361.788
388.652 380.188
342.812 382.325
341.954 363.925
2
367.255 371.966
0 0 0.0232894 -0.999729
3
389.746 361.697
390.604 380.097
344.764 382.234
343.906 363.834
2
369.207 371.875
0 0 0.0232894 -0.999729
3
391.698 361.606
392.555 380.006
346.715 382.143
345.858 363.743
2
371.158 371.784
0 0 0.0232894 -0.999729
3
393.649 361.515
394.507 379.915
348.667 382.052
347.809 363.652
2
373.11 371.693
0 0 0.0232894 -0.999729
3
395.601 361.424
396.459 379.824
350.619 381.961
349.761 363.561
2
375.061 371.602
0 0 0.0232894 -0.999729
3
397.553 361.333
398.41 379.733
352.57 381.87
351.712 363.47
2
377.013 371.511
0 0 0.0232894 -0.999729
3
399.504 361.242
400.362 379.642
354.522 381.779
353.664 363.379
2
378.969 372.175
0 0 0.00765945 0.999971
3
402.052 363.318
401.77 381.736
355.886 381.033
356.168 362.615
2
380.88 372.96
0 0 0.038601 0.999255
3
404.467 365.547
403.046 383.912
357.293 380.372
358.714 362.007
2
382.739 373.86
0 0 0.0695055 0.997582
3
406.74 367.921
404.185 386.163
358.739 379.8
361.293 361.558
2
384.748 373.38
0 0 0.038601 0.999255
3
408.335 365.967
406.914 384.332
361.161 380.792
362.582 362.427
2
386.723 372.775
0 0 0.00765944 0.999971
3
409.807 363.918
409.525 382.336
363.64 381.633
363.922 363.215
2
388.658 372.05
0 0 0.0232894 -0.999729
3
411.149 361.782
412.007 380.182
366.166 382.319
365.309 363.919
2
390.543 371.207
0 0 0.0542159 -0.998529
3
412.356 359.566
414.351 377.878
368.73 382.847
366.736 364.535
2
392.373 370.248
0 0 0.0850905 -0.996373
3
413.424 357.281
416.548 375.434
371.322 383.215
368.199 365.062
2
394.14 369.178
0 0 0.115884 -0.993263
3
414.349 354.933
418.589 372.859
373.932 383.423
369.691 365.498
2
396.042 368.728
0 0 0.115884 -0.993263
3
416.25 354.484
420.49 372.409
375.833 382.973
371.593 365.048
2
397.943 368.279
0 0 0.115884 -0.993263
3
418.151 354.034
422.392 371.959
377.734 382.523
373.494 364.598
2
399.844 367.829
0 0 0.115884 -0.993263
3
420.053 353.584
424.293 371.509
379.636 382.074
375.395 364.148
2
401.745 367.379
0 0 0.115884 -0.993263
3
421.954 353.134
426.194 371.06
381.537 381.624
377.296 363.698
2
403.647 366.929
0 0 0.115884 -0.993263
3
423.855 352.685
428.096 370.61
383.438 381.174
379.198 363.249
2
405.548 366.479
0 0 0.115884 -0.993263
3
425.756 352.235
429.997 370.16
385.339 380.724
381.099 362.799
2
407.449 366.03
0 0 0.115884 -0.993263
3
427.658 351.785
431.898 369.71
387.241 380.274
383 362.349
2
409.147 364.853
0 0 0.146566 -0.989201
3
428.435 349.385
433.776 367.014
389.858 380.32
384.517 362.691
2
410.768 363.573
0 0 0.177107 -0.984192
3
429.063 346.941
435.484 364.206
392.473 380.204
386.052 362.939
2
412.307 362.195
0 0 0.207479 -0.978239
3
429.538 344.464
437.015 361.298
395.076 379.926
387.599 363.092
2
413.758 360.724
0 0 0.237653 -0.97135
3
429.859 341.961
438.364 358.301
397.657 379.487
389.153 363.148
2
415.115 359.167
0 0 0.267598 -0.963531
3
430.025 339.444
439.524 355.226
400.206 378.89
390.707 363.108
2
416.374 357.529
0 0 0.297288 -0.954788
3
430.034 336.921
440.491 352.085
402.713 378.137
392.256 362.972
2
417.528 355.816
0 0 0.326692 -0.945131
3
429.888 334.402
441.263 348.891
405.168 377.229
393.793 362.741
2
418.575 354.035
0 0 0.355784 -0.934568
3
429.586 331.898
441.835 345.654
407.563 376.172
395.314 362.415
2
419.509 352.192
0 0 0.384535 -0.923111
3
429.13 329.416
442.207 342.389
409.888 374.968
396.811 361.995
2
420.327 350.295
0 0 0.412917 -0.910769
3
428.521 326.968
442.375 339.107
412.134 373.623
398.279 361.484
2
421.027 348.352
0 0 0.440904 -0.897554
3
427.761 324.562
442.34 335.821
414.292 372.141
399.713 360.883
2
422.799 347.291
0 0 0.412917 -0.910769
3
430.993 323.964
444.847 336.103
414.606 370.619
400.751 358.48
2
424.634 346.342
0 0 0.384535 -0.923111
3
434.255 323.567
447.332 336.539
415.013 369.118
401.936 356.146
2
426.524 345.509
0 0 0.355784 -0.934568
3
437.536 323.372
449.785 337.128
415.513 367.646
403.263 353.889
2
428.462 344.794
0 0 0.326692 -0.945131
3
440.822 323.38
452.197 337.869
416.102 366.207
404.727 351.719
2
430.441 344.2
0 0 0.297288 -0.954788
3
444.102 323.592
454.558 338.756
416.78 364.808
406.323 349.644
2
432.452 343.73
0 0 0.267598 -0.963531
3
447.362 324.007
456.861 339.788
417.543 363.453
408.044 347.671
2
434.489 343.385
0 0 0.237653 -0.97135
3
450.59 324.622
459.094 340.961
418.388 362.148
409.884 345.809
2
436.543 343.167
0 0 0.207479 -0.978239
3
453.774 325.436
461.251 342.27
419.312 360.898
411.835 344.064
2
437.994 341.696
0 0 0.237653 -0.97135
3
454.095 322.933
462.599 339.272
421.893 360.459
413.389 344.12
2
439.351 340.139
0 0 0.267598 -0.963531
3
454.261 320.416
463.76 336.198
424.442 359.862
414.943 344.08
2
440.61 338.501
0 0 0.297288 -0.954788
3
454.27 317.893
464.727 333.057
426.949 359.108
416.492 343.944
2
441.764 336.788
0 0 0.326692 -0.945131
3
454.124 315.374
465.499 329.862
429.404 358.201
418.029 343.713
2
443.743 336.194
0 0 0.297288 -0.954788
3
457.403 315.586
467.86 330.75
430.082 356.802
419.625 341.638
2
445.754 335.724
0 0 0.267598 -0.963531
3
460.664 316
470.162 331.782
430.845 355.447
421.346 339.665
2
447.791 335.379
0 0 0.237653 -0.97135
3
463.892 316.616
472.396 332.955
431.69 354.142
423.186 337.802
2
449.148 333.821
0 0 0.267598 -0.963531
3
464.058 314.098
473.556 329.88
434.239 353.545
424.74 337.763
2
450.406 332.183
0 0 0.297288 -0.954788
3
464.067 311.575
474.524 326.739
436.746 352.791
426.289 337.627
2
451.561 330.47
0 0 0.326692 -0.945131
3
463.921 309.057
475.296 323.545
439.201 351.883
427.826 337.395
2
453.539 329.876
0 0 0.297288 -0.954788
3
467.2 309.269
477.657 324.433
439.879 350.484
429.422 335.32
2
454.694 328.163
0 0 0.326692 -0.945131
3
467.054 306.75
478.429 321.238
442.334 349.577
430.959 335.089
2
455.74 326.382
0 0 0.355784 -0.934568
3
466.752 304.245
479.001 318.002
444.729 348.519
432.479 334.762
2
457.199 325.083
0 0 0.355784 -0.934568
3
468.211 302.946
480.46 316.703
446.188 347.22
433.939 333.463
2
458.659 323.784
0 0 0.355784 -0.934568
3
469.67 301.647
481.919 315.403
447.647 345.921
435.398 332.164
2
460.118 322.484
0 0 0.355784 -0.934568
3
471.129 300.347
483.379 314.104
449.106 344.621
436.857 330.865
2
461.577 321.185
0 0 0.355784 -0.934568
3
472.588 299.048
484.838 312.805
450.565 343.322
438.316 329.565
2
463.036 319.886
0 0 0.355784 -0.934568
3
474.047 297.749
486.297 311.506
452.025 342.023
439.775 328.266
2
463.97 318.043
0 0 0.384535 -0.923111
3
473.591 295.268
486.668 308.24
454.349 340.819
441.272 327.847
2
464.788 316.147
0 0 0.412917 -0.910769
3
472.982 292.819
486.836 304.958
456.595 339.474
442.74 327.335
2
465.488 314.203
0 0 0.440904 -0.897554
3
472.223 290.414
486.802 301.672
458.753 337.993
444.174 326.734
2
466.066 312.22
0 0 0.468469 -0.88348
3
471.316 288.059
486.563 298.394
460.816 336.38
445.568 326.045
2
466.52 310.205
0 0 0.495585 -0.86856
3
470.265 285.766
486.123 295.137
462.774 334.644
446.917 325.272
2
466.848 308.165
0 0 0.522226 -0.852807
3
469.075 283.541
485.482 291.914
464.622 332.789
448.215 324.416
2
468.395 306.796
0 0 0.495585 -0.86856
3
472.14 282.356
487.998 291.728
464.649 331.235
448.792 321.863
2
470.023 305.524
0 0 0.468469 -0.88348
3
475.273 281.364
490.521 291.699
464.773 329.685
449.525 319.35
2
471.727 304.356
0 0 0.440904 -0.897554
3
478.461 280.566
493.04 291.825
464.992 328.145
450.413 316.887
2
473.499 303.295
0 0 0.412917 -0.910769
3
481.693 279.968
495.547 292.107
465.306 326.623
451.451 314.484
2
475.334 302.346
0 0 0.384535 -0.923111
3
484.955 279.571
498.032 292.543
465.713 325.122
452.636 312.15
2
477.224 301.513
0 0 0.355784 -0.934568
3
488.236 279.376
500.485 293.133
466.213 323.65
453.963 309.893
2
478.158 299.67
0 0 0.384535 -0.923111
3
487.779 276.895
500.856 289.867
468.538 322.446
455.461 309.474
2
478.977 297.774
0 0 0.412917 -0.910769
3
487.17 274.446
501.025 286.585
470.783 321.101
456.929 308.962
2
479.676 295.83
0 0 0.440904 -0.897554
3
486.411 272.041
500.99 283.299
472.942 319.62
458.363 308.361
2
481.449 294.769
0 0 0.412917 -0.910769
3
489.643 271.442
503.497 283.581
473.256 318.097
459.401 305.958
2
483.284 293.821
0 0 0.384535 -0.923111
3
492.905 271.045
505.982 284.017
473.663 316.596
460.586 303.624
2
485.174 292.987
0 0 0.355784 -0.934568
3
496.185 270.85
508.435 284.607
474.163 315.124
461.913 301.367
2
487.112 292.272
0 0 0.326692 -0.945131
3
499.472 270.859
510.847 285.347
474.752 313.685
463.377 299.197
2
488.158 290.491
0 0 0.355784 -0.934568
3
499.17 268.354
511.419 282.111
477.147 312.628
464.897 298.871
2
489.092 288.648
0 0 0.384535 -0.923111
3
498.713 265.873
511.79 278.845
479.472 311.424
466.395 298.452
2
489.911 286.752
0 0 0.412917 -0.910769
3
498.104 263.424
511.959 275.563
481.717 310.079
467.863 297.94
2
490.61 284.808
0 0 0.440904 -0.897554
3
497.345 261.019
511.924 272.277
483.876 308.598
469.297 297.339
2
491.188 282.825
0 0 0.468469 -0.88348
3
496.438 258.664
511.686 268.999
485.938 306.985
470.691 296.65
2
492.892 281.657
0 0 0.440904 -0.897554
3
499.627 257.867
514.206 269.125
486.157 305.446
471.578 294.188
2
494.665 280.596
0 0 0.412917 -0.910769
3
502.858 257.269
516.713 269.407
486.471 303.923
472.617 291.785
2
496.5 279.647
0 0 0.384535 -0.923111
3
506.12 256.871
519.197 269.844
486.879 302.423
473.802 289.45
2
498.39 278.814
0 0 0.355784 -0.934568
3
509.401 256.677
521.651 270.433
487.378 300.95
475.129 287.194
2
500.328 278.099
0 0 0.326692 -0.945131
3
512.687 256.685
524.062 271.173
487.968 299.512
476.593 285.024
2
501.374 276.317
0 0 0.355784 -0.934568
3
512.385 254.18
524.635 267.937
490.363 298.454
478.113 284.698
2
502.308 274.475
0 0 0.384535 -0.923111
3
511.929 251.699
525.006 264.672
492.687 297.251
479.61 284.278
2
503.126 272.578
0 0 0.412917 -0.910769
3
511.32 249.251
525.174 261.39
494.933 295.906
481.079 283.767
2
503.826 270.634
0 0 0.440904 -0.897554
3
510.561 246.845
525.14 258.103
497.091 294.424
482.512 283.166
2
505.599 269.574
0 0 0.412917 -0.910769
3
513.792 246.247
527.647 258.385
497.405 292.901
483.551 280.762
2
507.434 268.625
0 0 0.384535 -0.923111
3
517.054 245.849
530.131 258.822
497.813 291.401
484.736 278.428
2
509.324 267.791
0 0 0.355784 -0.934568
3
520.335 245.655
532.585 259.411
498.312 289.928
486.063 276.172
2
511.262 267.076
0 0 0.326692 -0.945131
3
523.621 245.663
534.996 260.151
498.902 288.49
487.527 274.002
2
512.308 265.295
0 0 0.355784 -0.934568
3
523.319 243.158
535.569 256.915
501.297 287.432
489.047 273.676
2
513.242 263.453
0 0 0.384535 -0.923111
3
522.863 240.677
535.94 253.65
503.621 286.229
490.544 273.256
2
514.061 261.556
0 0 0.412917 -0.910769
3
522.254 238.229
536.108 250.368
505.867 284.883
492.013 272.745
2
514.76 259.612
0 0 0.440904 -0.897554
3
521.495 235.823
536.074 247.081
508.025 283.402
493.446 272.144
2
515.338 257.629
0 0 0.468469 -0.88348
3
520.588 233.469
535.835 243.804
510.088 281.79
494.84 271.455
2
515.792 255.614
0 0 0.495585 -0.86856
3
519.537 231.175
535.395 240.547
512.047 280.053
496.189 270.681
2
516.121 253.575
0 0 0.522226 -0.852807
3
518.347 228.951
534.754 237.324
513.894 278.199
497.487 269.826
2
516.322 251.519
0 0 0.548367 -0.836238
3
517.021 226.804
533.915 234.146
515.623 276.233
498.73 268.891
2
516.396 249.454
0 0 0.573982 -0.818868
3
515.565 224.744
532.88 231.027
517.228 274.165
499.913 267.882
2
517.762 247.904
0 0 0.548367 -0.836238
3
518.461 223.19
535.354 230.532
517.063 272.619
500.17 265.277
2
519.221 246.441
0 0 0.522226 -0.852807
3
521.447 221.817
537.854 230.19
516.994 271.065
500.587 262.692
2
519.422 244.386
0 0 0.548367 -0.836238
3
520.121 219.671
537.015 227.013
518.724 269.1
501.83 261.758
2
519.497 242.321
0 0 0.573982 -0.818868
3
518.665 217.611
535.981 223.894
520.328 267.032
503.013 260.749
2
519.443 240.256
0 0 0.599048 -0.800713
3
517.084 215.644
534.755 220.844
521.801 264.868
504.13 259.668
2
519.262 238.198
0 0 0.62354 -0.781791
3
515.385 213.78
533.344 217.876
523.138 262.617
505.179 258.521
2
518.953 236.156
0 0 0.647435 -0.762121
3
513.574 212.024
531.751 215.001
524.333 260.288
506.155 257.31
2
518.519 234.136
0 0 0.67071 -0.74172
3
511.657 210.383
529.984 212.231
525.382 257.889
507.054 256.042
2
517.961 232.147
0 0 0.693342 -0.720609
3
509.643 208.864
528.049 209.574
526.28 255.43
507.873 254.72
2
517.281 230.197
0 0 0.71531 -0.698808
3
507.538 207.473
525.953 207.043
527.024 252.921
508.609 253.35
2
516.482 228.292
0 0 0.736592 -0.676337
3
505.352 206.214
523.705 204.646
527.612 250.37
509.258 251.938
2
515.566 226.44
0 0 0.75717 -0.653218
3
503.091 205.094
521.312 202.393
528.04 247.787
509.819 250.488
2
514.537 224.649
0 0 0.777021 -0.629474
3
500.766 204.115
518.785 200.292
528.308 245.183
510.289 249.006
2
513.4 222.924
0 0 0.796129 -0.605127
3
498.385 203.282
516.133 198.352
528.415 242.567
510.667 247.497
2
512.158 221.274
0 0 0.814474 -0.5802
3
495.956 202.597
513.366 196.579
528.359 239.95
510.95 245.969
2
510.816 219.703
0 0 0.832039 -0.554717
3
493.49 202.065
510.494 194.981
528.142 237.341
511.139 244.425
2
509.38 218.218
0 0 0.848807 -0.528703
3
490.996 201.685
507.529 193.563
527.764 234.751
511.231 242.873
2
507.855 216.825
0 0 0.864762 -0.502183
3
488.483 201.461
504.482 192.332
527.226 232.189
511.228 241.318
2
506.246 215.529
0 0 0.879888 -0.475181
3
485.961 201.393
501.364 191.291
526.531 229.665
511.128 239.767
2
504.56 214.335
0 0 0.894172 -0.447725
3
483.44 201.481
498.189 190.446
525.681 227.189
510.932 238.224
2
502.804 213.248
0 0 0.907599 -0.419839
3
480.929 201.725
494.967 189.798
524.679 224.771
510.641 236.697
2
500.984 212.271
0 0 0.920156 -0.391551
3
478.438 202.123
491.711 189.351
523.53 222.419
510.257 235.191
2
499.107 211.409
0 0 0.931833 -0.362889
3
475.976 202.675
488.434 189.107
522.237 220.142
509.78 233.711
2
499.889 213.48
0 0 0.942616 -0.333878
3
476.262 206.194
487.857 191.881
523.516 220.766
511.921 235.079
2
500.798 215.499
0 0 0.952497 -0.304548
3
476.766 209.689
487.453 194.685
524.83 221.309
514.144 236.312
2
501.83 217.458
0 0 0.961465 -0.274926
3
477.485 213.145
487.223 197.51
526.176 221.77
516.438 237.406
2
502.982 219.349
0 0 0.969513 -0.245041
3
478.416 216.551
487.168 200.343
527.547 222.147
518.795 238.355
2
504.248 221.165
0 0 0.976631 -0.214921
3
479.556 219.892
487.289 203.174
528.94 222.438
521.207 239.156
2
505.624 222.899
0 0 0.982815 -0.184595
3
480.901 223.156
487.585 205.992
530.347 222.643
523.664 239.807
2
507.105 224.545
0 0 0.988056 -0.154092
3
482.445 226.331
488.054 208.786
531.765 222.76
526.156 240.305
2
508.685 226.097
0 0 0.992352 -0.123442
3
484.183 229.405
488.695 211.546
533.187 222.789
528.674 240.647
2
510.357 227.547
0 0 0.995697 -0.0926736
3
486.107 232.365
489.506 214.261
534.608 222.73
531.209 240.833
2
512.117 228.891
0 0 0.998088 -0.0618163
3
488.211 235.2
490.483 216.921
536.023 222.583
533.75 240.862
2
513.956 230.124
0 0 0.999522 -0.0308998
3
490.486 237.899
491.623 219.515
537.426 222.349
536.288 240.734
2
515.867 231.241
0 0 1 4.63287e-05
3
492.923 240.453
492.922 222.033
538.812 222.029
538.813 240.449
2
517.845 232.237
0 0 0.99952 0.0309924
3
495.514 242.851
494.373 224.467
540.175 221.624
541.316 240.008
2
519.88 233.11
0 0 0.998082 0.0619088
3
498.249 245.085
495.972 226.806
541.511 221.135
543.787 239.413
2
521.965 233.854
0 0 0.995688 0.0927658
3
501.116 247.144
497.713 229.041
542.814 220.564
546.216 238.667
2
524.092 234.468
0 0 0.99234 0.123534
3
504.105 249.023
499.589 231.165
544.079 219.914
548.595 237.772
2
526.253 234.95
0 0 0.988042 0.154184
3
507.205 250.713
501.593 233.168
545.301 219.187
550.913 236.731
2
527.833 233.398
0 0 0.99234 0.123534
3
507.846 247.953
503.33 230.095
547.819 218.844
552.335 236.701
2
529.505 231.947
0 0 0.995688 0.0927658
3
508.656 245.237
505.254 227.134
550.354 218.657
553.757 236.76
2
531.264 230.603
0 0 0.998082 0.0619088
3
509.633 242.578
507.357 224.299
552.895 218.628
555.171 236.907
2
533.349 231.347
0 0 0.995688 0.0927658
3
512.5 244.637
509.098 226.534
554.198 218.057
557.601 236.16
2
535.476 231.961
0 0 0.99234 0.123534
3
515.49 246.516
510.974 228.658
555.463 217.407
559.979 235.265
2
537.149 230.511
0 0 0.995688 0.0927658
3
516.3 243.801
512.897 225.698
557.998 217.22
561.4 235.323
2
538.908 229.166
0 0 0.998082 0.0619088
3
517.277 241.141
515 222.862
560.539 217.191
562.815 235.47
2
540.747 227.933
0 0 0.99952 0.0309924
3
518.416 238.547
517.275 220.162
563.077 217.319
564.218 235.703
2
542.658 226.816
0 0 1 4.63287e-05
3
519.714 236.028
519.712 217.608
565.602 217.603
565.604 236.023
2
544.635 225.819
0 0 0.999522 -0.0308998
3
521.165 233.594
522.303 215.209
568.105 218.044
566.967 236.429
2
546.547 226.936
0 0 1 4.63287e-05
3
523.603 236.148
523.601 217.728
569.491 217.723
569.493 236.143
2
548.501 226.935
0 0 1 4.63287e-05
3
525.557 236.148
525.555 217.728
571.445 217.723
571.447 236.143
2
550.454 226.935
0 0 1 4.63287e-05
3
527.51 236.147
527.509 217.727
573.399 217.723
573.4 236.143
2
552.408 226.935
0 0 1 4.63287e-05
3
529.464 236.147
529.462 217.727
575.352 217.723
575.354 236.143
