0
80 134
0
81 133
0
82 132
0
83 131
0
84 131
0
85 131
0
86 131
0
87 130
0
88 129
0
89 128
0
90 127
0
91 126
0
92 126
0
93 126
0
94 125
0
95 124
0
96 123
0
97 122
0
98 121
0
99 121
0
100 121
0
101 121
0
102 121
0
103 121
0
104 121
0
105 121
0
106 121
0
107 121
0
108 121
0
109 120
0
110 119
0
111 119
0
112 118
0
113 117
0
114 116
0
115 115
0
115 114
0
115 113
0
116 112
0
116 111
0
117 110
0
117 109
0
117 108
0
117 107
0
117 106
0
118 105
0
118 104
0
118 103
0
118 102
0
119 101
0
119 100
0
119 99
0
120 98
0
120 97
0
121 96
0
121 95
0
122 94
0
122 93
0
123 92
0
123 91
0
123 90
0
124 89
0
124 88
0
125 87
0
125 86
0
126 85
0
126 84
0
127 83
0
127 82
0
127 81
0
128 80
1
80 134.726 3.67422
1
78.3169 133.734 3.67422
1
76.6338 132.742 3.67422
1
74.9507 131.75 3.67422
1
73.2675 130.758 3.67422
1
71.5844 129.766 3.67422
1
69.9013 128.774 3.67422
1
68.2182 127.782 3.67422
1
66.5351 126.789 3.67422
1
64.8209 125.853 3.60922
1
63.0496 125.029 3.54422
1
61.2284 124.323 3.47923
1
59.3653 123.736 3.41423
1
57.4679 123.271 3.34923
1
55.5444 122.931 3.28424
1
53.6028 122.716 3.21924
1
51.6514 122.628 3.15424
1
49.6984 122.667 3.08924
1
47.752 122.832 3.02425
1
45.8205 123.124 2.95925
1
43.912 123.54 2.89425
1
42.0346 124.08 2.82926
1
40.1962 124.74 2.76426
1
38.4045 125.519 2.69926
1
36.6672 126.412 2.63426
1
34.9916 127.416 2.56927
1
33.3847 128.526 2.50427
1
31.8534 129.739 2.43927
1
30.404 131.049 2.37427
1
29.0428 132.45 2.30928
1
27.7755 133.936 2.24428
1
26.6074 135.502 2.17928
1
25.5434 137.14 2.11429
1
24.5881 138.844 2.04929
1
23.7455 140.607 1.98429
1
23.0192 142.42 1.91929
1
22.4121 144.277 1.8543
1
21.9269 146.169 1.7893
1
21.5657 148.088 1.7243
1
21.3299 150.028 1.65931
1
21.2205 151.978 1.59431
1
21.2381 153.931 1.52931
1
21.3825 155.879 1.46431
1
21.6531 157.814 1.39932
1
22.0488 159.727 1.33432
1
22.5679 161.61 1.26932
1
23.2082 163.455 1.20433
1
23.967 165.255 1.13933
1
24.8412 167.002 1.07433
1
25.827 168.689 1.00933
1
26.9202 170.308 0.944337
1
28.1162 171.852 0.879339
1
29.4101 173.316 0.814342
1
30.7963 174.692 0.749345
1
32.2689 175.975 0.684348
1
33.8218 177.16 0.619351
1
35.4484 178.242 0.554353
1
37.1418 179.216 0.489356
1
38.8948 180.077 0.424359
1
40.7002 180.823 0.359362
1
42.5501 181.451 0.294365
1
44.437 181.956 0.229367
1
46.3526 182.338 0.16437
1
48.2891 182.595 0.0993731
1
50.2381 182.726 0.0343759
1
52.1915 182.73 6.25256
1
54.141 182.606 6.18757
1
56.0784 182.357 6.12257
1
57.9955 181.982 6.05757
1
59.8842 181.483 5.99258
1
61.7366 180.863 5.92758
1
63.5447 180.124 5.86258
1
65.301 179.269 5.79758
1
66.998 178.301 5.73259
1
68.6286 177.226 5.66759
1
70.186 176.046 5.60259
1
71.6634 174.769 5.5376
1
73.0547 173.397 5.4726
1
74.3541 171.939 5.4076
1
75.5561 170.399 5.34596
1
76.7127 168.824 5.34596
1
77.8694 167.25 5.34596
1
79.0261 165.675 5.34596
1
80.1828 164.101 5.34596
1
81.3394 162.526 5.34596
1
82.4961 160.952 5.34596
1
83.6528 159.377 5.34596
1
84.8095 157.803 5.34596
1
85.9661 156.228 5.34596
1
87.1228 154.653 5.34596
1
88.2795 153.079 5.34596
1
89.4362 151.504 5.34596
1
90.5928 149.93 5.34596
1
91.7495 148.355 5.34596
1
92.9062 146.781 5.34596
1
94.0629 145.206 5.34596
1
95.2196 143.631 5.34596
1
96.3762 142.057 5.34596
1
97.5329 140.482 5.34596
1
98.6896 138.908 5.34596
1
99.8463 137.333 5.34596
1
101.003 135.759 5.34596
1
102.16 134.184 5.34596
1
103.356 132.64 5.40382
1
102.206 134.219 5.46572
1
100.869 135.644 5.46572
1
99.5329 137.07 5.46572
1
98.1964 138.495 5.46572
1
96.9507 140 5.52762
1
95.6142 141.425 5.58952
1
94.1921 142.764 5.65142
1
92.6898 144.014 5.71333
1
94.2664 142.86 5.77523
1
95.9115 141.806 5.83713
1
97.6185 140.855 5.89903
1
99.3811 140.013 5.96093
1
101.192 139.28 6.02284
1
103.046 138.662 6.08474
1
104.934 138.159 6.14664
1
106.849 137.773 6.20854
1
108.785 137.508 6.27044
1
110.733 137.362 0.0491607
1
112.686 137.337 0.111063
1
114.638 137.433 0.172965
1
116.58 137.649 0.234867
1
118.504 137.986 0.296769
1
120.404 138.44 0.358671
1
122.273 139.012 0.420573
1
124.102 139.698 0.482475
1
125.886 140.495 0.544377
1
127.616 141.402 0.606279
1
129.288 142.414 0.668181
1
130.893 143.527 0.730083
1
129.359 142.316 0.791985
1
127.904 141.013 0.853887
1
126.531 139.623 0.915789
1
125.248 138.15 0.977692
1
124.057 136.6 1.03959
1
122.965 134.98 1.1015
1
121.976 133.296 1.1634
1
121.092 131.553 1.2253
1
120.318 129.76 1.2872
1
119.656 127.921 1.3491
1
119.11 126.046 1.41101
1
118.68 124.14 1.47291
1
118.369 122.211 1.53481
1
118.178 120.266 1.59671
1
118.108 118.314 1.65861
1
118.159 116.361 1.72052
1
118.33 114.415 1.78242
1
118.621 112.483 1.84432
1
119.032 110.572 1.90622
1
119.559 108.691 1.96812
1
120.203 106.846 2.03003
1
120.959 105.045 2.09193
1
122.034 103.414 2.03003
1
123.007 101.72 1.96812
1
123.873 99.9682 1.90622
1
124.629 98.1667 1.84432
1
125.272 96.3218 1.78242
1
125.683 94.4117 1.78242
1
126.093 92.5015 1.78242
1
126.503 90.5913 1.78242
1
126.914 88.6812 1.78242
1
127.441 86.8 1.72052
1
127.852 84.8899 1.65861
1
127.902 82.9368 1.72052
2
67.8058 127.538
0 0 0.964748 -0.263176
3
43.3624 123.821
52.716 107.953
92.2492 131.256
82.8956 147.124
2
66.1227 126.546
0 0 0.964748 -0.263176
3
41.6793 122.829
51.0329 106.961
90.5661 130.264
81.2125 146.132
2
64.4396 125.554
0 0 0.964748 -0.263176
3
39.9962 121.837
49.3498 105.969
88.883 129.271
79.5293 145.14
2
62.7565 124.562
0 0 0.964748 -0.263176
3
38.3131 120.845
47.6667 104.977
87.1999 128.279
77.8462 144.148
2
61.0733 123.57
0 0 0.964748 -0.263176
3
36.63 119.853
45.9836 103.984
85.5167 127.287
76.1631 143.156
2
59.3902 122.578
0 0 0.964748 -0.263176
3
34.9468 118.861
44.3005 102.992
83.8336 126.295
74.48 142.164
2
57.7071 121.586
0 0 0.964748 -0.263176
3
33.2637 117.869
42.6173 102
82.1505 125.303
72.7969 141.171
2
56.024 120.594
0 0 0.964748 -0.263176
3
31.5806 116.877
40.9342 101.008
80.4674 124.311
71.1138 140.179
2
54.3409 119.602
0 0 0.964748 -0.263176
3
29.8975 115.884
39.2511 100.016
78.7843 123.319
69.4307 139.187
2
52.1856 119.472
0 0 0.97279 -0.23169
3
27.5524 117.35
35.8556 100.908
76.8188 121.594
68.5156 138.036
2
50.0265 119.483
0 0 0.979804 -0.199959
3
25.3075 118.966
32.5252 102.019
74.7455 120
67.5278 136.947
2
47.8726 119.634
0 0 0.985784 -0.168016
3
23.1722 120.723
29.2739 103.343
72.573 118.544
66.4713 135.924
2
45.7331 119.924
0 0 0.990723 -0.135897
3
21.1556 122.616
26.1156 104.876
70.3106 117.233
65.3506 134.973
2
43.617 120.353
0 0 0.994616 -0.103633
3
19.2662 124.635
23.0635 106.611
67.9678 116.071
64.1705 134.096
2
41.5332 120.919
0 0 0.997458 -0.071261
3
17.5119 126.773
20.1305 108.54
65.5544 115.064
62.9358 133.297
2
39.4905 121.618
0 0 0.999246 -0.0388131
3
15.9002 129.021
17.329 110.656
63.0807 114.216
61.6519 132.58
2
37.4975 122.449
0 0 0.99998 -0.00632417
3
14.4379 131.368
14.6709 112.949
60.5572 113.53
60.3242 131.948
2
35.5628 123.407
0 0 0.999657 0.0261714
3
13.1311 133.805
12.1673 115.411
57.9944 113.009
58.9583 131.404
2
33.6944 124.49
0 0 0.998279 0.0586393
3
11.9854 136.323
9.82887 118.029
55.4033 112.657
57.5598 130.95
2
31.9002 125.691
0 0 0.995847 0.0910453
3
11.0056 138.909
7.66546 120.794
52.7947 112.473
56.1349 130.587
2
30.1878 127.006
0 0 0.992363 0.123355
3
10.1959 141.553
5.68621 123.694
50.1796 112.459
54.6893 130.318
2
28.5644 128.43
0 0 0.98783 0.155535
3
9.55963 144.245
3.89946 126.716
47.5692 112.614
53.2294 130.143
2
27.037 129.956
0 0 0.982255 0.18755
3
9.09952 146.972
2.31278 129.847
44.9744 112.94
51.7612 130.064
2
25.6119 131.578
0 0 0.975642 0.219367
3
8.8175 149.723
0.932853 133.076
42.4062 113.432
50.2909 130.08
2
24.2951 133.289
0 0 0.967999 0.250953
3
8.71477 152.486
-0.234486 136.387
39.8755 114.091
48.8247 130.191
2
23.0923 135.082
0 0 0.959334 0.282274
3
8.79176 155.251
-1.18431 139.766
37.3928 114.913
47.3689 130.397
2
22.0085 136.949
0 0 0.949656 0.313296
3
9.04815 158.005
-1.9126 143.201
34.9688 115.894
45.9295 130.698
2
21.0482 138.883
0 0 0.938974 0.343988
3
9.48286 160.736
-2.4163 146.675
32.6136 117.031
44.5128 131.091
2
20.2156 140.875
0 0 0.927301 0.374316
3
10.094 163.433
-2.69326 150.175
30.3372 118.318
43.1245 131.576
2
19.5142 142.917
0 0 0.914649 0.404249
3
10.8791 166.085
-2.74232 153.685
28.1492 119.75
41.7707 132.15
2
18.9468 145.001
0 0 0.901031 0.433755
3
11.8348 168.68
-2.56328 157.191
26.0589 121.321
40.457 132.81
2
18.516 147.116
0 0 0.886461 0.462803
3
12.957 171.208
-2.15688 160.678
24.0751 123.025
39.1889 133.554
2
18.2235 149.256
0 0 0.870955 0.491362
3
14.241 173.657
-1.52485 164.132
22.2061 124.854
37.9719 134.38
2
18.0706 151.409
0 0 0.85453 0.519403
3
15.6814 176.018
-0.669857 167.537
20.4598 126.801
36.8111 135.282
2
18.0579 153.569
0 0 0.837201 0.546895
3
17.2721 178.28
0.404491 170.879
18.8437 128.857
35.7113 136.258
2
18.1854 155.724
0 0 0.818989 0.573809
3
19.0064 180.435
1.69366 174.145
17.3645 131.013
34.6772 137.303
2
18.4527 157.867
0 0 0.799912 0.600117
3
20.8769 182.472
3.1922 177.319
16.0285 133.261
33.7132 138.414
2
18.8586 159.987
0 0 0.77999 0.625792
3
22.8758 184.383
4.89379 180.39
14.8413 135.591
32.8234 139.584
2
19.4013 162.077
0 0 0.759244 0.650806
3
24.9946 186.16
6.79123 183.344
13.808 137.994
32.0114 140.81
2
20.0787 164.127
0 0 0.737697 0.675132
3
27.2244 187.796
8.87652 186.168
12.9329 140.458
31.2808 142.086
2
20.8877 166.129
0 0 0.715371 0.698745
3
29.5558 189.284
11.1409 188.851
12.2197 142.974
30.6346 143.407
2
21.8251 168.074
0 0 0.692289 0.721621
3
31.9788 190.617
13.5747 191.381
11.6715 145.531
30.0756 144.767
2
22.8869 169.954
0 0 0.668475 0.743734
3
34.4833 191.79
16.1677 193.748
11.2904 148.118
29.6061 146.16
2
24.0685 171.761
0 0 0.643956 0.765062
3
37.0588 192.798
18.9089 195.941
11.0782 150.724
29.2281 147.581
2
25.365 173.488
0 0 0.618757 0.785582
3
39.6942 193.637
21.7868 197.952
11.0358 153.339
28.9431 149.024
2
26.7709 175.127
0 0 0.592905 0.805273
3
42.3785 194.302
24.7893 199.771
11.1633 155.951
28.7525 150.482
2
28.2803 176.671
0 0 0.566426 0.824113
3
45.1004 194.792
27.9036 201.392
11.4601 158.549
28.657 151.949
2
29.8867 178.113
0 0 0.539349 0.842082
3
47.8484 195.104
31.1165 202.807
11.9251 161.123
28.657 153.419
2
31.5835 179.448
0 0 0.511703 0.859163
3
50.6108 195.236
34.4146 204.01
12.5562 163.66
28.7524 154.887
2
33.3634 180.671
0 0 0.483516 0.875336
3
53.376 195.189
37.7839 204.997
13.3509 166.152
28.943 156.345
2
35.219 181.775
0 0 0.454818 0.890584
3
56.1323 194.963
41.2101 205.762
14.3057 168.586
29.2279 157.787
2
37.1423 182.756
0 0 0.425641 0.904892
3
58.8681 194.558
44.6788 206.304
15.4166 170.954
29.6058 159.208
2
39.1253 183.61
0 0 0.396013 0.918245
3
61.5718 193.976
48.1754 206.619
16.6789 173.244
30.0753 160.602
2
41.1596 184.334
0 0 0.365968 0.930628
3
64.2319 193.22
51.685 206.706
18.0873 175.447
30.6343 161.961
2
43.2366 184.924
0 0 0.335536 0.942027
3
66.8374 192.292
55.1929 206.565
19.6359 177.555
31.2804 163.282
2
45.3476 185.377
0 0 0.304749 0.952433
3
69.3771 191.198
58.6842 206.196
21.318 179.557
32.0109 164.558
2
47.4835 185.693
0 0 0.273641 0.961832
3
71.8404 189.94
62.1442 205.602
23.1266 181.446
32.8228 165.784
2
49.6355 185.869
0 0 0.242244 0.970215
3
74.2168 188.526
65.5583 204.784
25.0542 183.213
33.7126 166.955
2
51.7943 185.906
0 0 0.210591 0.977574
3
76.4963 186.96
68.9121 203.746
27.0924 184.851
34.6766 168.065
2
53.951 185.801
0 0 0.178716 0.983901
3
78.6692 185.249
72.1913 202.492
29.2327 186.354
35.7106 169.111
2
56.0963 185.557
0 0 0.146652 0.989188
3
80.7265 183.401
75.3822 201.028
31.4661 187.714
36.8103 170.087
2
58.2212 185.175
0 0 0.114433 0.993431
3
82.6593 181.423
78.4713 199.36
33.7832 188.927
37.9712 170.989
2
60.3168 184.655
0 0 0.0820926 0.996625
3
84.4596 179.323
81.4455 197.495
36.1741 189.986
39.1882 171.814
2
62.3742 184
0 0 0.0496661 0.998766
3
86.1198 177.111
84.2923 195.441
38.6287 190.888
40.4562 172.559
2
64.3848 183.212
0 0 0.0171871 0.999852
3
87.6327 174.796
86.9997 193.205
41.1368 191.628
41.7699 173.219
2
66.3399 182.296
0 0 0.0153101 -0.999883
3
88.9922 172.388
89.5561 190.799
43.6876 192.204
43.1237 173.793
2
68.2314 181.255
0 0 0.0477911 -0.998857
3
90.1923 169.896
91.9509 188.232
46.2705 192.613
44.5119 174.278
2
70.0512 180.093
0 0 0.0802216 -0.996777
3
91.228 167.332
94.1738 185.515
48.8745 192.854
45.9287 174.671
2
71.7918 178.815
0 0 0.112567 -0.993644
3
92.095 164.706
96.2156 182.659
51.4886 192.925
47.368 174.972
2
73.4457 177.427
0 0 0.144794 -0.989462
3
92.7896 162.029
98.0676 179.677
54.1018 192.826
48.8238 175.178
2
75.006 175.935
0 0 0.176868 -0.984235
3
93.3088 159.312
99.722 176.58
56.703 192.557
50.2899 175.29
2
76.466 174.344
0 0 0.208756 -0.977968
3
93.6506 156.568
101.172 173.383
59.2814 192.12
51.7602 175.306
2
77.8196 172.662
0 0 0.240422 -0.970668
3
93.8133 153.807
102.411 170.098
61.8258 191.517
53.2285 175.226
2
79.0611 170.895
0 0 0.271835 -0.962344
3
93.7964 151.042
103.434 166.739
64.3257 190.749
54.6884 175.051
2
80.1852 169.052
0 0 0.302961 -0.953003
3
93.5999 148.283
104.236 163.322
66.7705 189.821
56.134 174.782
2
81.1872 167.139
0 0 0.333767 -0.942656
3
93.2247 145.543
104.816 159.859
69.1498 188.736
57.559 174.42
2
82.0629 165.166
0 0 0.36422 -0.931313
3
92.6722 142.833
105.168 156.366
71.4536 187.498
58.9574 173.965
2
82.8086 163.139
0 0 0.394289 -0.918987
3
91.9449 140.165
105.294 152.858
73.6722 186.114
60.3234 173.421
2
83.421 161.069
0 0 0.423941 -0.90569
3
91.0459 137.55
105.191 149.349
75.7962 184.588
61.6511 172.789
2
83.9362 158.991
0 0 0.451648 -0.892196
3
90.0978 135.047
104.943 145.952
77.7746 182.936
62.9296 172.03
2
85.0929 157.417
0 0 0.451648 -0.892196
3
91.2545 133.472
106.099 144.378
78.9313 181.361
64.0863 170.456
2
86.2496 155.842
0 0 0.451648 -0.892196
3
92.4112 131.898
107.256 142.803
80.088 179.786
65.243 168.881
2
87.4062 154.268
0 0 0.451648 -0.892196
3
93.5678 130.323
108.413 141.228
81.2447 178.212
66.3997 167.307
2
88.5629 152.693
0 0 0.451648 -0.892196
3
94.7245 128.749
109.57 139.654
82.4013 176.637
67.5563 165.732
2
89.7196 151.118
0 0 0.451648 -0.892196
3
95.8812 127.174
110.726 138.079
83.558 175.063
68.713 164.158
2
90.8763 149.544
0 0 0.451648 -0.892196
3
97.0379 125.6
111.883 136.505
84.7147 173.488
69.8697 162.583
2
92.033 147.969
0 0 0.451648 -0.892196
3
98.1946 124.025
113.04 134.93
85.8714 171.914
71.0264 161.009
2
93.1896 146.395
0 0 0.451648 -0.892196
3
99.3512 122.45
114.196 133.356
87.028 170.339
72.183 159.434
2
94.3463 144.82
0 0 0.451648 -0.892196
3
100.508 120.876
115.353 131.781
88.1847 168.765
73.3397 157.859
2
95.503 143.246
0 0 0.451648 -0.892196
3
101.665 119.301
116.51 130.206
89.3414 167.19
74.4964 156.285
2
96.6597 141.671
0 0 0.451648 -0.892196
3
102.821 117.727
117.666 128.632
90.4981 165.615
75.6531 154.71
2
97.8163 140.097
0 0 0.451648 -0.892196
3
103.978 116.152
118.823 127.057
91.6547 164.041
76.8097 153.136
2
98.973 138.522
0 0 0.451648 -0.892196
3
105.135 114.578
119.98 125.483
92.8114 162.466
77.9664 151.561
2
100.13 136.947
0 0 0.451648 -0.892196
3
106.291 113.003
121.136 123.908
93.9681 160.892
79.1231 149.987
2
101.286 135.373
0 0 0.451648 -0.892196
3
107.448 111.429
122.293 122.334
95.1248 159.317
80.2798 148.412
2
102.443 133.798
0 0 0.451648 -0.892196
3
108.605 109.854
123.45 120.759
96.2814 157.743
81.4364 146.837
2
103.6 132.224
0 0 0.451648 -0.892196
3
109.761 108.279
124.606 119.185
97.4381 156.168
82.5931 145.263
2
104.756 130.649
0 0 0.451648 -0.892196
3
110.918 106.705
125.763 117.61
98.5948 154.594
83.7498 143.688
2
105.913 129.075
0 0 0.451648 -0.892196
3
112.075 105.13
126.92 116.035
99.7515 153.019
84.9065 142.114
2
107.07 127.5
0 0 0.451648 -0.892196
3
113.231 103.556
128.076 114.461
100.908 151.444
86.0632 140.539
2
108.226 125.925
0 0 0.451648 -0.892196
3
114.388 101.981
129.233 112.886
102.065 149.87
87.2198 138.965
2
109.383 124.351
0 0 0.451648 -0.892196
3
115.545 100.407
130.39 111.312
103.222 148.295
88.3765 137.39
2
110.54 122.776
0 0 0.451648 -0.892196
3
116.701 98.832
131.546 109.737
104.378 146.721
89.5332 135.816
2
112.382 121.736
0 0 0.425654 -0.904886
3
119.918 98.188
134.107 109.933
104.846 145.284
90.6566 133.539
2
111.889 123.894
0 0 0.397448 -0.917625
3
120.867 100.858
134.303 113.458
102.911 146.931
89.475 134.331
2
110.552 125.32
0 0 0.397448 -0.917625
3
119.531 102.283
132.966 114.883
101.574 148.356
88.1385 135.756
2
109.216 126.745
0 0 0.397448 -0.917625
3
118.194 103.708
131.63 116.308
100.238 149.781
86.802 137.181
2
107.879 128.17
0 0 0.397448 -0.917625
3
116.858 105.133
130.293 117.734
98.9014 151.206
85.4655 138.606
2
107.254 130.294
0 0 0.368861 -0.929485
3
117.64 107.856
130.27 121.264
96.8679 152.731
84.2373 139.323
2
106.498 132.375
0 0 0.33992 -0.940454
3
118.252 110.623
130.029 124.786
94.7439 154.126
82.967 139.963
2
105.615 134.405
0 0 0.310654 -0.950523
3
118.692 113.422
129.57 128.287
92.5378 155.388
81.6595 140.523
2
104.608 136.377
0 0 0.28109 -0.959681
3
118.958 116.243
128.896 131.752
90.2577 156.511
80.3199 141.001
2
106.634 135.975
0 0 0.251257 -0.96792
3
122.203 116.767
131.162 132.862
91.066 155.182
82.1066 139.088
2
108.681 135.699
0 0 0.221183 -0.975232
3
125.408 117.492
133.355 134.109
91.9548 153.907
84.0082 137.289
2
110.742 135.55
0 0 0.190898 -0.98161
3
128.563 118.413
135.466 135.49
92.9209 152.688
86.0175 135.611
2
112.807 135.53
0 0 0.16043 -0.987047
3
131.655 119.527
137.488 136.999
93.9604 151.532
88.1268 134.06
2
114.87 135.637
0 0 0.129807 -0.991539
3
134.671 120.83
139.413 138.63
95.0695 150.443
90.3279 132.643
2
116.923 135.871
0 0 0.099061 -0.995081
3
137.602 122.318
141.233 140.377
96.2439 149.424
92.6124 131.365
2
118.957 136.232
0 0 0.0682197 -0.99767
3
140.435 123.984
142.942 142.233
97.4791 148.479
94.9717 130.231
2
120.965 136.718
0 0 0.0373131 -0.999304
3
143.159 125.822
144.532 144.191
98.7703 147.613
97.3966 129.245
2
122.938 137.327
0 0 0.00637065 -0.99998
3
145.764 127.826
145.999 146.244
100.113 146.829
99.8779 128.41
2
124.871 138.057
0 0 0.0245779 0.999698
3
148.241 129.986
147.335 148.384
101.501 146.129
102.406 127.731
2
126.754 138.906
0 0 0.0555028 0.998459
3
150.579 132.296
148.537 150.602
102.93 145.516
104.971 127.209
2
128.582 139.869
0 0 0.0863746 0.996263
3
152.769 134.745
149.599 152.891
104.394 144.993
107.564 126.848
2
130.346 140.944
0 0 0.117164 0.993113
3
154.804 137.326
150.518 155.24
105.888 144.561
110.174 126.647
2
132.04 142.125
0 0 0.147841 0.989011
3
156.676 140.028
151.289 157.642
107.405 144.223
112.792 126.608
2
133.658 143.409
0 0 0.178376 0.983962
3
158.376 142.84
151.91 160.088
108.941 143.979
115.407 126.731
2
135.194 144.791
0 0 0.20874 0.977971
3
159.9 145.752
152.379 162.566
110.488 143.83
118.009 127.015
2
136.641 146.265
0 0 0.238905 0.971043
3
161.24 148.752
152.694 165.07
112.042 143.778
120.589 127.461
2
137.994 147.826
0 0 0.26884 0.963185
3
162.392 151.83
152.853 167.587
113.596 143.822
123.136 128.064
2
139.248 149.467
0 0 0.298518 0.954404
3
163.352 154.973
152.856 170.11
115.145 143.962
125.641 128.825
2
140.399 151.183
0 0 0.32791 0.944709
3
164.115 158.17
152.703 172.629
116.682 144.197
128.094 129.738
2
141.44 152.967
0 0 0.356988 0.934109
3
164.679 161.407
152.395 175.133
118.201 144.527
130.486 130.802
2
139.302 152.391
0 0 0.385724 0.922614
3
161.975 162.253
148.865 175.192
116.63 142.529
129.74 129.591
2
137.204 151.684
0 0 0.414091 0.910236
3
159.223 162.929
145.338 175.032
115.185 140.439
129.071 128.336
2
135.154 150.848
0 0 0.442061 0.896985
3
156.435 163.434
141.827 174.655
113.873 138.262
128.481 127.041
2
133.159 149.887
0 0 0.469607 0.882875
3
153.621 163.766
138.347 174.061
112.698 136.009
127.972 125.713
2
131.228 148.805
0 0 0.496704 0.86792
3
150.792 163.923
134.91 173.254
111.664 133.687
127.546 124.356
2
129.367 147.605
0 0 0.523325 0.852133
3
147.959 163.904
131.53 172.235
110.776 131.306
127.204 122.975
2
127.584 146.292
0 0 0.549444 0.83553
3
145.132 163.71
128.219 171.009
110.037 128.875
126.949 121.576
2
125.886 144.872
0 0 0.575037 0.818127
3
142.322 163.342
124.991 169.58
109.449 126.402
126.781 120.164
2
124.279 143.349
0 0 0.60008 0.79994
3
139.541 162.801
121.857 167.955
109.016 123.898
126.701 118.744
2
122.769 141.73
0 0 0.624547 0.780987
3
136.799 162.088
118.829 166.138
108.739 121.371
126.708 117.321
2
121.362 140.02
0 0 0.648417 0.761286
3
134.105 161.207
115.92 164.138
108.618 118.833
126.804 115.902
2
120.063 138.227
0 0 0.671665 0.740855
3
131.472 160.162
113.14 161.962
108.655 116.292
126.987 114.492
2
118.878 136.357
0 0 0.69427 0.719715
3
128.908 158.955
110.5 159.618
108.849 113.758
127.257 113.095
2
117.811 134.417
0 0 0.71621 0.697885
3
126.424 157.593
108.01 157.115
109.199 111.241
127.613 111.718
2
116.866 132.414
0 0 0.737464 0.675387
3
124.029 156.079
105.68 154.463
109.704 108.75
128.053 110.365
2
116.047 130.357
0 0 0.758011 0.652242
3
121.732 154.419
103.518 151.672
110.363 106.295
128.577 109.043
2
115.357 128.254
0 0 0.777832 0.628472
3
119.542 152.621
101.533 148.752
111.172 103.886
129.181 107.755
2
114.798 126.111
0 0 0.796908 0.6041
3
117.467 150.691
99.7321 145.716
112.128 101.532
129.863 106.507
2
114.372 123.939
0 0 0.815221 0.57915
3
115.516 148.637
98.1228 142.573
113.228 99.2407
130.622 105.304
2
114.082 121.744
0 0 0.832753 0.553644
3
113.696 146.465
96.7109 139.337
114.468 97.0223
131.453 104.15
2
113.928 119.535
0 0 0.849488 0.527609
3
112.014 144.185
95.5019 136.02
115.843 94.8848
132.355 103.05
2
113.911 117.321
0 0 0.865408 0.501068
3
110.475 141.805
94.5005 132.635
117.347 92.8365
133.322 102.007
2
115.76 116.102
0 0 0.849488 0.527609
3
113.845 140.753
97.3336 132.588
117.675 91.4523
134.186 99.6171
2
117.53 114.772
0 0 0.832753 0.553644
3
117.143 139.493
100.158 132.366
117.916 90.0505
134.901 97.1782
2
119.214 113.334
0 0 0.815221 0.57915
3
120.357 138.032
102.964 131.969
118.07 88.6364
135.463 94.6998
2
120.805 111.795
0 0 0.796908 0.6041
3
123.475 136.375
105.74 131.4
118.136 87.2156
135.871 92.1913
2
122.299 110.161
0 0 0.777832 0.628472
3
126.484 134.529
108.475 130.66
118.114 85.7934
136.123 89.6624
2
122.709 108.251
0 0 0.777832 0.628472
3
126.894 132.619
108.885 128.749
118.524 83.8832
136.533 87.7523
2
123.12 106.341
0 0 0.777832 0.628472
3
127.305 130.708
109.296 126.839
118.935 81.9731
136.944 85.8421
2
123.53 104.431
0 0 0.777832 0.628472
3
127.715 128.798
109.706 124.929
119.345 80.0629
137.354 83.9319
2
123.94 102.52
0 0 0.777832 0.628472
3
128.125 126.888
110.116 123.019
119.755 78.1527
137.764 82.0218
2
125.33 100.797
0 0 0.758011 0.652242
3
131.014 124.859
112.801 122.111
119.646 76.7346
137.859 79.4821
2
126.61 98.9903
0 0 0.737464 0.675387
3
133.772 122.655
115.423 121.039
119.448 75.326
137.797 76.9415
2
125.791 96.9334
0 0 0.758011 0.652242
3
131.475 120.996
113.262 118.248
120.107 72.8713
138.32 75.6189
