0
80 80
0
81 81
0
82 82
0
83 83
0
84 84
0
85 85
0
86 86
0
87 87
0
88 88
0
89 89
0
90 90
0
91 91
0
92 92
0
93 93
0
94 94
0
95 95
0
96 96
0
97 97
0
98 98
0
99 99
0
100 100
0
101 101
0
102 102
0
103 103
0
103 104
0
103 105
0
103 106
0
103 107
0
103 108
0
103 109
0
103 110
0
103 111
0
104 112
0
105 113
0
106 114
0
107 115
0
108 116
0
109 117
0
110 118
0
111 119
0
112 120
0
113 121
0
114 122
0
115 123
0
116 124
0
117 125
0
118 126
0
119 127
0
120 128
0
121 129
0
122 130
0
123 131
0
124 132
0
125 133
0
126 134
0
127 135
0
128 136
0
129 137
0
130 138
0
131 139
0
132 140
0
133 141
0
134 142
0
134 143
0
135 144
0
136 145
0
137 146
0
137 147
0
138 148
0
138 149
0
138 150
0
138 151
0
139 152
0
138 153
0
138 154
0
138 155
0
138 156
0
137 157
0
137 158
0
136 159
0
136 160
0
135 161
0
134 162
0
133 163
0
132 164
0
131 165
0
130 166
0
129 167
0
128 168
0
127 169
0
126 170
0
126 171
0
125 172
0
124 173
0
123 174
0
122 175
0
121 176
0
120 177
0
119 178
0
118 179
0
117 180
0
116 181
0
115 182
0
115 183
0
114 184
0
114 185
0
113 186
0
113 187
0
113 188
0
112 189
1
80 80 0.710173
1
81.4814 81.2738 0.710173
1
82.9629 82.5475 0.710173
1
84.4443 83.8213 0.710173
1
86.0017 85.001 0.772075
1
87.4831 86.2748 0.833977
1
88.8829 87.6378 0.895879
1
90.007 89.2358 0.833977
1
91.2277 90.7612 0.772075
1
92.7092 92.035 0.833977
1
94.109 93.3979 0.895879
1
95.233 94.9959 0.833977
1
96.5458 96.4429 0.833977
1
97.8586 97.8899 0.833977
1
99.1714 99.3369 0.833977
1
100.484 100.784 0.833977
1
101.797 102.231 0.833977
1
103.11 103.678 0.833977
1
104.423 105.125 0.833977
1
105.735 106.572 0.833977
1
107.048 108.019 0.833977
1
108.361 109.466 0.833977
1
109.674 110.913 0.833977
1
111.074 112.276 0.895879
1
112.198 113.874 0.833977
1
113.418 115.399 0.772075
1
114.731 116.846 0.710173
1
116.131 118.209 0.648271
1
117.758 119.29 0.710173
1
119.316 120.47 0.772075
1
120.797 121.743 0.833977
1
122.197 123.106 0.895879
1
123.321 124.704 0.833977
1
124.542 126.23 0.772075
1
126.023 127.504 0.833977
1
127.423 128.867 0.895879
1
128.547 130.465 0.833977
1
129.768 131.99 0.772075
1
131.081 133.437 0.710173
1
132.48 134.8 0.648271
1
133.962 136.074 0.586369
1
135.519 137.253 0.524467
1
137.147 138.335 0.462565
1
138.838 139.313 0.400662
1
140.586 140.185 0.33876
1
142.385 140.947 0.276858
1
144.228 141.596 0.214956
1
146.107 142.13 0.153054
1
148.016 142.547 0.0911521
1
149.947 142.845 0.02925
1
151.893 143.023 6.25053
1
153.846 143.08 6.18863
1
155.798 143.016 6.12673
1
157.743 142.831 6.06483
1
159.673 142.527 6.00292
1
161.581 142.104 5.94102
1
159.703 142.644 5.87912
1
157.863 143.3 5.81722
1
156.066 144.068 5.75532
1
154.378 145.052 5.75532
1
152.691 146.036 5.75532
1
150.945 146.914 5.69341
1
149.257 147.898 5.63151
1
147.634 148.985 5.56961
1
146.08 150.169 5.50771
1
144.603 151.448 5.44581
1
143.208 152.816 5.3839
1
141.9 154.267 5.322
1
140.685 155.797 5.2601
1
139.566 157.399 5.1982
1
138.762 159.18 5.2601
1
137.85 160.907 5.322
1
136.833 162.575 5.3839
1
135.714 164.177 5.44581
1
134.406 165.629 5.44581
1
133.098 167.08 5.44581
1
131.79 168.531 5.44581
1
130.483 169.983 5.44581
1
129.175 171.434 5.44581
1
127.867 172.886 5.44581
1
126.559 174.337 5.44581
1
125.251 175.788 5.44581
1
123.943 177.24 5.44581
1
122.635 178.691 5.44581
1
121.328 180.143 5.44581
1
120.112 181.672 5.50771
1
118.717 183.04 5.50771
1
117.322 184.408 5.50771
1
115.845 185.687 5.44581
1
114.537 187.138 5.44581
2
90.733 89.2286
0 0 0.347671 0.937616
3
114.136 97.2044
102.126 111.171
67.3304 81.2527
79.3396 67.2858
2
92.2144 90.5023
0 0 0.347671 0.937616
3
115.617 98.4782
103.608 112.445
68.8118 82.5265
80.821 68.5595
2
93.6959 91.7761
0 0 0.347671 0.937616
3
117.099 99.752
105.089 113.719
70.2933 83.8003
82.3024 69.8333
2
95.1773 93.0499
0 0 0.347671 0.937616
3
118.58 101.026
106.571 114.993
71.7747 85.074
83.7839 71.1071
2
96.1432 94.8759
0 0 0.37652 0.926408
3
119.008 104.284
106.157 117.481
73.2788 85.4675
86.1291 72.2703
2
96.9944 96.7581
0 0 0.405009 0.914313
3
119.233 107.563
105.591 119.94
74.7558 85.9534
88.3978 73.5763
2
97.7274 98.6894
0 0 0.433109 0.901341
3
119.255 110.849
104.873 122.359
76.1998 86.5296
90.5814 75.0202
2
99.5182 99.7191
0 0 0.405009 0.914313
3
121.757 110.524
108.115 122.901
77.2796 88.9144
90.9217 76.5373
2
101.369 100.636
0 0 0.37652 0.926408
3
124.234 110.044
111.383 123.242
78.5049 91.2277
91.3551 78.0304
2
102.22 102.518
0 0 0.405009 0.914313
3
124.459 113.323
110.817 125.7
79.9818 91.7135
93.6239 79.3365
2
102.953 104.45
0 0 0.433109 0.901341
3
124.481 116.609
110.099 128.119
81.4259 92.2898
95.8075 80.7804
2
104.744 105.479
0 0 0.405009 0.914313
3
126.983 116.284
113.341 128.661
82.5057 94.6745
96.1477 82.2975
2
106.057 106.926
0 0 0.405009 0.914313
3
128.296 117.731
114.654 130.108
83.8185 96.1215
97.4605 83.7444
2
107.37 108.373
0 0 0.405009 0.914313
3
129.608 119.178
115.966 131.555
85.1313 97.5685
98.7733 85.1914
2
108.683 109.82
0 0 0.405009 0.914313
3
130.921 120.625
117.279 133.002
86.4441 99.0154
100.086 86.6384
2
109.995 111.267
0 0 0.405009 0.914313
3
132.234 122.072
118.592 134.449
87.7569 100.462
101.399 88.0853
2
111.308 112.714
0 0 0.405009 0.914313
3
133.547 123.519
119.905 135.896
89.0697 101.909
102.712 89.5323
2
112.621 114.161
0 0 0.405009 0.914313
3
134.86 124.966
121.218 137.343
90.3825 103.356
104.024 90.9793
2
113.934 115.608
0 0 0.405009 0.914313
3
136.172 126.413
122.53 138.79
91.6953 104.803
105.337 92.4262
2
115.247 117.055
0 0 0.405009 0.914313
3
137.485 127.86
123.843 140.237
93.0081 106.25
106.65 93.8732
2
116.559 118.502
0 0 0.405009 0.914313
3
138.798 129.307
125.156 141.684
94.3209 107.697
107.963 95.3202
2
117.872 119.949
0 0 0.405009 0.914313
3
140.111 130.754
126.469 143.131
95.6337 109.144
109.276 96.7671
2
119.185 121.396
0 0 0.405009 0.914313
3
141.424 132.201
127.782 144.578
96.9465 110.591
110.588 98.2141
2
119.918 123.327
0 0 0.433109 0.901341
3
141.446 135.487
127.064 146.996
98.3905 111.167
112.772 99.658
2
121.709 124.357
0 0 0.405009 0.914313
3
143.947 135.162
130.305 147.539
99.4703 113.552
113.112 101.175
2
123.56 125.274
0 0 0.37652 0.926408
3
146.424 134.682
133.574 147.879
100.696 115.866
113.546 102.668
2
125.464 126.075
0 0 0.347671 0.937616
3
148.867 134.05
136.858 148.017
102.062 118.099
114.071 104.132
2
127.414 126.756
0 0 0.318489 0.947926
3
151.266 133.269
140.143 147.952
103.563 120.243
114.685 105.56
2
128.491 128.519
0 0 0.347671 0.937616
3
151.894 136.494
139.885 150.461
105.089 120.543
117.098 106.576
2
129.457 130.345
0 0 0.37652 0.926408
3
152.322 139.753
139.471 152.95
106.593 120.936
119.443 107.739
2
130.308 132.227
0 0 0.405009 0.914313
3
152.547 143.032
138.905 155.409
108.07 121.422
121.712 109.045
2
131.042 134.158
0 0 0.433109 0.901341
3
152.569 146.318
138.188 157.827
109.514 121.998
123.895 110.489
2
132.832 135.188
0 0 0.405009 0.914313
3
155.071 145.993
141.429 158.37
110.594 124.383
124.236 112.006
2
134.683 136.105
0 0 0.37652 0.926408
3
157.548 145.513
144.698 158.71
111.819 126.696
124.669 113.499
2
135.535 137.987
0 0 0.405009 0.914313
3
157.773 148.792
144.131 161.169
113.296 127.182
126.938 114.805
2
136.268 139.918
0 0 0.433109 0.901341
3
157.795 152.078
143.414 163.588
114.74 127.758
129.122 116.249
2
138.058 140.948
0 0 0.405009 0.914313
3
160.297 151.753
146.655 164.13
115.82 130.143
129.462 117.766
2
139.909 141.865
0 0 0.37652 0.926408
3
162.774 151.273
149.924 164.471
117.045 132.457
129.895 119.259
2
141.814 142.666
0 0 0.347671 0.937616
3
165.216 150.641
153.207 164.608
118.411 134.69
130.42 120.723
2
143.764 143.347
0 0 0.318489 0.947926
3
167.615 149.86
156.493 164.543
119.913 136.834
131.035 122.151
2
145.752 143.906
0 0 0.289002 0.957328
3
169.961 148.931
159.768 164.274
121.544 138.881
131.736 123.538
2
147.772 144.342
0 0 0.259238 0.965813
3
172.245 147.859
163.021 163.803
123.299 140.824
132.523 124.88
2
149.814 144.651
0 0 0.229226 0.973373
3
174.458 146.648
166.238 163.132
125.171 142.654
133.39 126.17
2
151.872 144.834
0 0 0.198994 0.980001
3
176.592 145.302
169.407 162.264
127.152 144.365
134.336 127.404
2
153.937 144.889
0 0 0.168571 0.985689
3
178.638 143.827
172.517 161.2
129.235 145.95
135.356 128.577
2
156.001 144.816
0 0 0.137987 0.990434
3
180.59 142.228
175.555 159.947
131.413 147.403
136.447 129.685
2
158.057 144.615
0 0 0.107271 0.99423
3
182.439 140.512
178.51 158.508
133.676 148.719
137.605 130.723
2
160.097 144.288
0 0 0.0764524 0.997073
3
184.178 138.684
181.37 156.889
136.016 149.892
138.824 131.688
2
162.112 143.835
0 0 0.0455603 0.998962
3
185.8 136.752
184.124 155.096
138.424 150.918
140.101 132.575
2
164.096 143.259
0 0 0.0146245 0.999893
3
187.301 134.724
186.762 153.136
140.891 151.794
141.43 133.382
2
166.04 142.56
0 0 0.0163254 -0.999867
3
188.672 132.606
189.274 151.016
143.408 152.515
142.807 134.104
2
167.937 141.743
0 0 0.0472595 -0.998883
3
189.91 130.408
191.649 148.746
145.964 153.078
144.225 134.741
2
169.78 140.81
0 0 0.0781484 -0.996942
3
191.01 128.138
193.88 146.333
148.551 153.483
145.681 135.288
2
171.562 139.765
0 0 0.108962 -0.994046
3
191.967 125.803
195.958 143.786
151.157 153.727
147.167 135.744
2
173.276 138.612
0 0 0.139672 -0.990198
3
192.778 123.414
197.873 141.116
153.774 153.809
148.679 136.108
2
174.915 137.354
0 0 0.170248 -0.985401
3
193.44 120.98
199.62 138.332
156.39 153.729
150.21 136.377
2
172.718 137.079
0 0 0.200661 -0.979661
3
190.194 119.59
197.436 136.526
155.242 154.568
148 137.632
2
170.508 136.94
0 0 0.230881 -0.972982
3
186.869 118.403
195.145 134.859
154.148 155.477
145.872 139.021
2
168.294 136.938
0 0 0.260881 -0.965371
3
183.477 117.424
192.755 133.337
153.112 156.452
143.834 140.539
2
166.607 137.922
0 0 0.260881 -0.965371
3
181.789 118.409
191.067 134.321
151.424 157.436
142.146 141.523
2
164.919 138.906
0 0 0.260881 -0.965371
3
180.102 119.393
189.38 135.305
149.736 158.42
140.458 142.507
2
162.709 139.041
0 0 0.29063 -0.956835
3
176.655 118.626
186.9 133.934
148.762 159.457
138.518 144.148
2
160.512 139.313
0 0 0.320101 -0.947383
3
173.168 118.074
184.34 132.719
147.855 160.552
136.683 145.907
2
158.335 139.719
0 0 0.349266 -0.937024
3
169.654 117.738
181.711 131.664
147.016 161.701
134.96 147.775
2
156.188 140.26
0 0 0.378096 -0.925767
3
166.125 117.621
179.02 130.774
146.251 162.9
133.356 149.746
2
154.079 140.933
0 0 0.406563 -0.913623
3
162.596 117.722
176.28 130.052
145.561 164.144
131.877 151.813
2
152.015 141.734
0 0 0.434642 -0.900603
3
159.08 118.041
173.501 129.501
144.949 165.428
130.529 153.967
2
150.005 142.662
0 0 0.462304 -0.886722
3
155.591 118.577
170.693 129.124
144.418 166.747
129.316 156.201
2
148.056 143.713
0 0 0.489523 -0.87199
3
152.141 119.328
167.867 128.92
143.97 168.097
128.245 158.505
2
146.175 144.882
0 0 0.516273 -0.856424
3
148.744 120.291
165.033 128.892
143.606 169.472
127.317 160.871
2
146.133 147.095
0 0 0.489523 -0.87199
3
150.219 122.711
165.944 132.303
142.048 171.48
126.322 161.888
2
145.955 149.302
0 0 0.462304 -0.886722
3
151.541 125.217
166.643 135.763
140.368 173.387
125.266 162.841
2
145.64 151.494
0 0 0.434642 -0.900603
3
152.705 127.8
167.126 139.261
138.574 175.187
124.153 163.727
2
145.19 153.662
0 0 0.406563 -0.913623
3
153.707 130.451
167.391 142.781
136.672 176.872
122.988 164.542
2
143.882 155.113
0 0 0.406563 -0.913623
3
152.399 131.902
166.083 144.233
135.364 178.324
121.68 165.993
2
142.574 156.564
0 0 0.406563 -0.913623
3
151.092 133.353
164.776 145.684
134.056 179.775
120.372 167.445
2
141.266 158.016
0 0 0.406563 -0.913623
3
149.784 134.805
163.468 147.135
132.748 181.227
119.064 168.896
2
139.958 159.467
0 0 0.406563 -0.913623
3
148.476 136.256
162.16 148.587
131.441 182.678
117.756 170.348
2
138.65 160.919
0 0 0.406563 -0.913623
3
147.168 137.708
160.852 150.038
130.133 184.13
116.449 171.799
2
137.342 162.37
0 0 0.406563 -0.913623
3
145.86 139.159
159.544 151.49
128.825 185.581
115.141 173.25
2
136.035 163.821
0 0 0.406563 -0.913623
3
144.552 140.611
158.236 152.941
127.517 187.032
113.833 174.702
2
134.727 165.273
0 0 0.406563 -0.913623
3
143.244 142.062
156.928 154.392
126.209 188.484
112.525 176.153
2
133.419 166.724
0 0 0.406563 -0.913623
3
141.936 143.513
155.621 155.844
124.901 189.935
111.217 177.605
2
132.111 168.176
0 0 0.406563 -0.913623
3
140.629 144.965
154.313 157.295
123.593 191.387
109.909 179.056
2
130.803 169.627
0 0 0.406563 -0.913623
3
139.321 146.416
153.005 158.747
122.285 192.838
108.601 180.507
2
130.22 171.763
0 0 0.378096 -0.925767
3
140.157 149.123
153.052 162.277
120.283 194.402
107.388 181.249
2
128.825 173.131
0 0 0.378096 -0.925767
3
138.762 150.491
151.657 163.645
118.888 195.77
105.993 182.617
2
127.43 174.498
0 0 0.378096 -0.925767
3
137.367 151.859
150.262 165.012
117.492 197.138
104.597 183.984
2
125.32 175.171
0 0 0.406563 -0.913623
3
133.838 151.96
147.522 164.291
116.803 198.382
103.118 186.051
2
124.012 176.622
0 0 0.406563 -0.913623
3
132.53 153.411
146.214 165.742
115.495 199.833
101.811 187.503
