0
80 80
0
81 81
0
82 82
0
83 83
0
84 84
0
85 85
0
86 86
0
87 87
0
88 88
0
89 89
0
90 90
0
91 91
0
92 92
0
93 93
0
94 94
0
95 95
0
96 96
0
97 97
0
98 98
0
99 99
0
100 100
0
101 101
0
102 102
0
103 103
0
103 104
0
103 105
0
103 106
0
103 107
0
103 108
0
103 109
0
103 110
0
103 111
0
103 112
0
103 113
0
103 114
0
103 115
0
103 116
0
103 117
0
103 118
0
103 119
0
103 120
0
103 121
0
103 122
0
103 123
0
103 124
0
103 125
0
103 126
0
103 127
0
103 128
0
103 129
0
103 130
0
103 131
0
103 132
0
103 133
0
104 134
0
105 135
0
106 136
0
107 137
0
108 138
0
108 139
0
109 140
0
110 141
0
111 142
0
112 143
0
113 144
0
114 145
0
115 146
0
116 147
0
117 148
0
118 149
0
119 150
0
120 151
0
121 152
0
122 153
0
123 154
0
124 155
0
125 156
0
125 157
0
126 158
0
127 159
0
128 160
0
129 161
0
130 162
0
131 163
0
132 164
0
133 165
0
134 166
0
134 167
0
135 168
0
136 169
0
137 170
0
137 171
0
138 172
0
138 173
0
138 174
0
138 175
0
139 176
0
138 177
0
138 178
0
138 179
0
138 180
0
137 181
0
137 182
0
136 183
0
136 184
0
135 185
0
134 186
0
133 187
0
132 188
0
131 189
0
130 190
0
129 191
0
128 192
0
127 193
0
126 194
0
125 195
0
124 196
0
123 197
0
122 198
0
121 199
0
120 200
0
119 201
0
118 202
0
117 203
0
116 204
0
116 205
0
115 206
0
115 207
0
114 208
0
114 209
0
113 210
0
113 211
0
113 212
0
112 213
1
80 80 0.986529
1
81.0777 81.6297 0.986529
1
82.1553 83.2593 0.986529
1
83.233 84.889 0.986529
1
84.3107 86.5186 0.986529
1
85.3883 88.1483 0.986529
1
86.466 89.7779 0.986529
1
87.6424 91.3378 1.04843
1
88.7201 92.9674 1.11033
1
89.6949 94.6606 1.17223
1
90.563 96.4109 1.23414
1
91.0931 98.2914 1.17223
1
91.8514 100.092 1.17223
1
92.6096 101.893 1.17223
1
93.3678 103.693 1.17223
1
94.1261 105.494 1.17223
1
94.7715 107.338 1.11033
1
95.5297 109.139 1.04843
1
96.3979 110.889 0.986529
1
97.3727 112.582 0.924627
1
98.6433 114.066 0.986529
1
99.721 115.696 0.986529
1
100.696 117.389 0.924627
1
101.773 119.019 0.862725
1
102.95 120.578 0.800823
1
104.221 122.063 0.738921
1
105.581 123.465 0.677019
1
107.025 124.781 0.615116
1
108.548 126.005 0.553214
1
110.143 127.132 0.491312
1
111.806 128.159 0.42941
1
113.582 128.972 0.42941
1
115.405 129.674 0.491312
1
117.182 130.488 0.553214
1
118.904 131.41 0.615116
1
120.567 132.436 0.677019
1
122.162 133.563 0.738921
1
123.685 134.787 0.800823
1
125.129 136.103 0.862725
1
126.489 137.506 0.924627
1
127.666 139.066 0.924627
1
128.842 140.626 0.924627
1
130.019 142.186 0.924627
1
131.195 143.745 0.924627
1
132.371 145.305 0.924627
1
133.642 146.789 0.986529
1
134.818 148.349 1.04843
1
135.896 149.979 1.11033
1
136.764 151.729 1.11033
1
137.633 153.479 1.11033
1
138.501 155.23 1.11033
1
139.259 157.03 1.04843
1
140.127 158.78 0.986529
1
141.205 160.41 0.986529
1
142.282 162.04 0.986529
1
143.36 163.669 0.986529
1
144.438 165.299 0.986529
1
145.515 166.929 0.986529
1
146.49 168.622 0.924627
1
147.568 170.252 0.862725
1
148.744 171.811 0.800823
1
150.015 173.296 0.738921
1
151.375 174.698 0.677019
1
152.819 176.014 0.615116
1
154.342 177.238 0.553214
1
155.938 178.365 0.491312
1
157.6 179.392 0.42941
1
159.323 180.314 0.367508
1
161.099 181.127 0.305606
1
162.922 181.829 0.243704
1
164.786 182.417 0.181802
1
162.89 181.946 0.1199
1
160.968 181.592 0.0579978
1
159.028 181.359 6.27928
1
157.078 181.245 6.21738
1
155.124 181.253 6.15548
1
153.175 181.381 6.09358
1
151.237 181.63 6.03167
1
149.318 181.998 5.96977
1
147.426 182.485 5.90787
1
145.567 183.087 5.84597
1
143.749 183.803 5.78406
1
141.979 184.631 5.72216
1
140.264 185.566 5.66026
1
138.61 186.605 5.59836
1
137.023 187.745 5.53646
1
135.51 188.981 5.47455
1
134.076 190.308 5.41265
1
132.727 191.721 5.35075
1
131.468 193.215 5.28885
1
130.506 194.916 5.35075
1
129.441 196.554 5.41265
1
128.277 198.123 5.47455
1
127.018 199.617 5.53646
1
125.669 201.03 5.59836
1
124.082 202.17 5.53646
1
122.569 203.406 5.47455
1
121.31 204.9 5.53646
1
119.961 206.313 5.59836
1
118.374 207.453 5.53646
1
116.861 208.689 5.47455
1
115.427 210.016 5.41265
1
114.168 211.51 5.41265
1
113.004 213.079 5.47455
2
87.8077 91.8069
0 0 0.473504 0.880792
3
108.146 105.866
92.7817 116.026
67.4693 77.7482
82.8337 67.588
2
88.8854 93.4366
0 0 0.473504 0.880792
3
109.224 107.495
93.8594 117.655
68.547 79.3779
83.9114 69.2176
2
89.9631 95.0662
0 0 0.473504 0.880792
3
110.301 109.125
94.9371 119.285
69.6247 81.0076
84.9891 70.8473
2
91.0407 96.6959
0 0 0.473504 0.880792
3
111.379 110.755
96.0147 120.915
70.7023 82.6372
86.0667 72.4769
2
92.1184 98.3255
0 0 0.473504 0.880792
3
112.457 112.384
97.0924 122.544
71.78 84.2669
87.1444 74.1066
2
93.1961 99.9552
0 0 0.473504 0.880792
3
113.534 114.014
98.1701 124.174
72.8577 85.8965
88.2221 75.7363
2
94.2737 101.585
0 0 0.473504 0.880792
3
114.612 115.644
99.2477 125.804
73.9353 87.5262
89.2998 77.3659
2
94.7048 103.605
0 0 0.500534 0.865717
3
114.135 118.895
98.171 128.085
75.275 88.3152
91.2386 79.1249
2
95.01 105.648
0 0 0.527085 0.849813
3
113.457 122.111
96.9552 130.296
76.5634 89.1855
93.0649 81.0004
2
95.1883 107.706
0 0 0.553131 0.833095
3
112.581 125.278
95.605 132.427
77.7954 90.1339
94.7717 82.9853
2
95.2389 109.771
0 0 0.578647 0.815578
3
111.511 128.386
94.1255 134.471
78.9664 91.1567
96.3524 85.072
2
96.5866 111.337
0 0 0.553131 0.833095
3
113.979 128.909
97.0032 136.058
79.1937 93.7647
96.1699 86.616
2
97.3448 113.138
0 0 0.553131 0.833095
3
114.738 130.71
97.7615 137.858
79.9519 95.5653
96.9281 88.4166
2
98.1031 114.938
0 0 0.553131 0.833095
3
115.496 132.51
98.5197 139.659
80.7101 97.3659
97.6864 90.2172
2
98.8613 116.739
0 0 0.553131 0.833095
3
116.254 134.311
99.278 141.46
81.4684 99.1665
98.4446 92.0178
2
99.6195 118.539
0 0 0.553131 0.833095
3
117.012 136.112
100.036 143.26
82.2266 100.967
99.2029 93.8184
2
101.061 120.019
0 0 0.527085 0.849813
3
119.508 136.481
103.007 144.666
82.6148 103.556
99.1163 95.3708
2
102.592 121.406
0 0 0.500534 0.865717
3
122.022 136.696
106.058 145.886
83.1623 106.116
99.1259 96.9256
2
104.206 122.696
0 0 0.473504 0.880792
3
124.544 136.754
109.18 146.915
83.8672 108.637
99.2316 98.4768
2
105.896 123.883
0 0 0.44602 0.895023
3
127.065 136.657
112.359 147.748
84.7267 111.11
99.4331 100.018
2
106.451 125.873
0 0 0.473504 0.880792
3
126.789 139.932
111.425 150.092
86.1127 111.814
101.477 101.654
2
107.529 127.503
0 0 0.473504 0.880792
3
127.867 141.561
112.503 151.722
87.1903 113.444
102.555 103.284
2
109.219 128.69
0 0 0.44602 0.895023
3
130.388 141.464
115.682 152.555
88.0498 115.917
102.756 104.825
2
110.979 129.771
0 0 0.418109 0.908397
3
132.898 141.21
118.906 153.19
89.0606 118.331
103.053 106.352
2
112.803 130.741
0 0 0.389797 0.920901
3
135.388 140.802
122.164 153.625
90.2189 120.679
103.443 107.857
2
114.684 131.596
0 0 0.361112 0.932522
3
137.848 140.241
125.442 153.857
91.5201 122.951
103.926 109.335
2
116.614 132.333
0 0 0.332081 0.943251
3
140.268 139.529
128.728 153.886
92.9594 125.137
104.499 110.78
2
118.585 132.949
0 0 0.302732 0.953076
3
142.639 138.668
132.01 153.712
94.5313 127.231
105.161 112.187
2
120.591 133.442
0 0 0.273093 0.961988
3
144.953 137.662
135.275 153.335
96.2296 129.223
105.908 113.55
2
122.624 133.811
0 0 0.243193 0.969978
3
147.2 136.515
138.51 152.756
98.0478 131.106
106.738 114.865
2
124.675 134.052
0 0 0.213059 0.977039
3
149.372 135.231
141.703 151.979
99.9792 132.873
107.648 116.126
2
126.452 134.866
0 0 0.213059 0.977039
3
151.148 136.045
143.479 152.792
101.756 133.687
109.424 116.939
2
127.886 136.352
0 0 0.243193 0.969978
3
152.462 139.057
143.772 155.298
103.31 133.648
112 117.407
2
129.225 137.925
0 0 0.273093 0.961988
3
153.587 142.145
143.909 157.817
104.864 133.706
114.542 118.033
2
130.465 139.578
0 0 0.302732 0.953076
3
154.519 145.296
143.889 160.34
106.411 133.859
117.04 118.815
2
131.6 141.304
0 0 0.332081 0.943251
3
155.254 148.499
143.714 162.857
107.945 134.108
119.485 119.751
2
132.626 143.097
0 0 0.361112 0.932522
3
155.789 151.742
143.384 165.358
109.462 134.451
121.868 120.836
2
133.539 144.95
0 0 0.389797 0.920901
3
156.123 155.011
142.899 167.834
110.954 134.888
124.178 122.066
2
134.335 146.856
0 0 0.418109 0.908397
3
156.254 158.295
142.262 170.275
112.416 135.416
126.409 123.436
2
135.012 148.807
0 0 0.44602 0.895023
3
156.182 161.581
141.475 172.672
113.843 136.034
128.55 124.942
2
136.189 150.367
0 0 0.44602 0.895023
3
157.358 163.141
142.652 174.232
115.02 137.594
129.726 126.502
2
137.365 151.927
0 0 0.44602 0.895023
3
158.534 164.7
143.828 175.792
116.196 139.153
130.903 128.062
2
138.542 153.487
0 0 0.44602 0.895023
3
159.711 166.26
145.004 177.352
117.373 140.713
132.079 129.622
2
139.718 155.047
0 0 0.44602 0.895023
3
160.887 167.82
146.181 178.911
118.549 142.273
133.255 131.182
2
140.895 156.607
0 0 0.44602 0.895023
3
162.064 169.38
147.357 180.471
119.725 143.833
134.432 132.742
2
141.45 158.596
0 0 0.473504 0.880792
3
161.788 172.655
146.424 182.815
121.111 144.538
136.476 134.377
2
141.881 160.616
0 0 0.500534 0.865717
3
161.311 175.906
145.347 185.097
122.451 145.327
138.415 136.136
2
142.186 162.66
0 0 0.527085 0.849813
3
160.633 179.122
144.131 187.307
123.739 146.197
140.241 138.012
2
143.054 164.41
0 0 0.527085 0.849813
3
161.501 180.872
144.999 189.058
124.608 147.947
141.109 139.762
2
143.922 166.16
0 0 0.527085 0.849813
3
162.369 182.623
145.868 190.808
125.476 149.697
141.977 141.512
2
144.791 167.91
0 0 0.527085 0.849813
3
163.237 184.373
146.736 192.558
126.344 151.448
142.845 143.263
2
146.321 169.298
0 0 0.500534 0.865717
3
165.751 184.587
149.788 193.778
126.892 154.008
142.855 144.817
2
147.935 170.587
0 0 0.473504 0.880792
3
168.273 184.646
152.909 194.806
127.596 156.529
142.961 146.368
2
149.012 172.217
0 0 0.473504 0.880792
3
169.351 186.276
153.986 196.436
128.674 158.158
144.039 147.998
2
150.09 173.847
0 0 0.473504 0.880792
3
170.429 187.905
155.064 198.066
129.752 159.788
145.116 149.628
2
151.168 175.476
0 0 0.473504 0.880792
3
171.506 189.535
156.142 199.695
130.829 161.418
146.194 151.257
2
152.245 177.106
0 0 0.473504 0.880792
3
172.584 191.165
157.219 201.325
131.907 163.047
147.272 152.887
2
153.323 178.736
0 0 0.473504 0.880792
3
173.662 192.794
158.297 202.955
132.985 164.677
148.349 154.517
2
155.013 179.923
0 0 0.44602 0.895023
3
176.183 192.697
161.476 203.788
133.844 167.15
148.551 156.058
2
156.774 181.004
0 0 0.418109 0.908397
3
178.693 192.444
164.701 204.423
134.855 169.564
148.847 157.585
2
158.598 181.974
0 0 0.389797 0.920901
3
181.182 192.035
167.958 204.858
136.013 171.912
149.238 159.09
2
160.478 182.829
0 0 0.361112 0.932522
3
183.642 191.474
171.236 205.09
137.315 174.184
149.72 160.568
2
162.408 183.566
0 0 0.332081 0.943251
3
186.062 190.762
174.523 205.119
138.754 176.37
150.293 162.013
2
164.38 184.182
0 0 0.302732 0.953076
3
188.434 189.901
177.804 204.945
140.326 178.464
150.955 163.42
2
166.386 184.675
0 0 0.273093 0.961988
3
190.747 188.895
181.069 204.568
142.024 180.456
151.702 164.783
2
168.418 185.044
0 0 0.243193 0.969978
3
192.994 187.748
184.304 203.989
143.842 182.339
152.533 166.098
2
170.47 185.285
0 0 0.213059 0.977039
3
195.166 186.464
187.497 203.212
145.774 184.106
153.442 167.359
2
172.532 185.4
0 0 0.182722 0.983165
3
197.254 185.048
190.636 202.238
147.811 185.751
154.429 168.561
2
174.598 185.386
0 0 0.152209 0.988348
3
199.251 183.506
193.709 201.073
149.945 187.266
155.487 169.699
2
176.659 185.245
0 0 0.121551 0.992585
3
201.148 181.843
196.704 199.719
152.17 188.646
156.614 170.77
2
178.707 184.976
0 0 0.0907759 0.995871
3
202.939 180.067
199.609 198.183
154.475 189.886
157.806 171.769
2
176.943 183.639
0 0 0.059914 0.998204
3
200.825 177.239
198.622 195.527
153.061 190.038
155.264 171.75
2
175.099 182.413
0 0 0.0289949 0.99958
3
198.539 174.548
197.472 192.937
151.659 190.277
152.727 171.888
2
173.183 181.303
0 0 0.00195208 -0.999998
3
196.092 172.004
196.164 190.424
150.274 190.603
150.202 172.183
2
171.202 180.315
0 0 0.0328972 -0.999459
3
193.492 169.616
194.703 187.996
148.912 191.013
147.701 172.633
2
169.164 179.45
0 0 0.0638107 -0.997962
3
190.749 167.393
193.095 185.663
147.579 191.507
145.233 173.237
2
167.076 178.714
0 0 0.0946632 -0.995509
3
187.874 165.344
191.345 183.434
146.278 192.083
142.806 173.993
2
164.946 178.108
0 0 0.125425 -0.992103
3
184.877 163.477
189.461 181.317
145.015 192.738
140.431 174.898
2
162.783 177.634
0 0 0.156067 -0.987747
3
181.771 161.799
187.45 179.322
143.796 193.47
138.117 175.947
2
160.595 177.296
0 0 0.186559 -0.982444
3
178.567 160.316
185.319 177.454
142.624 194.276
135.871 177.138
2
158.391 177.094
0 0 0.216872 -0.9762
3
175.277 159.035
183.077 175.722
141.504 195.153
133.704 178.465
2
156.177 177.028
0 0 0.246978 -0.969021
3
171.915 157.959
180.732 174.132
140.44 196.097
131.623 179.924
2
153.965 177.099
0 0 0.276847 -0.960914
3
168.492 157.093
178.293 172.69
139.437 197.105
129.637 181.509
2
151.76 177.307
0 0 0.306451 -0.951886
3
165.022 156.441
175.769 171.401
138.498 198.174
127.752 183.214
2
149.573 177.652
0 0 0.335761 -0.941947
3
161.519 156.005
173.17 170.271
137.627 199.299
125.976 185.032
2
147.411 178.13
0 0 0.36475 -0.931105
3
157.995 155.786
170.507 169.305
136.828 200.475
124.316 186.956
2
145.284 178.742
0 0 0.393389 -0.919372
3
154.465 155.785
167.789 168.504
136.102 201.698
122.778 188.98
2
143.198 179.484
0 0 0.421652 -0.906758
3
150.941 156.003
165.026 167.874
135.454 202.964
121.369 191.094
2
141.161 180.354
0 0 0.449511 -0.893275
3
147.438 156.439
162.23 167.415
134.885 204.268
120.093 193.292
2
139.183 181.348
0 0 0.476939 -0.878937
3
143.968 157.091
159.411 167.131
134.398 205.605
118.955 195.565
2
138.941 183.548
0 0 0.449511 -0.893275
3
145.217 159.634
160.01 170.61
132.665 207.463
117.872 196.487
2
138.563 185.73
0 0 0.421652 -0.906758
3
146.307 162.249
160.392 174.12
130.819 209.21
116.734 197.34
2
138.051 187.884
0 0 0.393389 -0.919372
3
147.232 164.927
160.556 177.646
128.87 210.84
115.546 198.122
2
137.407 190.002
0 0 0.36475 -0.931105
3
147.99 167.658
160.502 181.176
126.823 212.347
114.311 198.828
2
136.632 192.077
0 0 0.335761 -0.941947
3
148.578 170.43
160.23 184.696
124.687 213.724
113.035 199.457
2
134.471 192.555
0 0 0.36475 -0.931105
3
145.055 170.211
157.566 183.729
123.887 214.9
111.375 201.381
2
132.343 193.167
0 0 0.393389 -0.919372
3
141.524 170.21
154.848 182.929
123.162 216.123
109.838 203.405
2
131.699 195.285
0 0 0.36475 -0.931105
3
142.282 172.941
154.794 186.459
121.115 217.63
108.603 204.111
2
130.924 197.359
0 0 0.335761 -0.941947
3
142.87 175.712
154.522 189.979
118.978 219.006
107.327 204.74
2
128.763 197.838
0 0 0.36475 -0.931105
3
139.347 175.494
151.858 189.012
118.179 220.183
105.667 206.664
2
126.635 198.45
0 0 0.393389 -0.919372
3
135.816 175.493
149.14 188.212
117.453 221.406
104.129 208.687
2
124.549 199.192
0 0 0.421652 -0.906758
3
132.292 175.711
146.378 187.581
116.805 222.672
102.72 210.802
2
123.29 200.686
0 0 0.421652 -0.906758
3
131.033 177.205
145.119 189.075
115.546 224.166
101.461 212.296
2
122.778 202.84
0 0 0.393389 -0.919372
3
131.959 179.883
145.283 192.602
113.596 225.796
100.272 213.077
