0
80 80
0
81 81
0
82 82
0
83 83
0
84 84
0
85 85
0
86 86
0
87 87
0
88 88
0
89 89
0
90 90
0
91 91
0
92 92
0
93 93
0
94 94
0
95 95
0
96 96
0
97 97
0
98 98
0
99 99
0
100 100
0
101 101
0
102 102
0
103 103
0
103 104
0
103 105
0
103 106
0
103 107
0
103 108
0
103 109
0
103 110
0
103 111
0
103 112
0
103 113
0
103 114
0
103 115
0
103 116
0
103 117
0
103 118
0
103 119
0
103 120
0
103 121
0
103 122
0
103 123
0
103 124
0
103 125
0
103 126
0
103 127
0
103 128
0
103 129
0
103 130
0
103 131
0
103 132
0
103 133
0
104 134
0
105 135
0
106 136
0
107 137
0
108 138
0
108 139
0
109 140
0
110 141
0
111 142
0
112 143
0
113 144
0
114 145
0
115 146
0
116 147
0
117 148
0
118 149
0
119 150
0
120 151
0
121 152
0
122 153
0
123 154
0
124 155
0
125 156
0
125 157
0
126 158
0
127 159
0
128 160
0
129 161
0
130 162
0
131 163
0
132 164
0
133 165
0
134 166
0
134 167
0
135 168
0
136 169
0
137 170
0
137 171
0
138 172
0
138 173
0
138 174
0
138 175
0
139 176
0
138 177
0
138 178
0
138 179
0
138 180
0
137 181
0
137 182
0
136 183
0
136 184
0
135 185
0
134 186
0
133 187
0
132 188
0
131 189
0
130 190
0
129 191
0
128 192
0
127 193
0
126 194
0
125 195
0
124 196
0
123 197
0
122 198
0
121 199
0
120 200
0
119 201
0
118 202
0
117 203
0
116 204
0
116 205
0
115 206
0
115 207
0
114 208
0
114 209
0
113 210
0
113 211
0
113 212
0
112 213
1
80 80 0.986529
1
81.0777 81.6297 0.986529
1
82.1553 83.2593 0.986529
1
83.233 84.889 0.986529
1
84.3107 86.5186 0.986529
1
85.3883 88.1483 0.986529
1
86.466 89.7779 0.986529
1
87.5437 91.4076 0.986529
1
88.6213 93.0372 0.986529
1
89.699 94.6669 0.986529
1
90.7767 96.2965 0.986529
1
91.8543 97.9262 0.986529
1
92.932 99.5558 0.986529
1
94.0097 101.186 0.986529
1
95.0873 102.815 0.986529
1
96.165 104.445 0.986529
1
97.2427 106.074 0.986529
1
98.3203 107.704 0.986529
1
99.398 109.334 0.986529
1
100.373 111.027 0.924627
1
101.45 112.657 0.862725
1
102.811 114.059 0.924627
1
104.081 115.543 0.986529
1
105.258 117.103 1.04843
1
106.126 118.854 0.986529
1
107.101 120.547 0.924627
1
108.178 122.176 0.862725
1
109.355 123.736 0.800823
1
110.625 125.22 0.738921
1
112.148 126.444 0.800823
1
113.592 127.76 0.862725
1
114.952 129.163 0.924627
1
116.223 130.647 0.986529
1
117.198 132.34 0.924627
1
118.275 133.97 0.862725
1
119.452 135.53 0.800823
1
120.723 137.014 0.738921
1
122.083 138.416 0.677019
1
123.678 139.544 0.738921
1
125.201 140.768 0.800823
1
126.645 142.084 0.862725
1
128.005 143.486 0.924627
1
129.276 144.97 0.986529
1
130.452 146.53 1.04843
1
131.321 148.28 0.986529
1
132.295 149.974 0.924627
1
133.566 151.458 0.986529
1
134.742 153.018 1.04843
1
135.82 154.647 1.11033
1
136.795 156.34 1.17223
1
137.44 158.185 1.11033
1
138.199 159.985 1.04843
1
137.33 158.235 0.986529
1
138.305 159.928 0.924627
1
139.383 161.558 0.862725
1
140.559 163.118 0.800823
1
141.83 164.602 0.738921
1
143.19 166.004 0.677019
1
144.634 167.32 0.615116
1
146.157 168.544 0.553214
1
147.753 169.672 0.491312
1
149.415 170.698 0.42941
1
151.138 171.62 0.367508
1
152.914 172.433 0.305606
1
154.737 173.135 0.243704
1
156.6 173.723 0.181802
1
158.496 174.195 0.1199
1
160.418 174.548 0.0579978
1
162.358 174.781 6.27928
1
164.308 174.895 6.21738
1
162.354 174.902 6.15548
1
160.405 175.031 6.09358
1
158.467 175.28 6.03167
1
156.548 175.648 5.96977
1
154.656 176.134 5.90787
1
152.798 176.736 5.84597
1
150.98 177.453 5.78406
1
149.21 178.28 5.72216
1
147.494 179.215 5.66026
1
145.84 180.255 5.59836
1
144.253 181.394 5.53646
1
142.74 182.63 5.47455
1
141.306 183.957 5.41265
1
139.957 185.371 5.35075
1
138.698 186.865 5.28885
1
137.737 188.565 5.35075
1
136.672 190.203 5.41265
1
135.508 191.772 5.47455
1
134.248 193.266 5.53646
1
132.815 194.593 5.53646
1
131.381 195.92 5.53646
1
129.947 197.247 5.53646
1
128.513 198.575 5.53646
1
127.079 199.902 5.53646
1
125.645 201.229 5.53646
1
124.211 202.556 5.53646
1
122.777 203.883 5.53646
1
121.344 205.21 5.53646
1
119.91 206.537 5.53646
1
118.476 207.864 5.53646
1
117.042 209.191 5.53646
1
115.608 210.518 5.53646
2
87.8077 91.8069
0 0 0.473504 0.880792
3
108.146 105.866
92.7817 116.026
67.4693 77.7482
82.8337 67.588
2
88.8854 93.4366
0 0 0.473504 0.880792
3
109.224 107.495
93.8594 117.655
68.547 79.3779
83.9114 69.2176
2
89.9631 95.0662
0 0 0.473504 0.880792
3
110.301 109.125
94.9371 119.285
69.6247 81.0076
84.9891 70.8473
2
91.0407 96.6959
0 0 0.473504 0.880792
3
111.379 110.755
96.0147 120.915
70.7023 82.6372
86.0667 72.4769
2
92.1184 98.3255
0 0 0.473504 0.880792
3
112.457 112.384
97.0924 122.544
71.78 84.2669
87.1444 74.1066
2
93.1961 99.9552
0 0 0.473504 0.880792
3
113.534 114.014
98.1701 124.174
72.8577 85.8965
88.2221 75.7363
2
94.2737 101.585
0 0 0.473504 0.880792
3
114.612 115.644
99.2477 125.804
73.9353 87.5262
89.2998 77.3659
2
95.3514 103.214
0 0 0.473504 0.880792
3
115.69 117.273
100.325 127.433
75.013 89.1558
90.3774 78.9956
2
96.4291 104.844
0 0 0.473504 0.880792
3
116.767 118.903
101.403 129.063
76.0907 90.7855
91.4551 80.6252
2
97.5067 106.474
0 0 0.473504 0.880792
3
117.845 120.532
102.481 130.693
77.1683 92.4151
92.5328 82.2549
2
98.5844 108.103
0 0 0.473504 0.880792
3
118.923 122.162
103.558 132.322
78.246 94.0448
93.6104 83.8845
2
99.6621 109.733
0 0 0.473504 0.880792
3
120 123.792
104.636 133.952
79.3237 95.6744
94.6881 85.5142
2
100.74 111.363
0 0 0.473504 0.880792
3
121.078 125.421
105.714 135.582
80.4013 97.3041
95.7658 87.1438
2
101.817 112.992
0 0 0.473504 0.880792
3
122.156 127.051
106.791 137.211
81.479 98.9338
96.8434 88.7735
2
102.895 114.622
0 0 0.473504 0.880792
3
123.233 128.681
107.869 138.841
82.5567 100.563
97.9211 90.4031
2
103.973 116.252
0 0 0.473504 0.880792
3
124.311 130.31
108.947 140.471
83.6343 102.193
98.9988 92.0328
2
105.05 117.881
0 0 0.473504 0.880792
3
125.389 131.94
110.024 142.1
84.712 103.823
100.076 93.6624
2
106.128 119.511
0 0 0.473504 0.880792
3
126.466 133.57
111.102 143.73
85.7897 105.452
101.154 95.2921
2
107.206 121.141
0 0 0.473504 0.880792
3
127.544 135.199
112.18 145.36
86.8673 107.082
102.232 96.9218
2
108.896 122.328
0 0 0.44602 0.895023
3
130.065 135.102
115.359 146.193
87.7268 109.555
102.433 98.4634
2
110.656 123.409
0 0 0.418109 0.908397
3
132.575 134.849
118.583 146.828
88.7376 111.969
102.73 99.9897
2
111.334 125.361
0 0 0.44602 0.895023
3
132.503 138.134
117.796 149.225
90.1645 112.587
104.871 101.496
2
111.889 127.35
0 0 0.473504 0.880792
3
132.227 141.409
116.863 151.569
91.5505 113.292
106.915 103.131
2
112.32 129.371
0 0 0.500534 0.865717
3
131.75 144.66
115.786 153.851
92.8902 114.081
108.854 104.89
2
113.933 130.66
0 0 0.473504 0.880792
3
134.272 144.719
118.907 154.879
93.5951 116.602
108.96 106.441
2
115.624 131.848
0 0 0.44602 0.895023
3
136.793 144.622
122.086 155.713
94.4546 119.074
109.161 107.983
2
117.384 132.929
0 0 0.418109 0.908397
3
139.303 144.368
125.311 156.348
95.4654 121.489
109.458 109.509
2
119.208 133.899
0 0 0.389797 0.920901
3
141.793 143.96
128.568 156.783
96.6236 123.837
109.848 111.014
2
121.089 134.754
0 0 0.361112 0.932522
3
144.252 143.399
131.847 157.015
97.9249 126.108
110.331 112.492
2
122.002 136.607
0 0 0.389797 0.920901
3
144.586 146.668
131.362 159.491
99.4171 126.545
112.641 113.722
2
122.798 138.513
0 0 0.418109 0.908397
3
144.717 149.952
130.725 161.932
100.879 127.073
114.872 115.093
2
123.476 140.464
0 0 0.44602 0.895023
3
144.645 153.238
129.938 164.329
102.306 127.691
117.013 116.599
2
124.031 142.454
0 0 0.473504 0.880792
3
144.369 156.512
129.005 166.673
103.692 128.395
119.057 118.235
2
125.721 143.641
0 0 0.44602 0.895023
3
146.89 156.415
132.184 167.506
104.552 130.868
119.258 119.777
2
127.481 144.722
0 0 0.418109 0.908397
3
149.4 156.162
135.408 168.141
105.563 133.283
119.555 121.303
2
129.305 145.692
0 0 0.389797 0.920901
3
151.89 155.754
138.666 168.576
106.721 135.63
119.945 122.808
2
131.186 146.547
0 0 0.361112 0.932522
3
154.35 155.192
141.944 168.808
108.022 137.902
120.428 124.286
2
133.116 147.284
0 0 0.332081 0.943251
3
156.77 154.48
145.23 168.837
109.461 140.088
121.001 125.731
2
134.142 149.077
0 0 0.361112 0.932522
3
157.305 157.722
144.9 171.338
110.978 140.432
123.384 126.816
2
135.055 150.93
0 0 0.389797 0.920901
3
157.639 160.992
144.415 173.814
112.47 140.868
125.694 128.046
2
135.851 152.836
0 0 0.418109 0.908397
3
157.77 164.275
143.778 176.255
113.932 141.396
127.925 129.417
2
136.528 154.788
0 0 0.44602 0.895023
3
157.698 167.561
142.991 178.652
115.359 142.014
130.066 130.923
2
137.084 156.777
0 0 0.473504 0.880792
3
157.422 170.836
142.058 180.996
116.745 142.719
132.11 132.558
2
137.515 158.797
0 0 0.500534 0.865717
3
156.944 174.087
140.981 183.278
118.085 143.508
134.049 134.317
2
139.128 160.087
0 0 0.473504 0.880792
3
159.467 174.146
144.102 184.306
118.79 146.029
134.154 135.868
2
140.819 161.275
0 0 0.44602 0.895023
3
161.988 174.048
147.281 185.14
119.649 148.501
134.356 137.41
2
141.374 163.265
0 0 0.473504 0.880792
3
161.712 177.323
146.348 187.484
121.035 149.206
136.4 139.046
2
141.805 165.285
0 0 0.500534 0.865717
3
161.235 180.575
145.271 189.765
122.375 149.995
138.339 140.805
2
142.11 167.328
0 0 0.527085 0.849813
3
160.557 183.791
144.055 191.976
123.663 150.865
140.165 142.68
2
142.288 169.386
0 0 0.553131 0.833095
3
159.681 186.958
142.705 194.107
124.895 151.814
141.872 144.665
2
143.73 170.865
0 0 0.527085 0.849813
3
162.177 187.328
145.675 195.513
125.284 154.403
141.785 146.217
2
145.261 172.252
0 0 0.500534 0.865717
3
164.691 187.542
148.727 196.733
125.831 156.963
141.795 147.772
2
145.138 170.042
0 0 0.473504 0.880792
3
165.476 184.1
150.112 194.261
124.8 155.983
140.164 145.823
2
146.828 171.229
0 0 0.44602 0.895023
3
167.997 184.003
153.291 195.094
125.659 158.456
140.366 147.365
2
148.589 172.31
0 0 0.418109 0.908397
3
170.508 183.75
156.515 195.729
126.67 160.871
140.662 148.891
2
150.413 173.28
0 0 0.389797 0.920901
3
172.997 183.342
159.773 196.164
127.828 163.218
141.052 150.396
2
152.293 174.135
0 0 0.361112 0.932522
3
175.457 182.78
163.051 196.396
129.129 165.49
141.535 151.874
2
154.223 174.872
0 0 0.332081 0.943251
3
177.877 182.068
166.337 196.425
130.569 167.676
142.108 153.319
2
156.195 175.488
0 0 0.302732 0.953076
3
180.249 181.207
169.619 196.251
132.141 169.77
142.77 154.726
2
158.201 175.982
0 0 0.273093 0.961988
3
182.562 180.201
172.884 195.874
133.839 171.762
143.517 156.089
2
160.233 176.35
0 0 0.243193 0.969978
3
184.809 179.054
176.119 195.295
135.657 173.645
144.347 157.404
2
162.285 176.591
0 0 0.213059 0.977039
3
186.981 177.77
179.312 194.518
137.589 175.412
145.257 158.665
2
164.347 176.706
0 0 0.182722 0.983165
3
189.069 176.355
182.451 193.545
139.625 177.057
146.244 159.867
2
166.413 176.692
0 0 0.152209 0.988348
3
191.066 174.812
185.524 192.379
141.76 178.572
147.302 161.005
2
168.474 176.551
0 0 0.121551 0.992585
3
192.963 173.15
188.519 191.025
143.985 179.952
148.429 162.076
2
170.522 176.282
0 0 0.0907759 0.995871
3
194.754 171.373
191.424 189.489
146.29 181.192
149.62 163.076
2
172.55 175.888
0 0 0.059914 0.998204
3
196.432 169.488
194.228 187.776
148.668 182.287
150.871 163.999
2
174.549 175.368
0 0 0.0289949 0.99958
3
197.989 167.504
196.922 185.893
151.109 183.233
152.177 164.844
2
176.513 174.726
0 0 0.00195208 -0.999998
3
199.422 165.427
199.493 183.847
153.604 184.026
153.532 165.606
2
178.433 173.964
0 0 0.0328972 -0.999459
3
200.722 163.265
201.934 181.645
156.143 184.663
154.932 166.283
2
176.394 173.1
0 0 0.0638107 -0.997962
3
197.979 161.042
200.325 179.312
154.809 185.157
152.463 166.887
2
174.306 172.363
0 0 0.0946632 -0.995509
3
195.104 158.993
198.576 177.083
153.508 185.732
150.037 167.643
2
172.177 171.757
0 0 0.125425 -0.992103
3
192.108 157.126
196.692 174.967
152.246 186.387
147.662 168.547
2
170.014 171.284
0 0 0.156067 -0.987747
3
189.002 155.448
194.681 172.971
151.026 187.119
145.347 169.597
2
167.826 170.945
0 0 0.186559 -0.982444
3
185.798 153.966
192.55 171.103
149.854 187.925
143.102 170.787
2
165.621 170.743
0 0 0.216872 -0.9762
3
182.508 152.684
190.307 169.371
148.734 188.802
140.935 172.115
2
163.408 170.677
0 0 0.246978 -0.969021
3
179.145 151.608
187.962 167.781
147.671 189.746
138.854 173.574
2
161.195 170.749
0 0 0.276847 -0.960914
3
175.723 150.743
185.523 166.339
146.667 190.755
136.867 175.158
2
158.991 170.957
0 0 0.306451 -0.951886
3
172.253 150.09
182.999 165.051
145.729 191.823
134.982 176.863
2
156.804 171.301
0 0 0.335761 -0.941947
3
168.749 149.654
180.401 163.921
144.858 192.948
133.206 178.681
2
154.642 171.78
0 0 0.36475 -0.931105
3
165.226 149.435
177.737 162.954
144.058 194.124
131.546 180.606
2
152.514 172.391
0 0 0.393389 -0.919372
3
161.695 149.435
175.019 162.154
143.333 195.348
130.009 182.629
2
150.428 173.133
0 0 0.421652 -0.906758
3
158.172 149.653
172.257 161.523
142.684 196.614
128.599 184.744
2
148.392 174.003
0 0 0.449511 -0.893275
3
154.668 150.088
169.461 161.065
142.116 197.918
127.323 186.941
2
146.413 174.997
0 0 0.476939 -0.878937
3
151.198 150.74
166.641 160.78
141.629 199.254
126.185 189.214
2
146.171 177.198
0 0 0.449511 -0.893275
3
152.447 153.283
167.24 164.259
139.895 201.112
125.103 190.136
2
145.793 179.379
0 0 0.421652 -0.906758
3
153.537 155.899
167.622 167.769
138.05 202.86
123.965 190.99
2
145.281 181.533
0 0 0.393389 -0.919372
3
154.463 158.577
167.787 171.296
136.1 204.49
122.776 191.771
2
144.637 183.652
0 0 0.36475 -0.931105
3
155.221 161.307
167.733 174.826
134.053 205.996
121.542 192.477
2
143.203 184.979
0 0 0.36475 -0.931105
3
153.787 162.634
166.299 176.153
132.619 207.323
120.108 193.805
2
141.769 186.306
0 0 0.36475 -0.931105
3
152.353 163.961
164.865 177.48
131.185 208.65
118.674 195.132
2
140.335 187.633
0 0 0.36475 -0.931105
3
150.919 165.288
163.431 178.807
129.752 209.977
117.24 196.459
2
138.902 188.96
0 0 0.36475 -0.931105
3
149.485 166.615
161.997 180.134
128.318 211.304
115.806 197.786
2
137.468 190.287
0 0 0.36475 -0.931105
3
148.051 167.942
160.563 181.461
126.884 212.631
114.372 199.113
2
136.034 191.614
0 0 0.36475 -0.931105
3
146.618 169.269
159.129 182.788
125.45 213.959
112.938 200.44
2
134.6 192.941
0 0 0.36475 -0.931105
3
145.184 170.597
157.695 184.115
124.016 215.286
111.504 201.767
2
133.166 194.268
0 0 0.36475 -0.931105
3
143.75 171.924
156.261 185.442
122.582 216.613
110.07 203.094
2
131.732 195.595
0 0 0.36475 -0.931105
3
142.316 173.251
154.828 186.769
121.148 217.94
108.637 204.421
2
130.298 196.922
0 0 0.36475 -0.931105
3
140.882 174.578
153.394 188.096
119.714 219.267
107.203 205.748
2
128.864 198.249
0 0 0.36475 -0.931105
3
139.448 175.905
151.96 189.424
118.28 220.594
105.769 207.075
2
127.43 199.576
0 0 0.36475 -0.931105
3
138.014 177.232
150.526 190.751
116.847 221.921
104.335 208.402
2
125.997 200.904
0 0 0.36475 -0.931105
3
136.58 178.559
149.092 192.078
115.413 223.248
102.901 209.729
