0
291 80
0
290 81
0
289 82
0
288 83
0
287 84
0
286 85
0
285 86
0
284 87
0
283 88
0
282 89
0
281 90
0
280 91
0
279 92
0
278 93
0
277 94
0
276 95
0
275 96
0
274 97
0
273 98
0
272 99
0
271 100
0
270 101
0
269 102
0
268 103
0
267 103
0
266 103
0
265 103
0
264 103
0
263 103
0
262 103
0
261 103
0
260 103
0
259 103
0
258 103
0
257 103
0
256 103
0
255 103
0
254 103
0
253 103
0
252 103
0
251 103
0
250 103
0
249 103
0
248 103
0
247 103
0
246 104
0
245 105
0
244 106
0
243 107
0
242 108
0
241 109
0
240 109
0
239 109
0
238 110
0
237 110
0
236 110
0
235 111
0
234 111
0
233 111
0
232 112
0
231 112
0
230 112
0
229 112
0
228 113
0
227 113
0
226 113
0
225 114
0
224 114
0
223 114
0
222 115
0
221 115
0
220 115
0
219 116
0
218 116
0
217 116
0
216 116
0
215 117
0
214 117
0
213 117
0
212 118
0
211 118
0
210 118
0
209 119
0
208 119
0
207 119
0
206 120
0
205 120
0
204 120
0
203 120
0
202 121
0
201 121
0
200 121
0
199 122
0
198 122
0
197 122
0
196 123
0
195 123
0
194 123
0
193 124
0
192 124
0
191 124
0
190 124
0
189 125
0
188 125
0
187 125
0
186 126
0
185 126
0
184 126
0
183 127
0
182 127
0
181 127
0
180 127
0
179 128
0
178 128
0
177 128
0
176 129
0
175 129
0
174 129
0
173 130
0
172 130
0
171 130
0
170 131
0
169 131
0
168 131
0
167 131
0
166 132
0
165 132
0
164 132
0
163 133
0
162 133
0
161 133
0
160 134
0
159 134
0
158 134
0
157 135
0
156 135
0
155 135
0
154 135
0
153 136
0
152 136
0
151 136
0
150 137
0
149 137
0
148 137
0
147 138
0
146 138
0
145 138
0
144 139
0
143 139
0
142 140
0
141 140
0
140 141
0
139 141
0
138 142
0
137 142
0
136 143
0
135 143
0
134 143
0
133 144
0
132 144
0
131 145
0
130 145
0
129 146
0
128 146
0
127 147
0
126 147
0
125 148
0
124 148
0
123 148
0
122 149
0
121 149
0
120 150
0
119 150
0
118 151
0
117 151
0
116 152
0
115 152
0
114 153
0
113 153
0
112 153
0
111 154
0
110 154
0
109 155
0
108 155
0
107 156
0
106 156
0
105 157
0
104 157
0
103 158
0
102 158
0
101 158
0
100 159
0
99 159
0
98 160
0
97 160
0
96 161
0
95 161
0
94 162
0
93 162
0
92 163
0
91 163
0
90 163
0
89 164
0
88 164
0
87 165
0
86 165
0
85 166
0
84 166
0
83 167
0
82 167
0
81 168
0
80 168
1
291.524 80 5.1178
1
290.644 81.7443 5.0559
1
289.873 83.5396 4.994
1
289.215 85.3793 4.93209
1
288.672 87.2561 4.87019
1
288.485 89.2008 4.93209
1
287.942 91.0776 4.87019
1
288.603 87.9865 4.97539
1
289.584 84.9818 5.0806
1
290.875 82.0967 5.1858
1
292.462 79.3632 5.291
1
294.327 76.8114 5.3962
1
296.45 74.4697 5.50141
1
298.807 72.3637 5.60661
1
301.372 70.517 5.71181
1
304.115 68.9448 5.78973
1
306.816 67.3034 5.68453
1
309.33 65.3873 5.57933
1
311.629 63.2179 5.47413
1
313.687 60.8191 5.36893
1
315.482 58.2174 5.26372
1
316.994 55.4416 5.15852
1
318.206 52.5224 5.05332
1
319.104 49.492 4.94812
1
319.68 46.3841 4.84291
1
319.926 43.2328 4.73771
1
319.84 40.0732 4.63251
1
319.422 36.9401 4.52731
1
318.678 33.8681 4.4221
1
317.615 30.8913 4.3169
1
316.246 28.0425 4.2117
1
314.585 25.3533 4.1065
1
312.651 22.8533 4.00129
1
310.465 20.5703 3.89609
1
308.051 18.5295 3.79089
1
305.437 16.7534 3.68569
1
302.65 15.2617 3.58049
1
299.722 14.0708 3.47528
1
296.685 13.194 3.37008
1
293.573 12.6409 3.26488
1
290.42 12.4177 3.15968
1
287.261 12.5268 3.05447
1
284.131 12.967 2.94927
1
281.065 13.7334 2.84407
1
278.096 14.8176 2.73887
1
275.257 16.2076 2.63366
1
272.58 17.888 2.52846
1
270.094 19.8402 2.42326
1
267.827 22.0427 2.31806
1
265.804 24.4711 2.21285
1
264.046 27.0985 2.10765
1
262.575 29.8959 2.00245
1
261.405 32.8323 1.89725
1
260.55 35.8754 1.79204
1
260.02 38.9914 1.68684
1
259.819 42.1458 1.58164
1
259.951 45.3039 1.47644
1
260.414 48.4306 1.37124
1
261.203 51.4915 1.26603
1
262.309 54.4526 1.16083
1
263.719 57.2813 1.05563
1
265.222 60.0621 1.1247
1
266.434 62.9813 1.2299
1
267.333 66.0117 1.33511
1
267.908 69.1197 1.44031
1
268.154 72.271 1.54551
1
268.068 75.4306 1.65071
1
267.65 78.5637 1.75591
1
266.906 81.6356 1.86112
1
265.843 84.6124 1.96632
1
264.474 87.4611 2.07152
1
262.813 90.1503 2.17672
1
264.023 88.6163 2.11482
1
262.91 90.2222 2.05292
1
262.113 92.006 2.11482
1
261.207 93.737 2.17672
1
260.196 95.4087 2.23863
1
259.083 97.0146 2.30053
1
257.873 98.5487 2.36243
1
256.571 100.005 2.42433
1
255.181 101.378 2.48623
1
253.708 102.662 2.54814
1
252.159 103.853 2.61004
1
253.779 102.76 2.67194
1
251.985 103.535 2.61004
1
250.243 104.419 2.54814
1
248.623 105.512 2.54814
1
246.939 106.502 2.48623
1
245.467 107.786 2.54814
1
243.918 108.977 2.61004
1
242.298 110.07 2.67194
1
240.614 111.06 2.73384
1
238.776 111.722 2.67194
1
236.982 112.497 2.61004
1
235.24 113.381 2.54814
1
233.556 114.371 2.48623
1
231.936 115.464 2.42433
1
230.546 116.837 2.48623
1
228.997 118.028 2.48623
1
227.448 119.218 2.48623
1
225.899 120.409 2.48623
1
224.35 121.6 2.48623
1
222.801 122.79 2.48623
1
221.252 123.981 2.48623
1
219.703 125.172 2.48623
1
218.154 126.362 2.48623
1
216.682 127.647 2.54814
1
214.998 128.637 2.48623
1
213.525 129.921 2.54814
1
211.976 131.112 2.61004
1
210.357 132.205 2.67194
1
208.673 133.195 2.73384
1
206.93 134.079 2.79574
1
205.137 134.854 2.85765
1
203.299 135.516 2.91955
1
201.423 136.063 2.98145
1
199.479 136.255 2.91955
1
197.55 136.567 2.85765
1
195.644 136.997 2.79574
1
193.769 137.544 2.73384
1
191.931 138.207 2.67194
1
190.137 138.981 2.61004
1
188.517 140.074 2.67194
1
186.833 141.064 2.73384
1
185.091 141.948 2.79574
1
183.298 142.723 2.85765
1
181.459 143.385 2.91955
1
179.584 143.933 2.98145
1
177.678 144.363 3.04335
1
175.749 144.675 3.10525
1
173.796 144.625 3.04335
1
171.844 144.696 2.98145
1
169.899 144.887 2.91955
1
167.971 145.199 2.85765
1
166.133 145.861 2.91955
1
164.257 146.408 2.98145
1
162.351 146.839 3.04335
1
160.423 147.15 3.10525
1
158.478 147.342 3.16716
1
156.526 147.413 3.22906
1
154.573 147.363 3.29096
1
152.662 146.953 3.22906
1
150.73 146.662 3.16716
1
148.784 146.492 3.10525
1
146.831 146.442 3.04335
1
144.879 146.513 2.98145
1
142.934 146.704 2.91955
1
141.005 147.016 2.85765
1
139.1 147.446 2.79574
1
137.224 147.994 2.73384
1
135.386 148.656 2.67194
1
133.593 149.431 2.61004
1
131.85 150.315 2.54814
1
130.166 151.305 2.48623
1
128.546 152.398 2.42433
1
126.997 153.588 2.36243
1
125.525 154.873 2.30053
1
124.135 156.246 2.23863
1
122.832 157.702 2.17672
1
121.623 159.236 2.11482
1
120.51 160.842 2.05292
1
119.499 162.513 1.99102
1
118.593 164.245 1.92912
1
117.796 166.028 1.86721
1
117.111 167.858 1.80531
1
116.54 169.726 1.74341
1
116.086 171.627 1.68151
1
115.75 173.551 1.61961
1
115.534 175.493 1.5577
1
115.439 177.445 1.4958
1
115.465 179.398 1.4339
1
115.611 181.347 1.372
1
115.878 183.282 1.3101
1
116.264 185.197 1.24819
1
116.767 187.085 1.18629
1
116.148 185.232 1.12439
1
115.415 183.421 1.06249
1
114.571 181.659 1.00059
1
113.62 179.952 0.938683
1
112.566 178.307 0.876781
1
111.411 176.731 0.814879
1
110.162 175.229 0.752977
1
108.822 173.808 0.691075
1
107.396 172.472 0.629173
1
105.891 171.226 0.567271
1
104.311 170.077 0.505369
1
102.663 169.027 0.443467
1
100.954 168.081 0.381565
1
99.1889 167.243 0.319663
1
97.3756 166.515 0.257761
1
95.5209 165.901 0.195859
1
93.6316 165.403 0.133956
1
91.7152 165.023 0.0720544
1
89.779 164.762 0.0101524
1
87.8303 164.621 6.23144
1
85.8767 164.601 6.16953
1
83.9255 164.702 6.10763
1
81.9844 164.924 6.04573
1
80.0607 165.265 5.98383
2
297.107 66.9924
0 0 0.550274 -0.834984
3
297.693 42.2749
314.62 49.5397
296.521 91.7099
279.594 84.4451
2
295.411 68.4162
0 0 0.57585 -0.817555
3
294.467 43.7098
311.811 49.9136
296.355 93.1226
279.012 86.9189
2
293.807 69.9422
0 0 0.600875 -0.799343
3
291.336 45.3416
309.031 50.4605
296.278 94.5429
278.583 89.424
2
292.3 71.5645
0 0 0.625323 -0.780366
3
288.312 47.1638
306.29 51.1783
296.288 95.9652
278.311 91.9507
2
290.897 73.2769
0 0 0.649173 -0.760641
3
285.407 49.1697
303.598 52.0644
296.387 97.3842
278.196 94.4895
2
291.57 75.3861
0 0 0.625323 -0.780366
3
287.582 50.9854
305.56 54.9999
295.558 99.7868
277.581 95.7723
2
290.167 77.0985
0 0 0.649173 -0.760641
3
284.677 52.9913
302.868 55.8859
295.657 101.206
277.466 98.3111
2
292.283 74.3183
0 0 0.608283 -0.79372
3
289.355 49.7678
307.141 54.5567
295.211 98.8687
277.424 94.0798
2
294.679 71.7756
0 0 0.56571 -0.824604
3
294.345 47.0534
311.53 53.6835
295.012 96.4977
277.827 89.8676
2
297.328 69.4985
0 0 0.521573 -0.853207
3
299.593 44.878
315.987 53.2761
295.064 94.1191
278.67 85.721
2
300.203 67.5123
0 0 0.475992 -0.879449
3
305.04 43.2657
320.461 53.3389
295.366 91.759
279.944 81.6858
2
303.27 65.8389
0 0 0.429095 -0.903259
3
310.626 42.2342
324.905 53.8711
295.913 89.4436
281.635 77.8067
2
306.495 64.4968
0 0 0.381011 -0.92457
3
316.29 41.7951
329.267 54.8671
296.701 87.1986
283.723 74.1266
2
309.844 63.5009
0 0 0.331873 -0.943324
3
321.968 41.9532
333.501 56.3156
297.72 85.0486
286.187 70.6862
2
313.279 62.8621
0 0 0.281817 -0.959468
3
327.599 42.7066
337.56 58.2008
298.959 83.0176
288.998 67.5234
2
316.581 62.2401
0 0 0.24423 -0.969717
3
332.426 43.2605
341.151 59.483
300.736 81.2197
292.011 64.9971
2
318.509 59.3266
0 0 0.294877 -0.955535
3
332.274 38.788
342.654 54.0047
304.745 79.8651
294.364 64.6485
2
320.121 56.2267
0 0 0.344708 -0.93871
3
331.653 34.3563
343.573 48.3989
308.589 78.0971
296.668 64.0546
2
321.398 52.9748
0 0 0.393586 -0.919288
3
330.57 30.0144
343.899 42.7275
312.227 75.9352
298.897 63.2221
2
322.327 49.6067
0 0 0.441375 -0.897323
3
329.036 25.8102
343.627 37.0533
315.617 73.4033
301.026 62.1602
2
322.897 46.1598
0 0 0.487943 -0.872876
3
327.07 21.7902
342.761 31.439
318.723 70.5294
303.032 60.8805
2
323.101 42.672
0 0 0.533161 -0.846014
3
324.693 17.9989
341.31 25.9467
321.51 67.3452
304.892 59.3973
2
322.939 39.1821
0 0 0.576904 -0.816812
3
321.931 14.4782
339.29 20.6372
323.947 63.8859
306.587 57.727
2
322.41 35.7285
0 0 0.619052 -0.78535
3
318.814 11.267
336.724 15.569
326.007 60.1899
308.096 55.888
2
321.522 32.3495
0 0 0.659487 -0.751716
3
315.377 8.40092
333.64 10.7984
327.668 56.298
309.404 53.9006
2
320.284 29.0824
0 0 0.698098 -0.716003
3
311.658 5.91154
330.072 6.37792
328.911 52.2532
310.496 51.7868
2
318.71 25.9633
0 0 0.734777 -0.678308
3
307.699 3.82641
326.06 2.35658
329.722 48.1002
311.361 49.5701
2
316.817 23.0268
0 0 0.769424 -0.638738
3
303.542 2.16859
321.648 -1.2212
330.093 43.885
311.987 47.2748
2
314.627 20.3053
0 0 0.801943 -0.5974
3
299.234 0.956421
316.884 -4.31585
330.019 39.6542
312.369 44.9265
2
312.162 17.8289
0 0 0.832243 -0.55441
3
294.823 0.203311
311.821 -6.89315
329.501 35.4545
312.503 42.551
2
309.451 15.625
0 0 0.860242 -0.509887
3
290.357 -0.0824352
306.516 -8.9246
328.545 31.3325
312.386 40.1746
2
306.524 13.718
0 0 0.88586 -0.463953
3
285.886 0.102354
301.027 -10.3878
327.161 27.3336
312.02 37.8237
2
303.412 12.1288
0 0 0.909028 -0.416735
3
281.459 0.75565
295.415 -11.2664
325.366 23.502
311.41 35.5241
2
300.151 10.8752
0 0 0.929681 -0.368365
3
277.125 1.8702
289.741 -11.5509
323.178 19.8803
310.561 33.3014
2
296.777 9.97101
0 0 0.947763 -0.318976
3
272.932 3.4337
284.069 -11.238
320.621 16.5083
309.484 31.18
2
293.326 9.42615
0 0 0.963223 -0.268704
3
268.926 5.42885
278.461 -10.3312
317.725 13.4234
308.19 29.1835
2
289.836 9.24668
0 0 0.976018 -0.217689
3
265.152 7.8336
272.98 -8.8406
314.52 10.6598
306.693 27.334
2
286.348 9.4346
0 0 0.986114 -0.166072
3
261.652 10.6214
267.685 -6.78259
311.044 8.24784
305.011 25.6518
2
282.898 9.98782
0 0 0.993481 -0.113995
3
258.463 13.7613
262.636 -4.17996
307.333 6.21434
303.161 24.1556
2
279.526 10.9002
0 0 0.998101 -0.0616037
3
255.622 17.2187
257.887 -1.0615
303.429 4.58175
301.164 22.8619
2
276.268 12.1617
0 0 0.999959 -0.00904135
3
253.16 20.9553
253.493 2.53834
299.375 3.36812
299.042 21.7851
2
273.16 13.7584
0 0 0.999051 0.0435459
3
251.103 24.9299
249.501 6.57973
295.217 2.58688
296.819 20.937
2
270.237 15.6725
0 0 0.99538 0.0960127
3
249.476 29.0984
245.955 11.018
290.999 2.24665
294.52 20.327
2
267.532 17.883
0 0 0.988955 0.148214
3
248.295 33.4148
242.895 15.804
286.769 2.35121
292.169 19.9619
2
265.073 20.3653
0 0 0.979795 0.200005
3
247.574 37.8313
240.354 20.885
282.573 2.8994
289.792 19.8457
2
262.889 23.0921
0 0 0.967924 0.251243
3
247.32 42.2991
238.361 26.2046
278.458 3.88515
287.417 19.9797
2
261.003 26.0332
0 0 0.953376 0.301786
3
247.537 46.7689
236.938 31.7041
274.469 5.29756
285.068 20.3624
2
259.437 29.1561
0 0 0.93619 0.351494
3
248.223 51.1911
236.1 37.3227
270.651 7.12103
282.773 20.9895
2
258.207 32.4262
0 0 0.916415 0.40023
3
249.369 55.517
235.856 42.9981
267.045 9.33537
280.557 21.8542
2
257.327 35.8073
0 0 0.894104 0.447859
3
250.962 59.6985
236.21 48.6678
263.691 11.9161
278.443 22.9468
2
256.807 39.2622
0 0 0.869321 0.494249
3
252.986 63.6896
237.158 54.269
260.628 14.8347
276.456 24.2554
2
256.653 42.7525
0 0 0.842132 0.539271
3
255.418 67.4461
238.688 59.7397
257.887 18.0589
274.618 25.7654
2
256.866 46.2398
0 0 0.812614 0.582802
3
258.231 70.9265
240.784 65.0195
255.5 21.5531
272.948 27.4601
2
257.444 49.6853
0 0 0.780848 0.624721
3
261.394 74.0922
243.423 70.0499
253.494 25.2785
271.465 29.3208
2
258.381 53.0511
0 0 0.746922 0.664911
3
264.872 76.9082
246.576 74.7754
251.89 29.1941
270.186 31.3269
2
259.666 56.3
0 0 0.71093 0.703263
3
268.627 79.3435
250.208 79.1438
250.705 33.2565
269.124 33.4562
2
261.285 59.3959
0 0 0.672972 0.739668
3
272.616 81.3711
254.278 83.1066
249.954 37.4207
268.292 35.6852
2
263.22 62.3047
0 0 0.633151 0.774028
3
276.796 82.9685
258.742 86.6201
249.645 41.6409
267.699 37.9893
2
265.45 64.9942
0 0 0.59158 0.806247
3
281.121 84.1182
263.55 89.6455
249.78 45.8702
267.351 40.3429
2
267.95 67.4346
0 0 0.548371 0.836235
3
285.543 84.8074
268.649 92.1492
250.358 50.0619
267.252 42.7201
2
270.693 69.5991
0 0 0.503646 0.86391
3
290.012 85.0285
273.983 94.1036
251.374 54.1697
267.403 45.0945
2
271.33 72.8319
0 0 0.533176 0.846004
3
289.538 89.5578
272.92 97.5051
253.121 56.1059
269.739 48.1587
2
271.167 76.3218
0 0 0.576919 0.816801
3
287.518 94.8673
270.158 101.026
254.816 57.7763
272.176 51.618
2
270.638 79.7754
0 0 0.619066 0.785339
3
284.952 99.9354
267.041 104.237
256.325 59.6154
274.236 55.3141
2
269.75 83.1544
0 0 0.6595 0.751704
3
281.868 104.706
263.604 107.103
257.633 61.6028
275.896 59.2061
2
268.512 86.4214
0 0 0.698111 0.71599
3
278.299 109.126
259.885 109.592
258.725 63.7166
277.139 63.2509
2
266.938 89.5404
0 0 0.734789 0.678295
3
274.287 113.147
255.926 111.677
259.589 65.9334
277.95 67.4039
2
265.045 92.4769
0 0 0.769436 0.638724
3
269.874 116.725
251.769 113.335
260.216 68.2287
278.321 71.6191
2
262.854 95.1983
0 0 0.801954 0.597386
3
265.11 119.82
247.461 114.547
260.598 70.577
278.247 75.8499
2
260.39 97.6746
0 0 0.832253 0.554396
3
260.048 122.397
243.05 115.3
260.731 72.9525
277.729 80.0496
2
257.679 99.8784
0 0 0.860251 0.509871
3
254.743 124.428
238.584 115.585
260.614 75.3289
276.773 84.1716
2
254.751 101.785
0 0 0.885868 0.463937
3
249.254 125.891
234.113 115.4
260.248 77.6798
275.389 88.1705
2
256.696 100.728
0 0 0.871087 0.491129
3
252.701 125.127
236.94 115.593
260.692 76.3283
276.453 85.8622
2
256.347 102.764
0 0 0.855471 0.51785
3
253.868 127.364
237.548 118.823
258.825 78.1638
275.146 86.7045
2
254.786 104.117
0 0 0.871087 0.491129
3
250.791 128.517
235.03 118.983
258.782 79.718
274.543 89.2519
2
253.145 105.372
0 0 0.885868 0.463937
3
247.648 129.478
232.507 118.987
258.643 81.2665
273.784 91.7572
2
251.43 106.523
0 0 0.899801 0.436301
3
244.452 130.242
229.989 118.835
258.408 82.8035
272.871 94.2107
2
249.646 107.565
0 0 0.912872 0.408246
3
241.214 130.807
227.485 118.527
258.078 84.323
271.808 96.603
2
247.802 108.495
0 0 0.925068 0.379801
3
237.948 131.171
225.005 118.065
257.656 85.8191
270.599 98.925
2
245.903 109.309
0 0 0.936379 0.350992
3
234.666 131.332
222.558 117.451
257.141 87.2863
269.249 101.168
2
243.958 110.004
0 0 0.946792 0.321847
3
231.38 131.29
220.154 116.686
256.537 88.7188
267.763 103.323
2
241.974 110.578
0 0 0.956298 0.292393
3
228.102 131.045
217.801 115.774
255.845 90.1112
266.146 105.382
2
239.957 111.028
0 0 0.964889 0.262659
3
224.847 130.597
215.51 114.719
255.068 91.4581
264.405 107.336
2
241.157 109.166
0 0 0.972555 0.232674
3
224.864 127.763
216.528 111.338
257.449 90.5692
265.785 106.995
2
239.783 110.71
0 0 0.964889 0.262659
3
224.673 130.279
215.336 114.401
254.894 91.1402
264.231 107.019
2
238.508 112.335
0 0 0.956298 0.292393
3
224.637 132.802
214.336 117.531
252.38 91.8682
262.681 107.139
2
236.889 113.428
0 0 0.956298 0.292393
3
223.018 133.894
212.717 118.624
250.76 92.9608
261.061 108.231
2
235.717 115.129
0 0 0.946792 0.321847
3
223.138 136.414
211.912 121.81
248.295 93.843
259.521 108.447
2
233.732 115.702
0 0 0.956298 0.292393
3
219.861 136.169
209.56 120.898
247.603 95.2354
257.904 110.506
2
231.716 116.152
0 0 0.964889 0.262659
3
216.605 135.721
207.269 119.843
246.827 96.5823
256.163 112.461
2
229.676 116.476
0 0 0.972555 0.232674
3
213.383 135.073
205.047 118.647
245.968 97.8786
254.305 114.304
2
227.62 116.673
0 0 0.979289 0.202466
3
210.208 134.227
202.903 117.317
245.031 99.1193
252.336 116.029
2
226.154 118.128
0 0 0.972555 0.232674
3
209.861 136.725
201.525 120.3
242.446 99.5312
250.782 115.957
2
224.78 119.672
0 0 0.964889 0.262659
3
209.67 139.241
200.333 123.363
239.891 100.102
249.228 115.981
2
223.505 121.297
0 0 0.956298 0.292393
3
209.634 141.764
199.333 126.493
237.377 100.83
247.678 116.101
2
222.333 122.998
0 0 0.946792 0.321847
3
209.755 144.284
198.529 129.68
234.912 101.712
246.138 116.316
2
221.269 124.768
0 0 0.936379 0.350992
3
210.031 146.791
197.923 132.91
232.507 102.745
244.614 116.627
2
219.324 125.464
0 0 0.946792 0.321847
3
206.745 146.749
195.519 132.145
231.902 104.178
243.128 118.782
2
217.775 126.654
0 0 0.946792 0.321847
3
205.196 147.94
193.97 133.336
230.353 105.369
241.579 119.973
2
216.226 127.845
0 0 0.946792 0.321847
3
203.647 149.131
192.421 134.527
228.804 106.559
240.03 121.163
2
214.677 129.036
0 0 0.946792 0.321847
3
202.098 150.321
190.872 135.717
227.255 107.75
238.481 122.354
2
213.128 130.226
0 0 0.946792 0.321847
3
200.549 151.512
189.323 136.908
225.706 108.941
236.932 123.545
2
211.579 131.417
0 0 0.946792 0.321847
3
199 152.703
187.774 138.099
224.157 110.131
235.383 124.735
2
210.03 132.608
0 0 0.946792 0.321847
3
197.451 153.893
186.225 139.289
222.608 111.322
233.834 125.926
2
208.481 133.798
0 0 0.946792 0.321847
3
195.902 155.084
184.676 140.48
221.059 112.513
232.285 127.117
2
206.932 134.989
0 0 0.946792 0.321847
3
194.353 156.275
183.127 141.671
219.51 113.703
230.736 128.307
2
204.947 135.563
0 0 0.956298 0.292393
3
191.076 156.029
180.775 140.759
218.818 115.096
229.119 130.366
2
203.775 137.264
0 0 0.946792 0.321847
3
191.197 158.549
179.971 143.945
216.354 115.978
227.58 130.582
2
201.791 137.837
0 0 0.956298 0.292393
3
187.919 158.304
177.618 143.033
215.662 117.37
225.963 132.641
2
199.774 138.287
0 0 0.964889 0.262659
3
184.664 157.856
175.327 141.978
214.885 118.717
224.222 134.596
2
197.734 138.611
0 0 0.972555 0.232674
3
181.442 157.208
173.105 140.782
214.027 120.014
222.363 136.439
2
195.678 138.808
0 0 0.979289 0.202466
3
178.266 156.362
170.962 139.452
213.09 121.254
220.394 138.164
2
193.613 138.878
0 0 0.985086 0.172063
3
175.149 155.32
168.905 137.991
212.078 122.435
218.322 139.764
2
191.549 138.819
0 0 0.989939 0.141497
3
172.102 154.088
166.942 136.406
210.995 123.55
216.155 141.233
2
189.491 138.633
0 0 0.993843 0.110794
3
169.138 152.67
165.081 134.703
209.845 124.596
213.901 142.564
2
187.449 138.321
0 0 0.996796 0.0799854
3
166.266 151.072
163.329 132.887
208.632 125.57
211.569 143.754
2
185.671 139.372
0 0 0.993843 0.110794
3
165.318 153.409
161.261 135.441
206.025 125.335
210.081 143.303
2
183.962 140.532
0 0 0.989939 0.141497
3
164.516 155.801
159.356 138.119
203.408 125.263
208.568 142.945
2
182.327 141.795
0 0 0.985086 0.172063
3
163.863 158.238
157.619 140.909
200.792 125.352
207.036 142.682
2
180.774 143.157
0 0 0.979289 0.202466
3
163.363 160.711
156.058 143.801
198.186 125.604
205.49 142.513
2
179.308 144.613
0 0 0.972555 0.232674
3
163.016 163.21
154.679 146.784
195.601 126.016
203.937 142.441
2
177.935 146.156
0 0 0.964889 0.262659
3
162.824 165.725
153.488 149.847
193.046 126.587
202.383 142.465
2
175.895 146.48
0 0 0.972555 0.232674
3
159.603 165.077
151.266 148.652
192.188 127.883
200.524 144.309
2
173.839 146.677
0 0 0.979289 0.202466
3
156.427 164.231
149.123 147.321
191.25 129.124
198.555 146.033
2
171.774 146.747
0 0 0.985086 0.172063
3
153.31 163.19
147.066 145.86
190.238 130.304
196.483 147.633
2
169.709 146.689
0 0 0.989939 0.141497
3
150.263 161.958
145.103 144.275
189.155 131.419
194.316 149.102
2
167.652 146.503
0 0 0.993843 0.110794
3
147.299 160.54
143.242 142.572
188.005 132.466
192.062 150.434
2
165.61 146.19
0 0 0.996796 0.0799854
3
144.427 158.941
141.49 140.757
186.793 133.439
189.73 151.623
2
163.591 145.751
0 0 0.998794 0.0491002
3
141.66 157.167
139.854 138.836
185.522 134.335
187.329 152.666
2
161.604 145.189
0 0 0.999835 0.0181679
3
139.008 155.226
138.339 136.818
184.199 135.151
184.868 153.559
2
159.71 146.013
0 0 0.998794 0.0491002
3
137.778 157.429
135.972 139.098
181.641 134.597
183.447 152.928
2
157.87 146.953
0 0 0.996796 0.0799854
3
136.687 159.704
133.75 141.519
179.053 134.202
181.99 152.386
2
156.092 148.005
0 0 0.993843 0.110794
3
135.739 162.041
131.682 144.074
176.445 133.968
180.502 151.935
2
154.383 149.164
0 0 0.989939 0.141497
3
134.936 164.433
129.776 146.751
173.829 133.895
178.989 151.578
2
152.325 148.978
0 0 0.993843 0.110794
3
131.972 163.015
127.915 145.047
172.679 134.941
176.735 152.909
2
150.283 148.666
0 0 0.996796 0.0799854
3
129.1 161.416
126.163 143.232
171.466 135.915
174.403 154.099
2
148.265 148.227
0 0 0.998794 0.0491002
3
126.334 159.643
124.527 141.312
170.196 136.811
172.002 155.142
2
146.277 147.664
0 0 0.999835 0.0181679
3
123.682 157.702
123.012 139.294
168.872 137.627
169.541 156.035
2
144.328 146.98
0 0 0.999918 -0.0127818
3
121.155 155.601
121.626 137.187
167.501 138.36
167.03 156.774
2
142.425 146.176
0 0 0.999044 -0.0437192
3
118.763 153.347
120.372 134.997
166.087 139.006
164.478 157.355
2
140.575 145.256
0 0 0.997212 -0.0746148
3
116.515 150.949
119.256 132.734
164.635 139.564
161.894 157.778
2
138.562 145.717
0 0 0.999044 -0.0437192
3
114.9 152.887
116.509 134.538
162.223 138.546
160.614 156.896
2
136.58 146.301
0 0 0.999918 -0.0127818
3
113.407 154.921
113.878 136.507
159.753 137.68
159.282 156.094
2
134.638 147.006
0 0 0.999835 0.0181679
3
112.043 157.044
111.374 138.636
157.234 136.969
157.903 155.376
2
132.744 147.83
0 0 0.998794 0.0491002
3
110.813 159.246
109.007 140.915
154.675 136.414
156.482 154.745
2
130.905 148.77
0 0 0.996796 0.0799854
3
109.722 161.521
106.785 143.337
152.087 136.019
155.025 154.203
2
129.127 149.822
0 0 0.993843 0.110794
3
108.773 163.859
104.717 145.891
149.48 135.785
153.537 153.753
2
127.417 150.981
0 0 0.989939 0.141497
3
107.971 166.251
102.811 148.568
146.863 135.712
152.024 153.395
2
125.783 152.245
0 0 0.985086 0.172063
3
107.319 168.688
101.074 151.358
144.247 135.802
150.491 153.131
2
124.23 153.607
0 0 0.979289 0.202466
3
106.818 171.16
99.5136 154.25
141.641 136.053
148.946 152.963
2
122.764 155.062
0 0 0.972555 0.232674
3
106.471 173.659
98.1349 157.234
139.056 136.465
147.393 152.891
2
121.391 156.605
0 0 0.964889 0.262659
3
106.28 176.175
96.9433 160.296
136.501 137.036
145.838 152.914
2
120.116 158.231
0 0 0.956298 0.292393
3
106.244 178.697
95.9434 163.427
133.987 137.764
144.288 153.034
2
118.944 159.932
0 0 0.946792 0.321847
3
106.365 181.217
95.1392 166.614
131.522 138.646
142.748 153.25
2
117.879 161.702
0 0 0.936379 0.350992
3
106.641 183.725
94.5336 169.844
129.117 139.679
141.225 153.561
2
116.926 163.535
0 0 0.925068 0.379801
3
107.072 186.211
94.129 173.105
126.78 140.859
139.723 153.965
2
116.088 165.423
0 0 0.912872 0.408246
3
107.656 188.665
93.927 176.385
124.52 142.181
138.25 154.461
2
115.369 167.36
0 0 0.899801 0.436301
3
108.391 191.079
93.9282 179.672
122.347 143.64
136.81 155.048
2
114.771 169.337
0 0 0.885868 0.463937
3
109.273 193.442
94.1327 182.952
120.268 145.231
135.409 155.722
2
114.296 171.347
0 0 0.871087 0.491129
3
110.301 195.747
94.5398 186.213
118.292 146.948
134.053 156.482
2
113.947 173.383
0 0 0.855471 0.51785
3
111.468 197.983
95.1478 189.442
116.425 148.783
132.746 157.324
2
113.724 175.437
0 0 0.839036 0.544076
3
112.772 200.143
95.9545 192.628
114.676 150.731
131.493 158.246
2
113.629 177.5
0 0 0.821797 0.56978
3
114.207 202.218
96.9567 195.758
113.05 152.783
130.3 159.243
2
113.661 179.566
0 0 0.803771 0.594939
3
115.767 204.201
98.1506 198.82
111.555 154.931
129.172 160.312
2
113.821 181.625
0 0 0.784975 0.619527
3
117.447 206.083
99.5316 201.802
110.195 157.168
128.111 161.449
2
114.109 183.671
0 0 0.765427 0.643522
3
119.241 207.857
101.094 204.693
108.976 159.485
127.123 162.649
2
114.522 185.695
0 0 0.745146 0.666901
3
121.14 209.517
102.833 207.482
107.903 161.873
126.211 163.908
2
115.06 187.69
0 0 0.724151 0.689641
3
123.139 211.057
104.741 210.158
106.98 164.323
125.378 165.221
2
115.72 189.647
0 0 0.702463 0.711721
3
125.229 212.469
106.811 212.711
106.21 166.825
124.629 166.583
2
116.5 191.56
0 0 0.680101 0.733118
3
127.403 213.75
109.035 215.13
105.596 169.369
123.965 167.989
2
117.396 193.421
0 0 0.657088 0.753813
3
129.652 214.894
111.404 217.408
105.141 171.947
123.389 169.434
2
118.407 195.223
0 0 0.633446 0.773787
3
131.967 215.897
113.909 219.535
104.846 174.549
122.904 170.911
2
119.526 196.959
0 0 0.609197 0.793019
3
134.339 216.754
116.542 221.502
104.713 177.163
122.511 172.415
2
120.751 198.622
0 0 0.584365 0.811491
3
136.76 217.463
119.291 223.303
104.742 179.781
122.212 173.941
2
122.077 200.206
0 0 0.558972 0.829186
3
139.221 218.021
122.146 224.931
104.932 182.391
122.007 175.482
2
122.259 198
0 0 0.533044 0.846087
3
140.472 214.72
123.857 222.673
104.045 181.28
120.66 173.327
2
122.304 195.786
0 0 0.506606 0.862178
3
141.517 211.348
125.426 220.313
103.091 180.225
119.182 171.26
2
122.212 193.574
0 0 0.479682 0.877442
3
142.351 207.917
126.845 217.861
102.074 179.231
117.579 169.288
2
121.984 191.372
0 0 0.452299 0.891866
3
142.971 204.442
128.111 215.325
100.996 178.302
115.857 167.419
2
121.62 189.188
0 0 0.424483 0.905436
3
143.376 200.934
129.216 212.716
99.8639 177.441
114.023 165.66
2
121.121 187.031
0 0 0.39626 0.918138
3
143.562 197.409
130.159 210.044
98.6803 176.653
112.083 164.017
2
120.49 184.909
0 0 0.367657 0.929961
3
143.53 193.879
130.934 207.319
97.4502 175.939
110.046 162.498
2
119.729 182.829
0 0 0.338702 0.940894
3
143.28 190.357
131.539 204.551
96.1782 175.302
107.918 161.108
2
118.841 180.801
0 0 0.309423 0.950924
3
142.812 186.858
131.972 201.75
94.8693 174.745
105.709 159.852
2
117.828 178.832
0 0 0.279848 0.960044
3
142.128 183.394
132.231 198.929
93.5285 174.271
103.426 158.736
2
116.696 176.929
0 0 0.250004 0.968245
3
141.232 179.979
132.314 196.096
92.1608 173.88
101.079 157.762
2
115.449 175.1
0 0 0.219921 0.975518
3
140.126 176.626
132.223 193.264
90.7716 173.574
98.6752 156.936
2
114.091 173.352
0 0 0.189627 0.981856
3
138.815 173.348
131.956 190.444
89.3662 173.355
96.2253 156.26
2
112.627 171.691
0 0 0.159152 0.987254
3
137.304 170.158
131.515 187.645
87.9499 173.224
93.7384 155.737
2
111.063 170.123
0 0 0.128524 0.991706
3
135.598 167.067
130.902 184.878
86.5282 173.18
91.2238 155.369
2
109.405 168.656
0 0 0.0977728 0.995209
3
133.704 164.087
130.119 182.155
85.1066 173.224
88.6913 155.157
2
107.66 167.294
0 0 0.0669282 0.997758
3
131.629 161.23
129.169 179.485
83.6903 173.357
86.1504 155.102
2
105.834 166.042
0 0 0.0360194 0.999351
3
129.382 158.508
128.056 176.88
82.285 173.576
83.6111 155.204
2
103.933 164.906
0 0 0.00507616 0.999987
3
126.971 155.929
126.784 174.348
80.896 173.882
81.083 155.463
2
101.966 163.889
0 0 0.0258719 -0.999665
3
124.404 153.505
125.357 171.9
79.5285 174.274
78.5757 155.878
2
99.9404 162.996
0 0 0.0567952 -0.998386
3
121.693 151.243
123.782 169.545
78.1879 174.749
76.0989 156.448
2
97.863 162.23
0 0 0.0876641 -0.99615
3
118.847 149.154
122.064 167.291
76.8792 175.306
73.6621 157.169
2
95.7422 161.594
0 0 0.118449 -0.99296
3
115.877 147.245
120.21 165.149
75.6075 175.943
71.2746 158.04
2
93.5861 161.091
0 0 0.149121 -0.988819
3
112.795 145.524
118.227 163.125
74.3777 176.658
68.9455 159.057
