0
80 134
0
81 133
0
82 132
0
83 131
0
84 131
0
85 131
0
86 131
0
87 130
0
88 129
0
89 128
0
90 127
0
91 126
0
92 126
0
93 126
0
94 125
0
95 124
0
96 123
0
97 122
0
98 121
0
99 121
0
100 121
0
101 121
0
102 121
0
103 121
0
104 121
0
105 121
0
106 121
0
107 121
0
108 121
0
109 120
0
110 119
0
111 119
0
112 118
0
113 117
0
114 116
0
115 115
0
115 114
0
115 113
0
116 112
0
116 111
0
117 110
0
117 109
0
117 108
0
117 107
0
117 106
0
118 105
0
118 104
0
118 103
0
118 102
0
119 101
0
119 100
0
119 99
0
120 98
0
120 97
0
121 96
0
121 95
0
122 94
0
122 93
0
123 92
0
123 91
0
123 90
0
124 89
0
124 88
0
125 87
0
125 86
0
126 85
0
126 84
0
127 83
0
127 82
0
127 81
0
128 80
1
80 134.726 3.67422
1
78.3169 133.734 3.67422
1
76.6338 132.742 3.67422
1
74.9507 131.75 3.67422
1
73.2675 130.758 3.67422
1
71.5844 129.766 3.67422
1
69.9659 128.671 3.61232
1
68.2828 127.679 3.55041
1
65.3204 126.577 3.44521
1
62.2587 125.792 3.34001
1
59.1314 125.333 3.23481
1
55.9732 125.204 3.1296
1
52.8189 125.408 3.0244
1
49.7036 125.942 2.9192
1
46.6615 126.801 2.814
1
43.7264 127.974 2.7088
1
40.9307 129.448 2.60359
1
38.3053 131.209 2.49839
1
35.8793 133.235 2.39319
1
33.6794 135.504 2.28799
1
31.73 137.992 2.18278
1
30.0526 140.671 2.07758
1
28.6659 143.512 1.97238
1
27.5851 146.482 1.86718
1
26.8222 149.55 1.76197
1
26.3855 152.68 1.65677
1
26.2801 155.839 1.55157
1
26.5069 158.992 1.44637
1
27.0635 162.103 1.34116
1
27.9438 165.139 1.23596
1
29.138 168.066 1.13076
1
30.633 170.85 1.02556
1
32.412 173.463 0.920355
1
34.4556 175.874 0.815153
1
36.7412 178.058 0.709951
1
39.2433 179.989 0.604748
1
41.9344 181.647 0.499546
1
44.7848 183.013 0.394344
1
47.7628 184.072 0.289141
1
50.8356 184.813 0.183939
1
53.9692 185.227 0.0787368
1
57.1289 185.31 6.25672
1
60.2799 185.06 6.15152
1
63.3872 184.481 6.04632
1
66.4165 183.579 5.94111
1
69.3343 182.363 5.83591
1
72.1084 180.848 5.73071
1
74.708 179.05 5.62551
1
77.1045 176.989 5.5203
1
79.2713 174.688 5.4151
1
81.2596 172.229 5.38918
1
83.2401 169.764 5.38918
1
85.2207 167.299 5.38918
1
87.2012 164.833 5.38918
1
89.1817 162.368 5.38918
1
91.1622 159.903 5.38918
1
93.1427 157.438 5.38918
1
95.1232 154.972 5.38918
1
97.1037 152.507 5.38918
1
99.0842 150.042 5.38918
1
101.065 147.576 5.38918
1
103.045 145.111 5.38228
1
104.874 142.533 5.27707
1
106.423 139.778 5.17187
1
107.674 136.875 5.06667
1
107.111 138.746 5.12857
1
106.433 140.578 5.19047
1
105.643 142.365 5.25237
1
104.744 144.1 5.31428
1
103.74 145.776 5.37618
1
102.634 147.386 5.43808
1
101.43 148.925 5.49998
1
100.133 150.387 5.56188
1
98.7487 151.765 5.62379
1
100.216 150.475 5.68569
1
101.76 149.278 5.74759
1
103.375 148.179 5.80949
1
105.055 147.182 5.8714
1
106.794 146.29 5.9333
1
108.585 145.508 5.9952
1
110.42 144.839 6.0571
1
112.293 144.284 6.119
1
114.237 144.084 6.0571
1
116.164 143.765 5.9952
1
118 143.095 6.0571
1
119.873 142.54 6.119
1
121.777 142.102 6.18091
1
123.704 141.783 6.24281
1
125.648 141.584 0.0215241
1
127.6 141.505 0.0834262
1
129.553 141.547 0.145328
1
131.5 141.71 0.20723
1
133.434 141.992 0.269132
1
135.345 142.394 0.331034
1
137.229 142.914 0.392937
1
139.077 143.549 0.454839
1
140.881 144.297 0.516741
1
139.126 143.439 0.578643
1
137.428 142.473 0.640545
1
135.792 141.405 0.702447
1
134.225 140.237 0.764349
1
132.734 138.975 0.826251
1
131.324 137.623 0.888153
1
130 136.186 0.950055
1
128.768 134.67 1.01196
1
127.631 133.081 1.07386
1
126.595 131.424 1.13576
1
125.664 129.707 1.19766
1
124.84 127.935 1.25957
1
124.128 126.116 1.32147
1
123.53 124.256 1.38337
1
123.048 122.363 1.44527
1
122.684 120.443 1.50717
1
122.439 118.505 1.56908
1
122.315 116.555 1.63098
1
122.312 114.601 1.69288
1
122.429 112.651 1.75478
1
122.667 110.712 1.81668
1
123.024 108.791 1.87859
1
123.73 106.969 1.81668
1
124.322 105.107 1.75478
1
124.798 103.212 1.69288
1
125.036 101.273 1.69288
1
125.274 99.334 1.69288
1
125.512 97.3948 1.69288
1
125.75 95.4556 1.69288
1
125.988 93.5163 1.69288
1
126.225 91.5771 1.69288
1
126.463 89.6379 1.69288
1
126.701 87.6987 1.69288
1
126.939 85.7595 1.69288
1
127.177 83.8203 1.69288
1
127.295 81.8701 1.75478
2
67.8058 127.538
0 0 0.964748 -0.263176
3
43.3624 123.821
52.716 107.953
92.2492 131.256
82.8956 147.124
2
66.1227 126.546
0 0 0.964748 -0.263176
3
41.6793 122.829
51.0329 106.961
90.5661 130.264
81.2125 146.132
2
64.4396 125.554
0 0 0.964748 -0.263176
3
39.9962 121.837
49.3498 105.969
88.883 129.271
79.5293 145.14
2
62.7565 124.562
0 0 0.964748 -0.263176
3
38.3131 120.845
47.6667 104.977
87.1999 128.279
77.8462 144.148
2
61.0733 123.57
0 0 0.964748 -0.263176
3
36.63 119.853
45.9836 103.984
85.5167 127.287
76.1631 143.156
2
59.3902 122.578
0 0 0.964748 -0.263176
3
34.9468 118.861
44.3005 102.992
83.8336 126.295
74.48 142.164
2
57.3504 122.252
0 0 0.97243 -0.233195
3
32.7239 120.054
41.0779 103.637
81.9769 124.45
73.6229 140.866
2
55.2943 122.052
0 0 0.979181 -0.20299
3
30.579 121.382
37.9015 104.48
80.0097 122.723
72.6872 139.625
2
51.8129 122.345
0 0 0.988499 -0.151227
3
27.1638 124.274
32.6709 106.696
76.4619 120.416
70.9548 137.994
2
48.3814 123.002
0 0 0.995083 -0.0990459
3
24.0711 127.508
27.702 109.45
72.6917 118.495
69.0608 136.554
2
45.0378 124.015
0 0 0.998914 -0.0465904
3
21.3352 131.049
23.0497 112.709
68.7405 116.981
67.026 135.321
2
41.8192 125.374
0 0 0.999982 0.00599388
3
18.9862 134.858
18.7654 116.44
64.6521 115.89
64.8729 134.308
2
38.761 127.063
0 0 0.998284 0.0585615
3
17.0503 138.893
14.8966 120.599
60.4718 115.234
62.6255 133.527
2
35.8972 129.065
0 0 0.993824 0.110967
3
15.5487 143.109
11.4859 125.142
56.2457 115.021
60.3085 132.987
2
33.2593 131.355
0 0 0.986615 0.163066
3
14.498 147.459
8.57107 130.018
52.0206 115.252
57.9475 132.693
2
30.8766 133.911
0 0 0.976677 0.214714
3
13.91 151.895
6.18439 135.173
47.8432 115.926
55.5687 132.648
2
28.7753 136.702
0 0 0.964037 0.265767
3
13.791 156.368
4.35224 140.55
43.7596 117.035
53.1984 132.853
2
26.9788 139.698
0 0 0.948731 0.316086
3
14.1424 160.829
3.09485 146.09
39.8151 118.567
50.8627 133.306
2
25.5068 142.867
0 0 0.9308 0.36553
3
14.9604 165.229
2.42614 151.731
36.0532 120.504
48.5875 134.002
2
24.3757 146.172
0 0 0.910294 0.413963
3
16.2359 169.518
2.35351 157.412
32.5156 122.826
46.3979 134.933
2
23.598 149.578
0 0 0.88727 0.461251
3
17.9547 173.65
2.87774 163.068
29.2413 125.507
44.3183 136.089
2
23.1822 153.047
0 0 0.861791 0.507263
3
20.0978 177.579
3.99306 168.638
26.2666 128.516
42.3714 137.457
2
23.1331 156.541
0 0 0.833929 0.551872
3
22.6417 181.26
5.68713 174.06
23.6244 131.821
40.579 139.021
2
23.451 160.02
0 0 0.80376 0.594954
3
25.5581 184.654
7.9412 179.275
21.3439 135.386
38.9607 140.765
2
24.1325 163.447
0 0 0.771367 0.63639
3
28.8148 187.724
10.7304 184.224
19.4502 139.17
37.5346 142.67
2
25.17 166.783
0 0 0.736841 0.676066
3
32.3757 190.434
14.0238 188.852
17.9644 143.132
36.3163 144.713
2
26.5522 169.991
0 0 0.700277 0.713872
3
36.2016 192.755
17.785 193.109
16.9028 147.228
35.3194 146.874
2
28.2637 173.037
0 0 0.661775 0.749703
3
40.2501 194.662
21.9725 196.948
16.2772 151.413
34.5548 149.127
2
30.2855 175.887
0 0 0.621442 0.78346
3
44.4764 196.133
26.54 200.326
16.0945 155.64
34.031 151.448
2
32.5953 178.508
0 0 0.579391 0.81505
3
48.8339 197.152
31.4368 203.205
16.3568 159.864
33.7539 153.811
2
35.1677 180.872
0 0 0.535737 0.844385
3
53.2742 197.708
36.609 205.554
17.0611 164.036
33.7264 156.19
2
37.974 182.953
0 0 0.490601 0.871385
3
57.7484 197.795
41.9992 207.348
18.1997 168.111
33.9489 158.558
2
40.9834 184.728
0 0 0.444107 0.895974
3
62.207 197.411
47.548 208.565
19.7599 172.045
34.4188 160.891
2
44.1625 186.177
0 0 0.396386 0.918084
3
66.6005 196.561
53.1939 209.193
21.7245 175.793
35.1312 163.161
2
47.4762 187.284
0 0 0.347567 0.937655
3
70.8806 195.255
58.8745 209.224
24.0718 179.313
36.0779 165.344
2
50.8879 188.037
0 0 0.297788 0.954632
3
74.9998 193.506
64.527 208.659
26.7759 182.568
37.2487 167.415
2
54.3597 188.428
0 0 0.247184 0.968969
3
78.9127 191.334
70.089 207.503
29.8067 185.521
38.6304 169.352
2
57.8534 188.452
0 0 0.195897 0.980625
3
82.5758 188.764
75.4988 205.77
33.1309 188.139
40.2079 171.133
2
61.3302 188.108
0 0 0.144068 0.989568
3
85.9488 185.823
80.6967 203.478
36.7116 190.394
41.9637 172.738
2
64.7518 187.402
0 0 0.09184 0.995774
3
88.9943 182.544
85.6252 200.653
40.5093 192.26
43.8784 174.151
2
68.0804 186.34
0 0 0.0393582 0.999225
3
91.6787 178.964
90.2298 197.327
44.482 193.717
45.9309 175.354
2
71.279 184.935
0 0 0.0132325 -0.999912
3
93.9722 175.121
94.4597 193.535
48.5857 194.749
48.0983 176.336
2
74.3124 183.202
0 0 0.0657864 -0.997834
3
95.8496 171.059
98.2679 189.32
52.7751 195.344
50.3568 177.084
2
77.1469 181.159
0 0 0.118158 -0.992995
3
97.29 166.822
101.612 184.728
57.0039 195.496
52.6814 177.591
2
79.7514 178.83
0 0 0.170204 -0.985409
3
98.2776 162.457
104.456 179.81
61.2252 195.204
55.0464 177.851
2
82.0969 176.241
0 0 0.221778 -0.975097
3
98.8013 158.013
106.768 174.621
65.3924 194.469
57.4256 177.861
2
84.1575 173.42
0 0 0.272739 -0.962088
3
98.8555 153.538
108.522 169.218
69.4595 193.301
59.7927 177.621
2
85.9105 170.398
0 0 0.322945 -0.946418
3
98.4395 149.083
109.699 163.661
73.3814 191.712
62.1216 177.135
2
87.3364 167.208
0 0 0.372258 -0.928129
3
97.558 144.695
110.286 158.01
77.1149 189.721
64.3865 176.406
2
88.4195 163.886
0 0 0.420542 -0.907273
3
96.2206 140.425
110.277 152.33
80.6185 187.348
66.5623 175.443
2
90.1248 161.194
0 0 0.432266 -0.901746
3
97.3151 137.538
111.675 149.075
82.9345 184.85
68.5745 173.314
2
92.1053 158.729
0 0 0.432266 -0.901746
3
99.2956 135.073
113.656 146.609
84.915 182.385
70.555 170.848
2
94.0858 156.264
0 0 0.432266 -0.901746
3
101.276 132.608
115.636 144.144
86.8955 179.919
72.5355 168.383
2
96.0663 153.798
0 0 0.432266 -0.901746
3
103.257 130.142
117.617 141.679
88.8761 177.454
74.5161 165.918
2
98.0469 151.333
0 0 0.432266 -0.901746
3
105.237 127.677
119.597 139.213
90.8566 174.989
76.4966 163.452
2
100.027 148.868
0 0 0.432266 -0.901746
3
107.218 125.212
121.578 136.748
92.8371 172.524
78.4771 160.987
2
102.008 146.402
0 0 0.432266 -0.901746
3
109.198 122.747
123.558 134.283
94.8176 170.058
80.4576 158.522
2
103.988 143.937
0 0 0.432266 -0.901746
3
111.179 120.281
125.539 131.818
96.7981 167.593
82.4381 156.057
2
105.969 141.472
0 0 0.432266 -0.901746
3
113.159 117.816
127.519 129.352
98.7786 165.128
84.4186 153.591
2
107.949 139.007
0 0 0.432266 -0.901746
3
115.14 115.351
129.5 126.887
100.759 162.662
86.3991 151.126
2
109.93 136.541
0 0 0.432266 -0.901746
3
117.12 112.886
131.48 124.422
102.74 160.197
88.3796 148.661
2
111.834 134.015
0 0 0.435375 -0.900249
3
118.86 110.31
133.3 121.747
104.807 157.72
90.3674 146.283
2
112.449 130.576
0 0 0.482105 -0.876113
3
116.948 106.264
132.509 116.121
107.951 154.887
92.3901 145.03
2
112.701 127.091
0 0 0.527502 -0.849554
3
114.622 102.441
131.131 110.61
110.78 151.741
94.2701 143.572
2
112.585 123.599
0 0 0.571439 -0.820644
3
111.906 98.884
129.182 105.274
113.263 148.314
95.9865 141.924
2
112.833 125.799
0 0 0.54577 -0.837935
3
113.685 101.089
130.533 108.536
111.981 150.509
95.1334 143.062
2
112.945 128.01
0 0 0.519577 -0.854423
3
115.325 103.401
131.679 111.875
110.566 152.62
94.2116 144.145
2
112.921 130.224
0 0 0.492888 -0.870093
3
116.818 105.809
132.617 115.279
109.024 154.64
93.2245 145.17
2
112.759 132.432
0 0 0.465726 -0.884929
3
118.159 108.305
133.342 118.734
107.359 156.56
92.1759 146.131
2
112.461 134.626
0 0 0.438117 -0.898918
3
119.343 110.879
133.852 122.228
105.579 158.374
91.0699 147.025
2
112.028 136.798
0 0 0.41009 -0.912045
3
120.366 113.522
134.145 125.746
103.69 160.074
89.9107 147.849
2
111.461 138.938
0 0 0.381669 -0.924299
3
121.223 116.222
134.219 129.276
101.699 161.654
88.7027 148.6
2
110.763 141.039
0 0 0.352883 -0.935668
3
121.912 118.971
134.075 132.803
99.6144 163.107
87.4505 149.275
2
109.936 143.093
0 0 0.323758 -0.94614
3
122.429 121.757
133.714 136.315
97.4439 164.429
86.159 149.871
2
111.919 142.512
0 0 0.294324 -0.955706
3
125.707 121.989
136.07 137.218
98.1301 163.034
87.7675 147.805
2
113.933 142.054
0 0 0.264608 -0.964356
3
128.964 122.424
138.365 138.264
98.9013 161.684
89.5006 145.844
2
115.972 141.722
0 0 0.234638 -0.972083
3
132.189 123.059
140.592 139.451
99.7546 160.384
91.3518 143.993
2
118.027 141.516
0 0 0.204443 -0.978878
3
135.368 123.892
142.74 140.772
100.687 159.14
93.314 142.26
2
120.091 141.438
0 0 0.174053 -0.984736
3
138.489 124.921
144.803 142.225
101.694 157.955
95.3796 140.652
2
122.157 141.488
0 0 0.143496 -0.989651
3
141.541 126.14
146.773 143.802
102.772 156.836
97.5407 139.174
2
124.215 141.666
0 0 0.112801 -0.993618
3
144.511 127.547
148.64 145.498
103.918 155.785
99.7891 137.833
2
126.258 141.97
0 0 0.0819988 -0.996632
3
147.389 129.134
150.4 147.306
105.127 154.807
102.116 136.634
2
128.032 140.911
0 0 0.112801 -0.993618
3
148.328 126.792
152.457 144.743
107.735 155.03
103.606 137.079
2
129.736 139.745
0 0 0.143496 -0.989651
3
149.121 124.397
154.352 142.058
110.352 155.092
105.12 137.431
2
131.794 139.922
0 0 0.112801 -0.993618
3
152.091 125.803
156.22 143.754
111.498 154.041
107.369 136.09
2
133.838 140.227
0 0 0.0819988 -0.996632
3
154.969 127.39
157.979 145.563
112.706 153.063
109.696 134.891
2
135.858 140.657
0 0 0.0511177 -0.998693
3
157.743 129.152
159.623 147.476
113.973 152.162
112.092 133.838
2
137.848 141.212
0 0 0.0201876 -0.999796
3
160.402 131.083
161.146 149.488
115.293 151.34
114.55 132.935
2
139.8 141.888
0 0 0.0107619 0.999942
3
162.938 133.174
162.541 151.59
116.662 150.602
117.058 132.186
2
141.706 142.684
0 0 0.041701 0.99913
3
165.339 135.418
163.804 153.774
118.073 149.95
119.608 131.594
2
143.559 143.597
0 0 0.0726002 0.997361
3
167.596 137.807
164.929 156.032
119.522 149.387
122.19 131.161
2
145.352 144.622
0 0 0.10343 0.994637
3
169.702 140.33
165.912 158.356
121.003 148.914
124.793 130.888
2
147.079 145.756
0 0 0.13416 0.99096
3
171.647 142.979
166.749 160.736
122.511 148.534
127.409 130.777
2
148.732 146.995
0 0 0.164763 0.986333
3
173.425 145.743
167.438 163.163
124.039 148.247
130.026 130.828
2
150.305 148.334
0 0 0.195207 0.980762
3
175.028 148.612
167.975 165.628
125.582 148.056
132.635 131.04
2
151.792 149.767
0 0 0.225464 0.974251
3
176.451 151.574
168.359 168.121
127.134 147.961
135.226 131.414
2
153.188 151.29
0 0 0.255505 0.966808
3
177.688 154.619
168.587 170.634
128.689 147.962
137.789 131.947
2
150.977 151.18
0 0 0.285302 0.958438
3
175.223 156.018
165.15 171.439
126.73 146.342
136.804 130.921
2
148.777 150.933
0 0 0.314825 0.94915
3
172.677 157.261
161.669 172.03
124.876 144.605
135.884 129.836
2
146.596 150.55
0 0 0.344047 0.938953
3
170.059 158.345
158.159 172.404
123.132 142.756
135.033 128.696
2
144.443 150.034
0 0 0.372939 0.927856
3
167.379 159.265
154.632 172.561
121.507 140.802
134.254 127.506
2
142.326 149.385
0 0 0.401474 0.915871
3
164.648 160.017
151.102 172.499
120.005 138.752
133.551 126.27
2
140.254 148.606
0 0 0.429624 0.903008
3
161.874 160.599
147.582 172.219
118.633 136.613
132.925 124.993
2
138.233 147.701
0 0 0.457363 0.88928
3
159.071 161.008
144.087 171.722
117.396 134.393
132.379 123.679
2
136.273 146.672
0 0 0.484664 0.874701
3
156.247 161.243
140.629 171.009
116.298 132.101
131.916 122.334
2
134.379 145.524
0 0 0.5115 0.859283
3
153.414 161.303
137.222 170.084
115.345 129.745
131.537 120.963
2
132.561 144.261
0 0 0.537846 0.843043
3
150.583 161.187
133.879 168.95
114.539 127.335
131.243 119.572
2
130.824 142.888
0 0 0.563678 0.825995
3
147.764 160.897
130.612 167.612
113.883 124.879
131.036 118.165
2
129.175 141.41
0 0 0.588969 0.808156
3
144.969 160.432
127.434 166.073
113.381 122.388
130.916 116.747
2
127.621 139.833
0 0 0.613696 0.789542
3
142.208 159.796
124.358 164.341
113.034 119.87
130.884 115.325
2
126.167 138.163
0 0 0.637836 0.770173
3
139.492 158.99
121.394 162.422
112.843 117.336
130.941 113.904
2
124.82 136.406
0 0 0.661364 0.750065
3
136.83 158.018
118.555 160.324
112.81 114.795
131.085 112.489
2
123.584 134.57
0 0 0.684259 0.729239
3
134.234 156.883
115.851 158.054
112.934 112.257
131.316 111.085
2
122.464 132.66
0 0 0.706498 0.707715
3
131.713 155.589
113.293 155.621
113.214 109.731
131.634 109.699
2
121.464 130.684
0 0 0.728061 0.685513
3
129.277 154.142
110.89 153.034
113.65 107.227
132.037 108.335
2
120.588 128.651
0 0 0.748926 0.662654
3
126.935 152.547
108.652 150.304
114.241 104.755
132.524 106.998
2
119.839 126.567
0 0 0.769074 0.63916
3
124.696 150.81
106.587 147.44
114.983 102.324
133.092 105.694
2
119.221 124.441
0 0 0.788485 0.615054
3
122.569 148.938
104.703 144.454
115.874 99.9444
133.74 104.428
2
118.736 122.281
0 0 0.807141 0.590359
3
120.562 146.938
103.008 141.357
116.91 97.624
134.465 103.204
2
120.285 120.699
0 0 0.788485 0.615054
3
123.633 145.195
105.767 140.712
116.937 96.2018
134.803 100.686
2
121.733 119.023
0 0 0.769074 0.63916
3
126.589 143.266
108.48 139.896
116.876 94.7808
134.985 98.1507
2
123.074 117.262
0 0 0.748926 0.662654
3
129.421 141.158
111.138 138.915
116.727 93.3662
135.01 95.6094
2
123.312 115.323
0 0 0.748926 0.662654
3
129.659 139.219
111.376 136.975
116.965 91.427
135.248 93.6702
2
123.55 113.384
0 0 0.748926 0.662654
3
129.897 137.279
111.614 135.036
117.203 89.4878
135.486 91.731
2
123.788 111.444
0 0 0.748926 0.662654
3
130.135 135.34
111.852 133.097
117.441 87.5486
135.724 89.7918
2
124.026 109.505
0 0 0.748926 0.662654
3
130.373 133.401
112.09 131.158
117.679 85.6094
135.962 87.8526
2
124.264 107.566
0 0 0.748926 0.662654
3
130.611 131.462
112.328 129.219
117.917 83.6702
136.199 85.9134
2
124.502 105.627
0 0 0.748926 0.662654
3
130.849 129.523
112.566 127.279
118.154 81.731
136.437 83.9742
2
124.74 103.688
0 0 0.748926 0.662654
3
131.087 127.583
112.804 125.34
118.392 79.7918
136.675 82.0349
2
124.978 101.748
0 0 0.748926 0.662654
3
131.325 125.644
113.042 123.401
118.63 77.8525
136.913 80.0957
2
125.215 99.8092
0 0 0.748926 0.662654
3
131.563 123.705
113.28 121.462
118.868 75.9133
137.151 78.1565
2
125.453 97.8699
0 0 0.748926 0.662654
3
131.801 121.766
113.518 119.523
119.106 73.9741
137.389 76.2173
2
124.705 95.7862
0 0 0.769074 0.63916
3
129.562 120.029
111.453 116.659
119.848 71.5435
137.957 74.9134
