0
80 109
0
81 109
0
82 109
0
83 109
0
84 109
0
85 109
0
86 109
0
87 109
0
88 109
0
89 109
0
90 109
0
91 109
0
92 109
0
93 109
0
94 109
0
95 109
0
96 109
0
97 109
0
98 109
0
99 109
0
100 110
0
101 111
0
102 112
0
103 113
0
104 114
0
105 115
0
106 116
0
107 117
0
108 118
0
109 119
0
110 119
0
111 119
0
112 119
0
113 119
0
114 119
0
115 119
0
116 119
0
117 119
0
118 119
0
119 119
0
120 119
0
121 119
0
122 119
0
123 119
0
124 119
0
125 119
0
126 119
0
127 119
0
128 119
0
129 119
0
130 119
0
131 119
0
132 119
0
133 119
0
134 119
0
135 119
0
136 119
0
137 119
0
138 119
0
139 119
0
140 120
0
141 120
0
142 120
0
143 120
0
144 120
0
145 120
0
146 120
0
147 120
0
148 120
0
149 121
0
150 121
0
151 121
0
152 121
0
153 121
0
154 121
0
155 121
0
156 121
0
157 121
0
158 121
0
159 121
0
160 121
0
161 120
0
162 119
0
163 119
0
164 118
0
165 117
0
166 116
0
167 115
0
167 114
0
168 113
0
168 112
0
168 111
0
169 110
0
169 109
0
169 108
0
170 107
0
170 106
0
170 105
0
171 104
0
171 103
0
171 102
0
171 101
0
172 100
0
172 99
0
172 98
0
172 97
0
173 96
0
173 95
0
173 94
0
173 93
0
174 92
0
174 91
0
174 90
0
175 89
0
175 88
0
176 87
0
176 86
0
177 85
0
177 84
0
178 83
0
178 82
0
178 81
0
179 80
1
80 109.353 0.239023
1
81.8982 109.816 0.239023
1
83.7964 110.278 0.239023
1
85.6946 110.741 0.239023
1
87.5928 111.203 0.239023
1
89.491 111.666 0.239023
1
91.4142 112.01 0.300925
1
93.3124 112.473 0.362827
1
95.1784 113.052 0.424729
1
97.0049 113.745 0.486632
1
98.7851 114.55 0.548534
1
100.386 115.67 0.486632
1
102.053 116.689 0.424729
1
103.78 117.603 0.362827
1
105.56 118.408 0.300925
1
107.387 119.101 0.239023
1
109.31 119.446 0.300925
1
111.208 119.908 0.362827
1
113.074 120.487 0.424729
1
114.901 121.181 0.486632
1
116.628 122.094 0.486632
1
118.355 123.008 0.486632
1
120.022 124.027 0.424729
1
121.749 124.94 0.362827
1
123.529 125.745 0.300925
1
125.355 126.439 0.239023
1
127.221 127.018 0.177121
1
129.119 127.481 0.115219
1
131.07 127.585 0.177121
1
133.011 127.809 0.239023
1
134.934 128.154 0.300925
1
136.833 128.616 0.362827
1
138.613 129.421 0.300925
1
140.439 130.115 0.239023
1
142.305 130.694 0.177121
1
144.203 131.156 0.115219
1
146.144 131.381 0.115219
1
148.095 131.485 0.177121
1
150.036 131.71 0.239023
1
151.959 132.054 0.300925
1
153.786 132.747 0.239023
1
155.652 133.326 0.177121
1
157.575 133.671 0.177121
1
159.516 133.895 0.239023
1
161.439 134.239 0.300925
1
163.337 134.702 0.362827
1
165.203 135.281 0.424729
1
167.03 135.975 0.486632
1
168.81 136.78 0.548534
1
170.537 137.693 0.610436
1
172.204 138.712 0.672338
1
173.805 139.832 0.73424
1
175.333 141.049 0.796142
1
176.784 142.358 0.858044
1
178.15 143.754 0.919946
1
179.428 145.232 0.981848
1
178.343 143.608 0.981848
1
177.257 141.983 0.981848
1
176.172 140.358 0.981848
1
174.988 138.804 1.04375
1
173.903 137.18 1.10565
1
172.92 135.491 1.16755
1
172.044 133.745 1.22946
1
171.277 131.948 1.29136
1
170.623 130.107 1.35326
1
170.084 128.229 1.41516
1
169.663 126.321 1.47706
1
169.36 124.391 1.53897
1
169.177 122.446 1.60087
1
169.115 120.493 1.66277
1
169.174 118.54 1.72467
1
169.353 116.595 1.78657
1
169.652 114.664 1.84848
1
170.303 112.822 1.78657
1
170.839 110.943 1.72467
1
171.018 108.997 1.78657
1
171.318 107.067 1.84848
1
171.968 105.225 1.78657
1
172.387 103.316 1.78657
1
172.805 101.408 1.78657
1
173.223 99.4992 1.78657
1
173.642 97.5908 1.78657
1
174.06 95.6823 1.78657
1
174.478 93.7739 1.78657
1
174.897 91.8654 1.78657
1
175.315 89.957 1.78657
1
175.733 88.0486 1.78657
1
176.152 86.1401 1.78657
1
176.57 84.2317 1.78657
1
176.988 82.3232 1.78657
2
93.7526 112.704
0 0 0.119227 0.992867
3
118.226 109.189
113.865 127.085
69.2794 116.22
73.6404 98.324
2
95.6508 113.167
0 0 0.119227 0.992867
3
120.124 109.651
115.763 127.548
71.1776 116.683
75.5386 98.7866
2
97.549 113.63
0 0 0.119227 0.992867
3
122.022 110.114
117.661 128.01
73.0758 117.145
77.4368 99.2491
2
99.4472 114.092
0 0 0.119227 0.992867
3
123.92 110.576
119.559 128.473
74.974 117.608
79.335 99.7117
2
101.345 114.555
0 0 0.119227 0.992867
3
125.819 111.039
121.458 128.935
76.8722 118.071
81.2332 100.174
2
103.244 115.017
0 0 0.119227 0.992867
3
127.717 111.501
123.356 129.398
78.7704 118.533
83.1314 100.637
2
104.933 116.206
0 0 0.149896 0.988702
3
129.577 114.211
124.117 131.803
80.2893 118.201
85.7491 100.609
2
106.546 117.497
0 0 0.18042 0.98359
3
131.266 117.03
124.728 134.251
81.8259 117.963
88.3635 100.743
2
108.076 118.885
0 0 0.210772 0.977535
3
132.777 119.948
125.187 136.732
83.3741 117.821
90.9646 101.038
2
109.517 120.365
0 0 0.240922 0.970544
3
134.105 122.954
125.491 139.236
84.9282 117.776
93.5424 101.494
2
110.863 121.931
0 0 0.270841 0.962624
3
135.245 126.037
125.64 141.755
86.4822 117.826
96.0871 102.108
2
112.898 122.29
0 0 0.240922 0.970544
3
137.486 124.879
128.872 141.161
88.3093 119.701
96.9234 103.419
2
114.95 122.522
0 0 0.210772 0.977535
3
139.652 123.585
132.062 140.369
90.2489 121.459
97.8393 104.675
2
117.014 122.627
0 0 0.18042 0.98359
3
141.734 122.16
135.196 139.381
92.2935 123.093
98.8311 105.873
2
119.079 122.603
0 0 0.149896 0.988702
3
143.723 120.608
138.263 138.201
94.4353 124.599
99.8951 107.006
2
121.139 122.453
0 0 0.119227 0.992867
3
145.612 118.937
141.251 136.833
96.6661 125.968
101.027 108.072
2
122.829 123.641
0 0 0.149896 0.988702
3
147.473 121.646
142.013 139.238
98.1851 125.636
103.645 108.044
2
124.442 124.932
0 0 0.18042 0.98359
3
149.162 124.465
142.624 141.686
99.7216 125.399
106.259 108.178
2
125.971 126.32
0 0 0.210772 0.977535
3
150.673 127.383
143.083 144.167
101.27 125.257
108.86 108.473
2
127.412 127.8
0 0 0.240922 0.970544
3
152.001 130.39
143.387 146.671
102.824 125.211
111.438 108.929
2
129.139 128.714
0 0 0.240922 0.970544
3
153.728 131.303
145.114 147.585
104.551 126.124
113.165 109.843
2
130.866 129.628
0 0 0.240922 0.970544
3
155.455 132.217
146.841 148.499
106.278 127.038
114.892 110.756
2
132.919 129.86
0 0 0.210772 0.977535
3
157.621 130.923
150.03 147.706
108.217 128.796
115.808 112.013
2
134.982 129.964
0 0 0.18042 0.98359
3
159.702 129.497
153.164 146.718
110.262 130.431
116.8 113.21
2
137.048 129.941
0 0 0.149896 0.988702
3
161.691 127.946
156.232 145.538
112.404 131.936
117.864 114.344
2
139.108 129.79
0 0 0.119227 0.992867
3
163.581 126.274
159.22 144.171
114.635 133.306
118.996 115.41
2
141.155 129.512
0 0 0.0884449 0.996081
3
165.364 124.489
162.118 142.621
116.946 134.535
120.192 116.403
2
143.181 129.108
0 0 0.0575777 0.998341
3
167.032 122.597
164.915 140.895
119.329 135.619
121.447 117.321
2
145.004 130.079
0 0 0.0884449 0.996081
3
169.213 125.056
165.967 143.187
120.795 135.102
124.041 116.97
2
146.764 131.161
0 0 0.119227 0.992867
3
171.237 127.645
166.876 145.541
122.291 134.676
126.652 116.78
2
148.453 132.349
0 0 0.149896 0.988702
3
173.097 130.354
167.637 147.946
123.81 134.344
129.269 116.752
2
150.066 133.64
0 0 0.18042 0.98359
3
174.786 133.173
168.249 150.394
125.346 134.107
131.884 116.886
2
152.132 133.617
0 0 0.149896 0.988702
3
176.775 131.622
171.316 149.214
127.488 135.612
132.948 118.02
2
154.192 133.466
0 0 0.119227 0.992867
3
178.665 129.95
174.304 147.846
129.719 136.982
134.08 119.085
2
156.239 133.188
0 0 0.0884449 0.996081
3
180.448 128.165
177.202 146.296
132.03 138.211
135.276 120.079
2
158.265 132.784
0 0 0.0575777 0.998341
3
182.116 126.272
179.999 144.57
134.413 139.295
136.531 120.997
2
160.205 133.008
0 0 0.0575777 0.998341
3
184.057 126.497
181.939 144.795
136.354 139.519
138.471 121.221
2
162.029 133.979
0 0 0.0884449 0.996081
3
186.238 128.956
182.992 147.088
137.82 139.002
141.066 120.87
2
163.789 135.061
0 0 0.119227 0.992867
3
188.262 131.545
183.901 149.441
139.315 138.577
143.676 120.68
2
165.478 136.249
0 0 0.149896 0.988702
3
190.122 134.254
184.662 151.847
140.834 138.245
146.294 120.652
2
167.538 136.098
0 0 0.119227 0.992867
3
192.012 132.583
187.651 150.479
143.065 139.614
147.426 121.718
2
169.585 135.82
0 0 0.0884449 0.996081
3
193.794 130.797
190.549 148.929
145.376 140.843
148.622 122.712
2
171.508 136.165
0 0 0.0884449 0.996081
3
195.717 131.142
192.472 149.273
147.3 141.188
150.545 123.056
2
173.268 137.246
0 0 0.119227 0.992867
3
197.741 133.731
193.38 151.627
148.795 140.762
153.156 122.866
2
174.958 138.435
0 0 0.149896 0.988702
3
199.602 136.44
194.142 154.032
150.314 140.43
155.774 122.838
2
176.571 139.726
0 0 0.18042 0.98359
3
201.291 139.259
194.753 156.48
151.851 140.193
158.388 122.972
2
178.1 141.114
0 0 0.210772 0.977535
3
202.802 142.177
195.212 158.961
153.399 140.051
160.989 123.267
2
179.541 142.594
0 0 0.240922 0.970544
3
204.13 145.184
195.516 161.465
154.953 140.005
163.567 123.723
2
180.888 144.161
0 0 0.270841 0.962624
3
205.269 148.266
195.664 163.984
156.507 140.055
166.112 124.337
2
182.135 145.807
0 0 0.300501 0.953782
3
206.216 151.413
195.657 166.507
158.055 140.201
168.614 125.108
2
183.278 147.528
0 0 0.329873 0.944025
3
206.966 154.613
195.494 169.024
159.591 140.443
171.063 126.032
2
184.313 149.316
0 0 0.358929 0.933365
3
207.516 157.853
195.175 171.527
161.109 140.779
173.45 127.105
2
185.234 151.165
0 0 0.387641 0.921811
3
207.866 161.121
194.702 174.005
162.603 141.209
175.767 128.325
2
186.04 153.067
0 0 0.415982 0.909373
3
208.012 164.404
194.076 176.449
164.068 141.73
178.004 129.685
2
186.726 155.015
0 0 0.443924 0.896065
3
207.955 167.69
193.301 178.85
165.497 142.341
180.152 131.181
2
187.291 157.002
0 0 0.471441 0.881898
3
207.695 170.966
192.378 181.198
166.887 143.039
182.203 132.807
2
186.205 155.378
0 0 0.471441 0.881898
3
206.609 169.341
191.293 179.573
165.801 141.415
181.118 131.183
2
185.12 153.753
0 0 0.471441 0.881898
3
205.524 167.717
190.207 177.949
164.716 139.79
180.033 129.558
2
184.035 152.129
0 0 0.471441 0.881898
3
204.439 166.092
189.122 176.324
163.631 138.165
178.948 127.933
2
182.108 151.038
0 0 0.498506 0.866886
3
201.609 166.237
185.689 175.502
162.607 135.839
178.527 126.575
2
180.252 149.831
0 0 0.525094 0.851044
3
198.776 166.207
182.313 174.469
161.729 133.455
178.192 125.192
2
178.475 148.511
0 0 0.551179 0.834387
3
195.95 166.001
179.007 173.229
161 131.02
177.942 123.792
2
176.782 147.083
0 0 0.576736 0.81693
3
193.142 165.621
175.785 171.787
160.423 128.545
177.78 122.379
2
175.181 145.554
0 0 0.601741 0.798691
3
190.363 165.068
172.657 170.149
160 126.039
177.706 120.958
2
173.678 143.928
0 0 0.626169 0.779687
3
187.623 164.345
169.637 168.32
159.733 123.512
177.719 119.536
2
172.278 142.213
0 0 0.649998 0.759936
3
184.934 163.453
166.736 166.308
159.623 120.973
177.821 118.117
2
170.988 140.414
0 0 0.673203 0.739457
3
182.305 162.396
163.965 164.12
159.67 118.432
178.01 116.708
2
169.81 138.539
0 0 0.695764 0.71827
3
179.746 161.179
161.335 161.765
159.875 115.898
178.285 115.312
2
168.751 136.594
0 0 0.717659 0.696395
3
177.267 159.806
158.856 159.252
160.235 113.383
178.647 113.937
2
167.815 134.588
0 0 0.738866 0.673853
3
174.878 158.282
156.536 156.59
160.751 110.894
179.093 112.586
2
167.004 132.528
0 0 0.759365 0.650665
3
172.588 156.613
154.386 153.79
161.42 108.442
179.622 111.266
2
166.322 130.421
0 0 0.779137 0.626854
3
170.406 154.806
152.413 150.862
162.239 106.037
180.231 109.98
2
165.772 128.277
0 0 0.798162 0.602443
3
168.34 152.867
150.625 147.818
163.205 103.686
180.919 108.735
2
167.273 126.648
0 0 0.779137 0.626854
3
171.356 151.033
153.363 147.089
163.189 102.264
181.182 106.208
2
168.669 124.931
0 0 0.759365 0.650665
3
174.254 149.016
156.051 146.193
163.085 100.845
181.287 103.668
2
167.988 122.824
0 0 0.779137 0.626854
3
172.071 147.209
154.078 143.265
163.904 98.4393
181.897 102.383
2
167.437 120.679
0 0 0.798162 0.602443
3
170.005 145.27
152.29 140.221
164.87 96.0887
182.584 101.138
2
168.938 119.051
0 0 0.779137 0.626854
3
173.022 143.436
155.029 139.492
164.854 94.6664
182.847 98.6103
2
169.356 117.143
0 0 0.779137 0.626854
3
173.44 141.528
155.447 137.584
165.272 92.758
183.265 96.7018
2
169.774 115.234
0 0 0.779137 0.626854
3
173.858 139.619
155.865 135.675
165.691 90.8495
183.684 94.7934
2
170.193 113.326
0 0 0.779137 0.626854
3
174.276 137.711
156.284 133.767
166.109 88.9411
184.102 92.885
2
170.611 111.418
0 0 0.779137 0.626854
3
174.695 135.802
156.702 131.858
166.527 87.0327
184.52 90.9765
2
171.029 109.509
0 0 0.779137 0.626854
3
175.113 133.894
157.12 129.95
166.946 85.1242
184.939 89.0681
2
171.448 107.601
0 0 0.779137 0.626854
3
175.531 131.985
157.539 128.042
167.364 83.2158
185.357 87.1597
2
171.866 105.692
0 0 0.779137 0.626854
3
175.95 130.077
157.957 126.133
167.782 81.3073
185.775 85.2512
2
172.284 103.784
0 0 0.779137 0.626854
3
176.368 128.169
158.375 124.225
168.201 79.3989
186.193 83.3428
2
172.703 101.875
0 0 0.779137 0.626854
3
176.786 126.26
158.794 122.316
168.619 77.4905
186.612 81.4343
2
173.121 99.9669
0 0 0.779137 0.626854
3
177.205 124.352
159.212 120.408
169.037 75.582
187.03 79.5259
2
173.539 98.0584
0 0 0.779137 0.626854
3
177.623 122.443
159.63 118.499
169.456 73.6736
187.448 77.6175
2
173.958 96.15
0 0 0.779137 0.626854
3
178.041 120.535
160.049 116.591
169.874 71.7651
187.867 75.709
