0
85 175
0
86 174
0
87 173
0
88 172
0
88 171
0
88 170
0
88 169
0
89 168
0
90 167
0
91 166
0
92 165
0
93 164
0
93 163
0
93 162
0
94 161
0
95 160
0
96 159
0
96 158
0
96 157
0
96 156
0
96 155
0
96 154
0
96 153
0
96 152
0
96 151
0
96 150
0
96 149
0
96 148
0
96 147
0
96 146
0
96 145
0
96 144
0
96 143
0
96 142
0
96 141
0
96 140
0
96 139
0
96 138
0
96 137
0
96 136
0
96 135
0
96 134
0
96 133
0
96 132
0
96 131
0
96 130
0
96 129
0
96 128
0
96 127
0
96 126
0
96 125
0
96 124
0
96 123
0
96 122
0
96 121
0
96 120
0
96 119
0
96 118
0
96 117
0
96 116
0
96 115
0
96 114
0
96 113
0
96 112
0
96 111
0
96 110
0
96 109
0
96 108
0
96 107
0
96 106
0
96 105
0
96 104
0
96 103
0
96 102
0
96 101
0
96 100
0
96 99
0
96 98
0
96 97
0
96 96
0
96 95
0
96 94
0
96 93
0
96 92
0
96 91
0
96 90
0
96 89
0
96 88
0
96 87
0
96 86
0
96 85
0
96 84
0
96 83
0
96 82
0
97 81
0
97 80
0
97 79
0
97 78
0
97 77
0
98 76
0
98 75
0
99 74
0
100 73
0
101 72
0
102 71
0
103 71
0
104 70
0
105 70
0
106 69
0
107 69
0
108 69
0
109 69
0
110 69
0
111 69
0
112 69
0
113 69
0
114 69
0
115 69
0
116 70
0
117 70
0
118 71
0
119 71
0
120 72
0
121 73
0
122 74
0
123 75
0
124 76
0
125 77
0
126 78
0
127 79
0
128 80
0
129 81
0
130 82
0
131 83
0
132 84
0
133 85
0
134 86
0
135 87
0
136 88
0
137 89
0
138 90
0
139 91
0
140 92
0
141 93
0
142 94
0
143 95
0
144 96
0
145 97
0
146 98
0
147 99
0
148 100
0
149 101
0
150 102
0
151 103
0
152 104
0
153 105
0
154 106
0
155 107
0
156 108
0
157 109
0
158 110
0
159 111
0
160 112
0
161 113
0
162 114
0
163 115
0
164 116
0
165 117
0
166 118
0
167 119
0
168 120
0
169 121
0
170 122
0
171 123
0
172 124
0
173 125
0
174 125
0
175 125
0
176 126
0
177 126
0
178 127
0
179 127
0
180 128
0
181 128
0
182 129
0
183 129
0
184 130
0
185 130
0
186 130
0
187 131
0
188 131
0
189 132
0
190 132
0
191 133
0
192 133
0
193 134
0
194 134
0
195 135
0
196 135
0
197 135
0
198 136
0
199 136
0
200 137
0
201 137
0
202 138
0
203 138
0
204 139
0
205 139
0
206 140
0
207 140
0
208 140
0
209 141
0
210 141
0
211 142
0
212 142
0
213 143
0
214 143
0
215 144
0
216 144
0
217 145
0
218 145
0
219 145
0
220 146
0
221 146
0
222 147
0
223 147
0
224 148
0
225 148
0
226 149
0
227 149
0
228 150
0
229 150
0
230 150
0
231 151
0
232 151
0
233 152
0
234 152
0
235 153
0
236 153
0
237 154
0
238 154
0
239 154
0
240 155
1
85 175 4.71225
1
84.8789 173.05 4.77415
1
84.8786 171.096 4.83605
1
84.9992 169.146 4.89796
1
85.2402 167.207 4.95986
1
84.8797 169.128 5.02176
1
84.2849 170.989 5.02176
1
83.69 172.85 5.02176
1
84.2849 170.989 5.02176
1
84.8797 169.128 5.02176
1
85.4745 167.267 5.02176
1
86.0694 165.406 5.02176
1
86.7782 163.585 4.95986
1
87.373 161.724 4.89796
1
87.8516 159.83 4.83605
1
88.2121 157.91 4.77415
1
88.4531 155.971 4.71225
1
88.5737 154.021 4.65035
1
88.5734 152.067 4.58845
1
88.4523 150.117 4.52654
1
88.2107 148.178 4.46464
1
87.8497 146.258 4.40274
1
87.3706 144.364 4.34084
1
86.7753 142.503 4.27894
1
86.066 140.683 4.21703
1
85.2454 138.91 4.15513
1
84.3167 137.191 4.09323
1
83.2834 135.533 4.03133
1
82.1495 133.941 3.96943
1
80.9194 132.424 3.90752
1
79.4302 131.159 3.96943
1
78.0221 129.805 4.03133
1
76.7004 128.366 4.09323
1
75.4703 126.848 4.15513
1
74.3364 125.257 4.21703
1
73.3032 123.599 4.27894
1
72.3745 121.88 4.34084
1
71.5539 120.107 4.40274
1
70.8445 118.286 4.46464
1
70.2492 116.425 4.52654
1
69.7701 114.531 4.58845
1
69.4091 112.611 4.65035
1
69.1675 110.672 4.71225
1
69.0464 108.722 4.77415
1
69.0461 106.769 4.83605
1
69.1667 104.819 4.89796
1
69.4077 102.88 4.95986
1
69.7682 100.96 5.02176
1
70.2468 99.0654 5.08366
1
70.8416 97.2044 5.14556
1
71.5504 95.3838 5.20747
1
72.3705 93.6105 5.26937
1
73.2988 91.8913 5.33127
1
74.3316 90.2328 5.39317
1
75.465 88.6415 5.45507
1
76.6947 87.1232 5.51698
1
78.0159 85.684 5.57888
1
79.4237 84.3293 5.64078
1
81.0574 83.2577 5.57888
1
82.4651 81.903 5.64078
1
83.954 80.6379 5.70268
1
85.5183 79.4674 5.76459
1
87.152 78.3959 5.82649
1
88.8489 77.4275 5.88839
1
90.6954 76.789 5.82649
1
92.4988 76.0376 5.76459
1
94.1325 74.966 5.82649
1
95.8294 73.9976 5.88839
1
97.5829 73.1361 5.95029
1
99.4654 72.6131 5.88839
1
101.312 71.9746 5.82649
1
103.009 71.0062 5.88839
1
104.762 70.1446 5.95029
1
106.566 69.3932 6.01219
1
108.412 68.7547 6.0741
1
110.295 68.2318 6.136
1
112.206 67.8262 6.1979
1
114.138 67.5397 6.2598
1
116.085 67.3733 0.0385181
1
118.038 67.3276 0.10042
1
119.991 67.4028 0.162322
1
121.935 67.5987 0.224224
1
123.863 67.9144 0.286126
1
125.767 68.3488 0.348028
1
127.642 68.9003 0.409931
1
129.478 69.5666 0.471833
1
131.27 70.3452 0.533735
1
133.011 71.2332 0.595637
1
134.693 72.2272 0.657539
1
136.31 73.3233 0.719441
1
137.856 74.5174 0.781343
1
139.326 75.8049 0.843245
1
140.713 77.1808 0.905147
1
142.012 78.6398 0.967049
1
143.02 80.3137 0.905147
1
144.129 81.9221 0.843245
1
145.336 83.4587 0.781343
1
146.635 84.9178 0.719441
1
148.022 86.2937 0.657539
1
149.639 87.3898 0.719441
1
151.186 88.5839 0.781343
1
152.655 89.8713 0.843245
1
154.042 91.2472 0.905147
1
155.342 92.7063 0.967049
1
156.349 94.3802 0.905147
1
157.459 95.9885 0.843245
1
158.665 97.5252 0.781343
1
159.964 98.9843 0.719441
1
161.352 100.36 0.657539
1
162.821 101.648 0.595637
1
164.503 102.642 0.657539
1
166.12 103.738 0.719441
1
167.667 104.932 0.781343
1
169.136 106.219 0.843245
1
170.523 107.595 0.905147
1
171.633 109.203 0.843245
1
172.839 110.74 0.781343
1
174.139 112.199 0.719441
1
175.526 113.575 0.657539
1
177.143 114.671 0.719441
1
178.689 115.865 0.781343
1
180.159 117.153 0.843245
1
181.546 118.529 0.905147
1
182.753 120.065 0.905147
1
183.959 121.602 0.905147
1
185.166 123.139 0.905147
1
186.275 124.747 0.843245
1
187.482 126.284 0.781343
1
188.781 127.743 0.719441
1
190.168 129.119 0.657539
1
191.638 130.406 0.595637
1
193.184 131.6 0.533735
1
194.801 132.696 0.471833
1
196.483 133.69 0.409931
1
198.224 134.578 0.348028
1
200.015 135.357 0.286126
1
201.852 136.023 0.224224
1
203.726 136.575 0.162322
1
205.67 136.77 0.224224
1
207.598 137.086 0.286126
1
209.503 137.521 0.348028
1
211.377 138.072 0.409931
1
213.214 138.738 0.471833
1
215.006 139.517 0.533735
1
216.746 140.405 0.595637
1
218.428 141.399 0.657539
1
220.046 142.495 0.719441
1
221.433 143.871 0.657539
1
222.902 145.159 0.595637
1
224.449 146.353 0.533735
1
226.066 147.449 0.471833
1
227.748 148.443 0.409931
1
229.488 149.331 0.348028
1
231.28 150.109 0.286126
1
233.117 150.776 0.224224
1
234.991 151.327 0.162322
1
236.896 151.762 0.10042
1
238.824 152.077 0.0385181
2
84.998 160.845
0 0 0.707156 -0.707058
3
75.7849 137.901
94.2049 137.899
94.2112 183.789
75.7912 183.791
2
85.7526 158.922
0 0 0.684936 -0.728603
3
77.9764 135.452
96.3613 136.589
93.5288 182.392
75.1439 181.255
2
86.6246 157.049
0 0 0.662061 -0.74945
3
80.3152 133.144
98.5946 135.416
92.934 180.955
74.6547 178.683
2
87.6108 155.234
0 0 0.638551 -0.769579
3
82.7924 130.984
100.896 134.382
92.4293 179.485
74.3255 176.086
2
88.7075 153.484
0 0 0.61443 -0.788971
3
85.3985 128.982
103.257 133.494
92.0165 177.986
74.1576 173.474
2
89.1893 155.645
0 0 0.58972 -0.807608
3
87.4024 130.985
104.948 136.593
90.9763 180.304
73.4307 174.696
2
88.5945 157.506
0 0 0.58972 -0.807608
3
86.8076 132.846
104.353 138.454
90.3814 182.165
72.8359 176.557
2
87.9997 159.367
0 0 0.58972 -0.807608
3
86.2127 134.707
103.758 140.315
89.7866 184.026
72.2411 178.418
2
88.5945 157.506
0 0 0.58972 -0.807608
3
86.8076 132.846
104.353 138.454
90.3814 182.165
72.8359 176.557
2
89.1893 155.645
0 0 0.58972 -0.807608
3
87.4024 130.985
104.948 136.593
90.9763 180.304
73.4307 174.696
2
89.7842 153.784
0 0 0.58972 -0.807608
3
87.9973 129.124
105.543 134.732
91.5711 178.443
74.0256 172.835
2
90.379 151.923
0 0 0.58972 -0.807608
3
88.5921 127.263
106.138 132.871
92.1659 176.582
74.6204 170.974
2
90.2455 149.861
0 0 0.61443 -0.788971
3
86.9365 125.359
104.795 129.871
93.5545 174.363
75.6957 169.851
2
89.9847 147.812
0 0 0.638551 -0.769579
3
85.1663 123.562
103.27 126.96
94.8031 172.062
76.6994 168.664
2
89.5976 145.783
0 0 0.662061 -0.74945
3
83.2883 121.877
101.568 124.149
95.907 169.689
77.6277 167.417
2
89.0858 143.782
0 0 0.684936 -0.728603
3
81.3096 120.312
99.6945 121.449
96.862 167.251
78.4771 166.114
2
88.4511 141.816
0 0 0.707156 -0.707058
3
79.2379 118.872
97.6579 118.869
97.6643 164.759
79.2443 164.762
2
87.6961 139.893
0 0 0.728698 -0.684835
3
77.0812 117.563
95.4657 116.421
98.311 162.223
79.9264 163.365
2
86.8235 138.021
0 0 0.749542 -0.661957
3
74.8476 116.39
93.1263 114.113
98.7994 159.651
80.5207 161.928
2
85.8368 136.206
0 0 0.769668 -0.638445
3
72.5456 115.358
90.6485 111.954
99.1279 157.054
81.0251 160.457
2
84.7397 134.455
0 0 0.789056 -0.614321
3
70.1843 114.469
88.0419 109.952
99.295 154.441
81.4374 158.958
2
83.5364 132.776
0 0 0.807689 -0.589608
3
67.7725 113.729
85.3164 108.116
99.3002 151.824
81.7563 157.437
2
82.2315 131.175
0 0 0.825549 -0.564331
3
65.3195 113.139
82.4826 106.452
99.1435 149.21
81.9804 155.898
2
80.8301 129.657
0 0 0.842617 -0.538513
3
62.8348 112.702
79.5513 104.966
98.8254 146.612
82.1089 154.349
2
79.3375 128.229
0 0 0.858878 -0.51218
3
60.3277 112.42
76.5336 103.664
98.3472 144.038
82.1413 152.794
2
77.7594 126.896
0 0 0.874317 -0.485355
3
57.808 112.293
73.4413 102.552
97.7107 141.499
82.0774 151.241
2
76.1018 125.663
0 0 0.888918 -0.458066
3
55.2853 112.323
70.286 101.633
96.9183 139.004
81.9176 149.694
2
74.3712 124.535
0 0 0.902668 -0.430338
3
52.7693 112.508
67.0799 100.911
95.973 136.563
81.6624 148.16
2
72.5741 123.517
0 0 0.915553 -0.402198
3
50.2695 112.849
63.8352 100.388
94.8786 134.185
81.3129 146.645
2
70.7174 122.611
0 0 0.927561 -0.373673
3
47.7956 113.344
60.5645 100.068
93.6392 131.879
80.8703 145.155
2
69.8547 120.734
0 0 0.915553 -0.402198
3
47.5502 110.066
61.1159 97.6057
92.1593 131.402
78.5935 143.863
2
69.1098 118.808
0 0 0.902668 -0.430338
3
47.5079 106.78
61.8185 95.1827
90.7117 130.835
76.4011 142.432
2
68.4855 116.838
0 0 0.888918 -0.458066
3
47.6691 103.498
62.6697 92.8077
89.302 130.179
74.3014 140.869
2
67.9843 114.834
0 0 0.874317 -0.485355
3
48.0329 100.232
63.6662 90.49
87.9356 129.437
72.3023 139.179
2
67.6079 112.803
0 0 0.858878 -0.51218
3
48.5982 96.9941
64.8041 88.2383
86.6177 128.612
70.4117 137.368
2
67.358 110.753
0 0 0.842617 -0.538513
3
49.3626 93.7979
66.0792 86.0613
85.3533 127.707
68.6367 135.444
2
67.2353 108.691
0 0 0.825549 -0.564331
3
50.3233 90.655
67.4864 83.9674
84.1473 126.726
66.9842 133.414
2
67.2405 106.625
0 0 0.807689 -0.589608
3
51.4766 87.5776
69.0206 81.9646
83.0044 125.672
65.4604 131.285
2
67.3734 104.563
0 0 0.789056 -0.614321
3
52.8181 84.5774
70.6757 80.0605
81.9288 124.549
64.0712 129.066
2
67.6337 102.514
0 0 0.769668 -0.638445
3
54.3426 81.666
72.4454 78.2624
80.9248 123.362
62.822 126.766
2
68.0202 100.485
0 0 0.749542 -0.661957
3
56.0442 78.8545
74.3229 76.5773
79.9961 122.115
61.7174 124.392
2
68.5315 98.4834
0 0 0.728698 -0.684835
3
57.9166 76.1536
76.3011 75.0115
79.1464 120.813
60.7618 121.955
2
69.1656 96.5174
0 0 0.707156 -0.707058
3
59.9524 73.5737
78.3724 73.5711
78.3788 119.461
59.9588 119.464
2
69.9201 94.5944
0 0 0.684936 -0.728603
3
62.1439 71.1247
80.5288 72.2616
77.6963 118.064
59.3114 116.927
2
70.7922 92.7218
0 0 0.662061 -0.74945
3
64.4828 68.8159
82.7621 71.0881
77.1016 116.628
58.8222 114.355
2
71.7784 90.9067
0 0 0.638551 -0.769579
3
66.96 66.6563
85.0637 70.0549
76.5968 115.157
58.4931 111.758
2
72.875 89.1561
0 0 0.61443 -0.788971
3
69.566 64.6541
87.4248 69.1661
76.184 113.658
58.3252 109.146
2
74.0778 87.4766
0 0 0.58972 -0.807608
3
72.2909 62.8169
89.8364 68.425
75.8648 112.136
58.3192 106.528
2
75.3822 85.8748
0 0 0.564446 -0.82547
3
75.1243 61.1517
92.2892 67.8346
75.6402 110.598
58.4753 103.915
2
76.7832 84.3568
0 0 0.53863 -0.842542
3
78.0552 59.6651
94.7739 67.397
75.5113 109.048
58.7926 101.317
2
78.2755 82.9283
0 0 0.512299 -0.858807
3
81.0725 58.3626
97.2808 67.114
75.4785 107.494
59.2701 98.7427
2
79.8532 81.5949
0 0 0.485477 -0.87425
3
84.1645 57.2493
99.8005 66.9866
75.5419 105.941
59.9059 96.2033
2
81.5104 80.3617
0 0 0.45819 -0.888855
3
87.3196 56.3294
102.323 67.0153
75.7013 104.394
60.6977 93.7081
2
83.2407 79.2333
0 0 0.430464 -0.902608
3
90.5255 55.6064
104.839 67.2
75.956 102.86
61.6422 91.2666
2
85.0376 78.2141
0 0 0.402325 -0.915497
3
93.77 55.0831
107.339 67.54
76.3052 101.345
62.736 88.8882
2
86.894 77.3081
0 0 0.373801 -0.927509
3
97.0406 54.7616
109.813 68.034
76.7474 99.8545
63.9748 86.5821
2
88.8029 76.5186
0 0 0.34492 -0.938632
3
100.325 54.643
112.252 68.6801
77.2809 98.3942
65.3539 84.357
2
90.757 75.8487
0 0 0.315707 -0.948857
3
103.61 54.7278
114.646 69.4759
77.9038 96.9696
66.868 82.2215
2
91.8444 74.0923
0 0 0.34492 -0.938632
3
103.366 52.2167
115.293 66.2539
80.3224 95.9679
68.3953 81.9307
2
93.7985 73.4224
0 0 0.315707 -0.948857
3
106.652 52.3015
117.687 67.0496
80.9453 94.5433
69.9095 79.7952
2
95.7903 72.8747
0 0 0.286193 -0.958172
3
109.925 52.5894
120.028 67.9919
81.6551 93.16
71.5528 77.7575
2
97.8121 72.4513
0 0 0.256404 -0.96657
3
113.175 53.0792
122.305 69.0772
82.4491 91.8233
73.319 75.8253
2
99.8563 72.1537
0 0 0.22637 -0.974041
3
116.388 53.7692
124.511 70.3013
83.3244 90.5382
75.2014 74.0061
2
101.915 71.9832
0 0 0.196119 -0.98058
3
119.553 54.6565
126.637 71.6596
84.2774 89.3098
77.1927 72.3068
2
103.4 70.5469
0 0 0.22637 -0.974041
3
119.932 52.1623
128.055 68.6945
86.8677 88.9314
78.7447 72.3992
2
104.793 69.0214
0 0 0.256404 -0.96657
3
120.156 49.6494
129.286 65.6474
89.4297 88.3935
80.2995 72.3955
2
106.837 68.7239
0 0 0.22637 -0.974041
3
123.369 50.3393
131.492 66.8715
90.3049 87.1084
82.1819 70.5762
2
108.896 68.5533
0 0 0.196119 -0.98058
3
126.533 51.2267
133.618 68.2298
91.2579 85.88
84.1732 68.8769
2
110.961 68.5105
0 0 0.16568 -0.98618
3
129.636 52.3082
135.656 69.7169
92.2851 84.7128
86.2658 67.3041
2
112.531 67.1688
0 0 0.196119 -0.98058
3
130.169 49.8421
137.254 66.8452
94.8939 84.4954
87.8092 67.4924
2
114.016 65.7325
0 0 0.22637 -0.974041
3
130.548 47.3479
138.671 63.8801
97.4842 84.117
89.3612 67.5848
2
116.075 65.5619
0 0 0.196119 -0.98058
3
133.712 48.2353
140.797 65.2383
98.4372 82.8885
91.3525 65.8855
2
118.14 65.5191
0 0 0.16568 -0.98618
3
136.816 49.3167
142.835 66.7255
99.4644 81.7214
93.4452 64.3127
2
120.204 65.6041
0 0 0.135082 -0.990834
3
139.846 50.5881
144.777 68.3359
100.562 80.62
95.6311 62.8723
2
122.259 65.8166
0 0 0.104355 -0.99454
3
142.792 52.0445
146.616 70.0633
101.725 79.5887
97.9019 61.5699
2
124.297 66.1558
0 0 0.0735276 -0.997293
3
145.643 53.6804
148.344 71.9012
102.95 78.6313
100.249 60.4105
2
126.309 66.6205
0 0 0.0426301 -0.999091
3
148.386 55.4894
149.956 73.8425
104.232 77.7515
102.663 59.3984
2
128.29 67.2087
0 0 0.0116917 -0.999932
3
151.013 57.4647
151.444 75.8797
105.566 76.9527
105.136 58.5377
2
130.23 67.9183
0 0 0.0192579 0.999815
3
153.512 59.5988
152.803 78.0051
106.947 76.2379
107.656 57.8316
2
132.122 68.7466
0 0 0.050189 0.99874
3
155.875 61.8833
154.028 80.2105
108.369 75.61
110.216 57.2828
2
133.96 69.6904
0 0 0.0810721 0.996708
3
158.091 64.3096
155.115 82.4875
109.828 75.0712
112.805 56.8933
2
135.735 70.746
0 0 0.111877 0.993722
3
160.154 66.8684
156.058 84.8273
111.317 74.6237
115.412 56.6648
2
137.442 71.9095
0 0 0.142576 0.989784
3
162.054 69.5499
156.855 87.221
112.831 74.2691
118.029 56.598
2
139.074 73.1763
0 0 0.173137 0.984898
3
163.784 72.3438
157.502 89.6594
114.363 74.0089
120.645 56.6932
2
140.624 74.5417
0 0 0.203533 0.979068
3
165.339 75.2394
157.997 92.1332
115.909 73.844
123.251 56.9501
2
142.087 76.0003
0 0 0.233734 0.972301
3
166.711 78.2256
158.339 94.6329
117.463 73.775
125.835 57.3677
2
143.456 77.5466
0 0 0.263711 0.964602
3
167.896 81.2909
158.525 97.1489
119.017 73.8023
128.388 57.9443
2
144.728 79.1747
0 0 0.293435 0.955979
3
168.889 84.4237
158.554 99.6716
120.567 73.9257
130.901 58.6778
2
145.896 80.8783
0 0 0.322879 0.94644
3
169.686 87.6119
158.428 102.191
122.106 74.1447
133.364 59.5653
2
146.957 82.651
0 0 0.352013 0.935995
3
170.285 90.8434
158.146 104.698
123.629 74.4586
135.767 60.6035
2
147.906 84.4858
0 0 0.380809 0.924654
3
170.682 94.1057
157.71 107.183
125.13 74.866
138.102 61.7884
2
148.739 86.3759
0 0 0.409241 0.912426
3
170.877 97.3863
157.121 109.636
126.602 75.3655
140.358 63.1154
2
149.455 88.3139
0 0 0.437281 0.899325
3
170.869 100.673
156.381 112.048
128.041 75.9551
142.528 64.5795
2
150.048 90.2924
0 0 0.464903 0.885362
3
170.657 103.952
155.493 114.41
129.44 76.6326
144.604 66.175
2
151.762 91.4469
0 0 0.437281 0.899325
3
173.175 103.806
158.688 115.181
130.348 79.0881
144.835 67.7124
2
153.543 92.4931
0 0 0.409241 0.912426
3
175.68 103.503
161.924 115.754
131.405 81.4827
145.161 69.2326
2
155.385 93.4272
0 0 0.380809 0.924654
3
178.161 103.047
165.189 116.125
132.609 83.8073
145.581 70.7297
2
157.282 94.2454
0 0 0.352013 0.935995
3
180.61 102.438
168.472 116.293
133.954 86.053
146.092 72.198
2
159.226 94.9448
0 0 0.322879 0.94644
3
183.016 101.678
171.758 116.258
135.436 88.2112
146.694 73.6318
2
160.286 96.7175
0 0 0.352013 0.935995
3
183.614 104.91
171.476 118.765
136.959 88.525
149.097 74.67
2
161.235 98.5523
0 0 0.380809 0.924654
3
184.012 108.172
171.04 121.25
138.459 88.9325
151.431 75.8549
2
162.069 100.442
0 0 0.409241 0.912426
3
184.206 111.453
170.45 123.703
139.931 89.432
153.688 77.1819
2
162.784 102.38
0 0 0.437281 0.899325
3
184.198 114.739
169.71 126.115
141.37 90.0216
155.858 78.6459
2
163.378 104.359
0 0 0.464903 0.885362
3
183.986 118.019
168.823 128.476
142.77 90.6991
157.933 80.2415
2
165.091 105.513
0 0 0.437281 0.899325
3
186.505 117.872
172.017 129.248
143.677 93.1545
158.165 81.7789
2
166.872 106.56
0 0 0.409241 0.912426
3
189.01 117.57
175.254 129.82
144.735 95.5492
158.491 83.2991
2
168.715 107.494
0 0 0.380809 0.924654
3
191.491 117.113
178.519 130.191
145.938 97.8738
158.91 84.7962
2
170.611 108.312
0 0 0.352013 0.935995
3
193.939 116.504
181.801 130.359
147.284 100.12
159.422 86.2645
2
172.555 109.011
0 0 0.322879 0.94644
3
196.345 115.745
185.087 130.324
148.765 102.278
160.023 87.6983
2
174.538 109.589
0 0 0.293435 0.955979
3
198.699 114.838
188.365 130.086
150.378 104.34
160.712 89.0922
2
175.707 111.293
0 0 0.322879 0.94644
3
199.497 118.026
188.239 132.606
151.917 104.559
163.175 89.9797
2
176.767 113.065
0 0 0.352013 0.935995
3
200.095 121.258
187.957 135.113
153.44 104.873
165.578 91.0179
2
177.716 114.9
0 0 0.380809 0.924654
3
200.493 124.52
187.521 137.598
154.94 105.28
167.912 92.2028
2
178.55 116.79
0 0 0.409241 0.912426
3
200.688 127.801
186.931 140.051
156.413 105.78
170.169 93.5298
2
179.265 118.728
0 0 0.437281 0.899325
3
200.679 131.087
186.191 142.463
157.851 106.369
172.339 94.9938
2
181.046 119.775
0 0 0.409241 0.912426
3
203.184 130.785
189.428 143.035
158.909 108.764
172.665 96.514
2
182.889 120.709
0 0 0.380809 0.924654
3
205.665 130.328
192.693 143.406
160.113 111.089
173.085 98.0111
2
184.786 121.527
0 0 0.352013 0.935995
3
208.113 129.719
195.975 143.574
161.458 113.334
173.596 99.4794
2
186.729 122.226
0 0 0.322879 0.94644
3
210.519 128.96
199.261 143.539
162.94 115.493
174.197 100.913
2
187.79 123.999
0 0 0.352013 0.935995
3
211.118 132.191
198.98 146.046
164.462 115.806
176.6 101.951
2
188.739 125.834
0 0 0.380809 0.924654
3
211.515 135.454
198.543 148.531
165.963 116.214
178.935 103.136
2
189.573 127.724
0 0 0.409241 0.912426
3
211.71 138.734
197.954 150.984
167.435 116.713
181.191 104.463
2
190.288 129.662
0 0 0.437281 0.899325
3
211.702 142.021
197.214 153.396
168.874 117.303
183.361 105.927
2
191.494 131.198
0 0 0.437281 0.899325
3
212.908 143.557
198.421 154.933
170.08 118.84
184.568 107.464
2
192.701 132.735
0 0 0.437281 0.899325
3
214.115 145.094
199.627 156.47
171.287 120.376
185.775 109.001
2
193.907 134.272
0 0 0.437281 0.899325
3
215.321 146.631
200.834 158.006
172.494 121.913
186.981 110.537
2
195.689 135.318
0 0 0.409241 0.912426
3
217.826 146.328
204.07 158.578
173.551 124.308
187.307 112.058
2
197.531 136.252
0 0 0.380809 0.924654
3
220.307 145.872
207.335 158.949
174.755 126.632
187.727 113.555
2
199.428 137.07
0 0 0.352013 0.935995
3
222.756 145.263
210.617 159.118
176.1 128.878
188.238 115.023
2
201.372 137.77
0 0 0.322879 0.94644
3
225.161 144.503
213.904 159.083
177.582 131.036
188.84 116.457
2
203.355 138.348
0 0 0.293435 0.955979
3
227.516 143.597
217.181 158.844
179.194 133.098
189.528 117.851
2
205.37 138.801
0 0 0.263711 0.964602
3
229.809 142.546
220.438 158.404
180.931 135.057
190.302 119.199
2
207.41 139.13
0 0 0.233734 0.972301
3
232.034 141.355
223.661 157.763
182.786 136.905
191.158 120.497
2
209.465 139.332
0 0 0.203533 0.979068
3
234.18 140.029
226.839 156.923
184.751 138.634
192.092 121.74
2
211.53 139.406
0 0 0.173137 0.984898
3
236.24 138.573
229.958 155.889
186.819 140.238
193.102 122.923
2
213.595 139.352
0 0 0.142576 0.989784
3
238.206 136.992
233.008 154.663
188.983 141.712
194.182 124.04
2
215.653 139.171
0 0 0.111877 0.993722
3
240.071 135.293
235.975 153.252
191.234 143.048
195.33 125.089
2
217.695 138.862
0 0 0.081072 0.996708
3
241.827 133.481
238.85 151.659
193.563 144.243
196.54 126.065
2
219.471 139.918
0 0 0.111877 0.993722
3
243.889 136.04
239.794 153.999
195.052 143.795
199.148 125.837
2
221.178 141.081
0 0 0.142576 0.989784
3
245.789 138.722
240.591 156.393
196.566 143.441
201.765 125.77
2
222.81 142.348
0 0 0.173137 0.984898
3
247.52 141.516
241.238 158.831
198.099 143.181
204.381 125.865
2
224.36 143.714
0 0 0.203533 0.979068
3
249.074 144.411
241.733 161.305
199.645 143.016
206.986 126.122
2
225.822 145.172
0 0 0.233734 0.972301
3
250.447 147.397
242.074 163.805
201.198 142.947
209.571 126.539
2
227.192 146.718
0 0 0.263711 0.964602
3
251.631 150.463
242.26 166.321
202.753 142.974
212.124 127.116
2
228.464 148.347
0 0 0.293435 0.955979
3
252.624 153.596
242.29 168.843
204.303 143.098
214.637 127.85
2
229.632 150.05
0 0 0.322879 0.94644
3
253.422 156.784
242.164 171.363
205.842 143.317
217.1 128.737
2
230.693 151.823
0 0 0.352013 0.935995
3
254.02 160.015
241.882 173.87
207.365 143.63
219.503 129.775
2
232.636 152.522
0 0 0.322879 0.94644
3
256.426 159.256
245.168 173.835
208.846 145.789
220.104 131.209
2
234.62 153.1
0 0 0.293435 0.955979
3
258.78 158.349
248.446 173.597
210.459 147.851
220.793 132.603
2
236.635 153.554
0 0 0.263711 0.964602
3
261.074 157.298
251.703 173.156
212.196 149.81
221.567 133.952
2
238.674 153.882
0 0 0.233734 0.972301
3
263.298 156.108
254.926 172.515
214.05 151.657
222.422 135.25
2
240.73 154.084
0 0 0.203533 0.979068
3
265.445 154.782
258.103 171.676
216.016 153.386
223.357 136.493
2
242.795 154.158
0 0 0.173137 0.984898
3
267.505 153.326
261.223 170.641
218.084 154.991
224.366 137.675
2
244.86 154.104
0 0 0.142576 0.989784
3
269.471 151.745
264.272 169.416
220.248 156.464
225.447 138.793
2
246.917 153.923
0 0 0.111877 0.993722
3
271.336 150.045
267.24 168.004
222.499 157.801
226.595 139.842
2
248.96 153.615
0 0 0.081072 0.996708
3
273.092 148.234
270.115 166.412
224.828 158.995
227.805 140.818
2
250.98 153.181
0 0 0.050189 0.99874
3
274.732 146.317
272.886 164.644
227.227 160.044
229.073 141.717
2
252.968 152.622
0 0 0.0192579 0.999815
3
276.251 144.303
275.542 162.709
229.686 160.942
230.395 142.536
