0
80 80
0
81 81
0
82 82
0
83 83
0
84 84
0
85 85
0
86 86
0
87 87
0
88 88
0
89 89
0
90 90
0
91 91
0
92 92
0
93 93
0
94 94
0
95 95
0
96 96
0
97 97
0
98 98
0
99 99
0
100 100
0
101 101
0
102 102
0
103 103
0
103 104
0
103 105
0
103 106
0
103 107
0
103 108
0
103 109
0
103 110
0
103 111
0
104 112
0
105 113
0
106 114
0
107 115
0
108 116
0
109 117
0
110 118
0
111 119
0
112 120
0
113 121
0
114 122
0
115 123
0
116 124
0
117 125
0
118 126
0
119 127
0
120 128
0
121 129
0
122 130
0
123 131
0
124 132
0
125 133
0
126 134
0
127 135
0
128 136
0
129 137
0
130 138
0
131 139
0
132 140
0
133 141
0
134 142
0
134 143
0
135 144
0
136 145
0
137 146
0
137 147
0
138 148
0
138 149
0
138 150
0
138 151
0
139 152
0
138 153
0
138 154
0
138 155
0
138 156
0
137 157
0
137 158
0
136 159
0
136 160
0
135 161
0
134 162
0
133 163
0
132 164
0
131 165
0
130 166
0
129 167
0
128 168
0
127 169
0
126 170
0
126 171
0
125 172
0
124 173
0
123 174
0
122 175
0
121 176
0
120 177
0
119 178
0
118 179
0
117 180
0
116 181
0
115 182
0
115 183
0
114 184
0
114 185
0
113 186
0
113 187
0
113 188
0
112 189
1
80 80 0.710173
1
81.4814 81.2738 0.710173
1
82.9629 82.5475 0.710173
1
84.3627 83.9105 0.648271
1
85.99 84.9916 0.710173
1
87.5474 86.1713 0.772075
1
89.0289 87.4451 0.833977
1
90.2496 88.9705 0.772075
1
91.5624 90.4175 0.710173
1
92.9622 91.7804 0.648271
1
94.4436 93.0542 0.586369
1
96.001 94.2339 0.524467
1
97.6284 95.315 0.462565
1
99.4274 96.077 0.524467
1
101.176 96.9489 0.586369
1
102.867 97.9272 0.648271
1
104.494 99.0083 0.710173
1
106.052 100.188 0.772075
1
107.533 101.462 0.833977
1
108.933 102.825 0.895879
1
110.057 104.423 0.833977
1
111.278 105.948 0.772075
1
112.759 107.222 0.833977
1
114.159 108.585 0.895879
1
115.283 110.183 0.833977
1
116.504 111.708 0.772075
1
117.817 113.155 0.710173
1
119.216 114.518 0.648271
1
120.844 115.599 0.710173
1
122.401 116.779 0.772075
1
123.883 118.053 0.833977
1
125.282 119.416 0.895879
1
126.407 121.014 0.833977
1
127.627 122.539 0.772075
1
129.027 123.902 0.772075
1
130.427 125.265 0.772075
1
131.827 126.628 0.772075
1
133.226 127.991 0.772075
1
134.626 129.354 0.772075
1
136.026 130.717 0.772075
1
137.426 132.08 0.772075
1
138.826 133.443 0.772075
1
140.225 134.806 0.772075
1
141.625 136.169 0.772075
1
143.025 137.532 0.772075
1
144.425 138.895 0.772075
1
145.825 140.258 0.772075
1
147.224 141.621 0.772075
1
148.537 143.068 0.710173
1
149.937 144.431 0.648271
1
151.418 145.705 0.586369
1
152.976 146.884 0.524467
1
154.603 147.965 0.462565
1
156.294 148.944 0.400662
1
158.043 149.816 0.33876
1
159.842 150.578 0.276858
1
161.685 151.227 0.214956
1
163.564 151.761 0.153054
1
165.473 152.178 0.0911521
1
163.542 151.88 0.02925
1
161.596 151.702 6.25053
1
159.643 151.645 6.18863
1
157.691 151.709 6.12673
1
155.745 151.893 6.06483
1
153.816 152.197 6.00292
1
151.908 152.621 5.94102
1
150.031 153.161 5.87912
1
148.19 153.817 5.81722
1
146.394 154.585 5.75532
1
144.648 155.463 5.69341
1
142.961 156.447 5.63151
1
141.337 157.533 5.56961
1
139.783 158.718 5.50771
1
138.306 159.997 5.44581
1
136.911 161.365 5.3839
1
135.603 162.816 5.322
1
134.586 164.484 5.3839
1
133.467 166.086 5.44581
1
132.252 167.616 5.50771
1
130.857 168.983 5.50771
1
129.38 170.262 5.44581
1
127.984 171.63 5.3839
1
126.769 173.159 5.3839
1
125.553 174.689 5.3839
1
124.338 176.219 5.3839
1
123.219 177.82 5.44581
1
121.911 179.272 5.44581
1
120.603 180.723 5.44581
1
119.296 182.175 5.44581
1
117.988 183.626 5.44581
1
116.68 185.077 5.44581
1
115.372 186.529 5.44581
1
114.064 187.98 5.44581
2
90.733 89.2286
0 0 0.347671 0.937616
3
114.136 97.2044
102.126 111.171
67.3304 81.2527
79.3396 67.2858
2
92.2144 90.5023
0 0 0.347671 0.937616
3
115.617 98.4782
103.608 112.445
68.8118 82.5265
80.821 68.5595
2
93.6959 91.7761
0 0 0.347671 0.937616
3
117.099 99.752
105.089 113.719
70.2933 83.8003
82.3024 69.8333
2
95.646 92.4574
0 0 0.318489 0.947926
3
119.497 98.9703
108.375 113.653
71.7948 85.9446
82.917 71.2615
2
96.7231 94.2202
0 0 0.347671 0.937616
3
120.126 102.196
108.116 116.163
73.3204 86.2443
85.3296 72.2774
2
97.689 96.0462
0 0 0.37652 0.926408
3
120.553 105.454
107.703 118.652
74.8246 86.6378
87.6748 73.4406
2
98.5401 97.9284
0 0 0.405009 0.914313
3
120.779 108.733
107.137 121.11
76.3015 87.1237
89.9436 74.7466
2
100.391 98.8453
0 0 0.37652 0.926408
3
123.256 108.254
110.405 121.451
77.5268 89.437
90.377 76.2397
2
102.295 99.646
0 0 0.347671 0.937616
3
125.698 107.622
113.689 121.589
78.8928 91.6702
90.902 77.7032
2
104.246 100.327
0 0 0.318489 0.947926
3
128.097 106.84
116.975 121.523
80.3944 93.8145
91.5165 79.1314
2
106.234 100.887
0 0 0.289002 0.957328
3
130.443 105.912
120.25 121.255
82.0257 95.8619
92.2182 80.5188
2
108.253 101.322
0 0 0.259238 0.965813
3
132.726 104.84
123.503 120.784
83.7806 97.8044
93.0044 81.8602
2
110.296 101.632
0 0 0.229226 0.973373
3
134.94 103.629
126.72 120.113
85.6522 99.6346
93.8721 83.1504
2
111.68 103.165
0 0 0.259238 0.965813
3
136.153 106.683
126.929 122.627
87.207 99.6475
96.4308 83.7033
2
112.966 104.781
0 0 0.289002 0.957328
3
137.175 109.806
126.982 125.149
88.7579 99.7565
98.9504 84.4135
2
114.15 106.474
0 0 0.318489 0.947926
3
138.002 112.987
126.879 127.67
90.2992 99.9613
101.421 85.2782
2
115.227 108.237
0 0 0.347671 0.937616
3
138.63 116.213
126.621 130.18
91.8248 100.261
103.834 86.294
2
116.193 110.063
0 0 0.37652 0.926408
3
139.058 119.471
126.208 132.668
93.3289 100.655
106.179 87.4572
2
117.044 111.945
0 0 0.405009 0.914313
3
139.283 122.75
125.641 135.127
94.8059 101.14
108.448 88.7633
2
117.778 113.876
0 0 0.433109 0.901341
3
139.305 126.036
124.924 137.546
96.2499 101.717
110.632 90.2072
2
119.568 114.906
0 0 0.405009 0.914313
3
141.807 125.711
128.165 138.088
97.3297 104.101
110.972 91.7243
2
121.419 115.823
0 0 0.37652 0.926408
3
144.284 125.231
131.434 138.429
98.555 106.415
111.405 93.2174
2
122.271 117.705
0 0 0.405009 0.914313
3
144.509 128.51
130.867 140.887
100.032 106.9
113.674 94.5234
2
123.004 119.637
0 0 0.433109 0.901341
3
144.531 131.796
130.15 143.306
101.476 107.477
115.858 95.9673
2
124.794 120.666
0 0 0.405009 0.914313
3
147.033 131.471
133.391 143.848
102.556 109.861
116.198 97.4844
2
126.645 121.583
0 0 0.37652 0.926408
3
149.51 130.992
136.66 144.189
103.781 112.175
116.631 98.9776
2
128.55 122.384
0 0 0.347671 0.937616
3
151.952 130.36
139.943 144.327
105.147 114.408
117.156 100.441
2
130.5 123.065
0 0 0.318489 0.947926
3
154.351 129.578
143.229 144.261
106.649 116.552
117.771 101.869
2
131.577 124.828
0 0 0.347671 0.937616
3
154.979 132.804
142.97 146.771
108.174 116.852
120.183 102.885
2
132.543 126.654
0 0 0.37652 0.926408
3
155.407 136.062
142.557 149.26
109.678 117.246
122.529 104.048
2
133.394 128.536
0 0 0.405009 0.914313
3
155.632 139.341
141.99 151.718
111.155 117.731
124.797 105.354
2
134.127 130.467
0 0 0.433109 0.901341
3
155.655 142.627
141.273 154.137
112.599 118.308
126.981 106.798
2
135.918 131.497
0 0 0.405009 0.914313
3
158.156 142.302
144.514 154.679
113.679 120.692
127.321 108.315
2
137.769 132.414
0 0 0.37652 0.926408
3
160.633 141.822
147.783 155.02
114.904 123.006
127.755 109.808
2
139.169 133.777
0 0 0.37652 0.926408
3
162.033 143.185
149.183 156.383
116.304 124.369
129.154 111.171
2
140.568 135.14
0 0 0.37652 0.926408
3
163.433 144.548
150.583 157.746
117.704 125.732
130.554 112.534
2
141.968 136.503
0 0 0.37652 0.926408
3
164.833 145.911
151.982 159.109
119.104 127.095
131.954 113.897
2
143.368 137.866
0 0 0.37652 0.926408
3
166.232 147.274
153.382 160.472
120.504 128.458
133.354 115.26
2
144.768 139.229
0 0 0.37652 0.926408
3
167.632 148.637
154.782 161.835
121.903 129.821
134.754 116.623
2
146.168 140.592
0 0 0.37652 0.926408
3
169.032 150
156.182 163.198
123.303 131.184
136.153 117.986
2
147.567 141.955
0 0 0.37652 0.926408
3
170.432 151.363
157.582 164.561
124.703 132.547
137.553 119.349
2
148.967 143.318
0 0 0.37652 0.926408
3
171.832 152.726
158.981 165.924
126.103 133.91
138.953 120.712
2
150.367 144.681
0 0 0.37652 0.926408
3
173.231 154.089
160.381 167.287
127.503 135.273
140.353 122.075
2
151.767 146.044
0 0 0.37652 0.926408
3
174.631 155.452
161.781 168.649
128.902 136.636
141.753 123.438
2
153.167 147.407
0 0 0.37652 0.926408
3
176.031 156.815
163.181 170.012
130.302 137.999
143.152 124.801
2
154.566 148.77
0 0 0.37652 0.926408
3
177.431 158.178
164.581 171.375
131.702 139.362
144.552 126.164
2
155.966 150.133
0 0 0.37652 0.926408
3
178.831 159.541
165.98 172.738
133.102 140.724
145.952 127.527
2
157.366 151.496
0 0 0.37652 0.926408
3
180.23 160.904
167.38 174.101
134.502 142.087
147.352 128.89
2
159.27 152.296
0 0 0.347671 0.937616
3
182.673 160.272
170.664 174.239
135.868 144.321
147.877 130.354
2
161.22 152.978
0 0 0.318489 0.947926
3
185.072 159.491
173.949 174.174
137.369 146.465
148.491 131.782
2
163.209 153.537
0 0 0.289002 0.957328
3
187.417 158.562
177.225 173.905
139.001 148.512
149.193 133.169
2
165.228 153.972
0 0 0.259238 0.965813
3
189.701 157.49
180.477 173.434
140.755 150.455
149.979 134.511
2
167.271 154.282
0 0 0.229226 0.973373
3
191.914 156.279
183.695 172.763
142.627 152.285
150.847 135.801
2
169.328 154.465
0 0 0.198994 0.980001
3
194.048 154.933
186.864 171.894
144.608 153.996
151.793 137.035
2
171.393 154.52
0 0 0.168571 0.985689
3
196.095 153.458
189.974 170.831
146.692 155.581
152.813 138.208
2
173.458 154.447
0 0 0.137987 0.990434
3
198.046 151.859
193.012 169.578
148.869 157.034
153.904 139.316
2
175.514 154.246
0 0 0.107271 0.99423
3
199.895 150.142
195.966 168.139
151.132 158.35
155.061 140.354
2
177.553 153.919
0 0 0.0764524 0.997073
3
201.634 148.315
198.826 166.519
153.473 159.523
156.281 141.318
2
179.569 153.466
0 0 0.0455603 0.998962
3
203.257 146.383
201.58 164.727
155.881 160.549
157.558 142.206
2
177.691 152.294
0 0 0.0146245 0.999893
3
200.895 143.759
200.357 162.171
154.486 160.829
155.025 142.417
2
175.744 151.24
0 0 0.0163254 -0.999867
3
198.376 141.286
198.977 159.696
153.112 161.194
152.51 142.784
2
173.735 150.308
0 0 0.0472595 -0.998883
3
195.708 138.973
197.447 157.311
151.762 161.644
150.023 143.306
2
171.673 149.503
0 0 0.0781484 -0.996942
3
192.902 136.83
195.772 155.025
150.443 162.176
147.573 143.981
2
169.564 148.827
0 0 0.108962 -0.994046
3
189.969 134.865
193.96 152.847
149.159 162.789
145.169 144.806
2
167.418 148.282
0 0 0.139672 -0.990198
3
186.921 133.085
192.016 150.786
147.916 163.48
142.821 145.778
2
165.243 147.871
0 0 0.170248 -0.985401
3
183.767 131.497
189.948 148.849
146.718 164.246
140.538 146.894
2
163.046 147.596
0 0 0.200661 -0.979661
3
180.522 130.107
187.764 147.043
145.57 165.085
138.328 148.149
2
160.836 147.457
0 0 0.230881 -0.972982
3
177.197 128.92
185.473 145.376
144.475 165.994
136.199 149.538
2
158.622 147.455
0 0 0.260881 -0.965371
3
173.805 127.941
183.083 143.854
143.439 166.969
134.161 151.056
2
156.412 147.59
0 0 0.29063 -0.956835
3
170.359 127.175
180.603 142.483
142.466 168.005
132.221 152.697
2
154.215 147.861
0 0 0.320101 -0.947383
3
166.872 126.622
178.044 141.268
141.558 169.101
130.386 154.455
2
152.038 148.268
0 0 0.349266 -0.937024
3
163.357 126.287
175.414 140.213
140.72 170.25
128.663 156.324
2
149.891 148.809
0 0 0.378096 -0.925767
3
159.829 126.169
172.724 139.323
139.954 171.449
127.059 158.295
2
147.782 149.481
0 0 0.406563 -0.913623
3
156.3 126.271
169.984 138.601
139.264 172.692
125.58 160.362
2
145.718 150.283
0 0 0.434642 -0.900603
3
152.784 126.59
167.204 138.05
138.653 173.977
124.232 162.516
2
143.708 151.211
0 0 0.462304 -0.886722
3
149.294 127.126
164.396 137.672
138.122 175.296
123.02 164.75
2
143.393 153.403
0 0 0.434642 -0.900603
3
150.458 129.709
164.879 141.17
136.327 177.096
121.907 165.636
2
142.943 155.57
0 0 0.406563 -0.913623
3
151.461 132.359
165.145 144.69
134.425 178.781
120.741 166.451
2
142.36 157.706
0 0 0.378096 -0.925767
3
152.297 135.067
165.192 148.22
132.423 180.346
119.527 167.192
2
140.965 159.074
0 0 0.378096 -0.925767
3
150.902 136.434
163.797 149.588
131.027 181.714
118.132 168.56
2
138.855 159.747
0 0 0.406563 -0.913623
3
147.373 136.536
161.057 148.866
130.337 182.957
116.653 170.627
2
136.791 160.548
0 0 0.434642 -0.900603
3
143.857 136.855
158.277 148.315
129.726 184.242
115.305 172.781
2
135.576 162.078
0 0 0.434642 -0.900603
3
142.641 138.384
157.062 149.845
128.51 185.771
114.09 174.311
2
134.36 163.607
0 0 0.434642 -0.900603
3
141.426 139.914
155.846 151.374
127.295 187.301
112.874 175.84
2
133.145 165.137
0 0 0.434642 -0.900603
3
140.21 141.443
154.631 152.904
126.079 188.83
111.659 177.37
2
132.695 167.305
0 0 0.406563 -0.913623
3
141.212 144.094
154.896 156.424
124.177 190.516
110.493 178.185
2
131.387 168.756
0 0 0.406563 -0.913623
3
139.904 145.545
153.588 157.876
122.869 191.967
109.185 179.636
2
130.079 170.208
0 0 0.406563 -0.913623
3
138.597 146.997
152.281 159.327
121.561 193.418
107.877 181.088
2
128.771 171.659
0 0 0.406563 -0.913623
3
137.289 148.448
150.973 160.779
120.253 194.87
106.569 182.539
2
127.463 173.11
0 0 0.406563 -0.913623
3
135.981 149.899
149.665 162.23
118.946 196.321
105.262 183.991
2
126.155 174.562
0 0 0.406563 -0.913623
3
134.673 151.351
148.357 163.681
117.638 197.773
103.954 185.442
2
124.847 176.013
0 0 0.406563 -0.913623
3
133.365 152.802
147.049 165.133
116.33 199.224
102.646 186.894
2
123.54 177.465
0 0 0.406563 -0.913623
3
132.057 154.254
145.741 166.584
115.022 200.676
101.338 188.345
