0
80 150
0
81 151
0
82 152
0
83 153
0
84 154
0
85 155
0
86 156
0
87 157
0
88 158
0
89 159
0
90 160
0
91 161
0
92 161
0
93 162
0
94 163
0
95 164
0
96 165
0
97 166
0
98 167
0
99 168
0
100 169
0
100 170
0
100 171
0
101 172
0
101 173
0
102 174
0
102 175
0
103 176
0
103 177
0
104 178
0
104 179
0
105 180
0
105 181
0
105 182
0
106 183
0
106 184
0
107 185
0
107 186
0
108 187
0
108 188
0
109 189
0
109 190
0
110 191
0
110 192
0
110 193
0
111 194
0
111 195
0
112 196
0
112 197
0
113 198
0
113 199
0
114 200
0
114 201
0
115 202
0
115 203
0
115 204
0
116 205
0
116 206
0
117 207
0
117 208
0
118 209
0
118 210
0
119 211
0
119 212
0
120 213
0
120 214
0
120 215
0
121 216
0
121 217
0
122 218
0
122 219
0
123 220
0
123 221
0
124 222
0
124 223
0
125 224
0
125 225
0
125 226
0
126 227
0
126 228
0
127 229
0
127 230
0
128 231
0
128 232
0
129 233
0
129 234
0
130 235
0
130 236
0
130 237
0
131 238
0
131 239
0
132 240
0
132 241
0
133 242
0
133 243
0
134 244
0
134 245
0
135 246
0
135 247
0
135 248
0
136 249
0
136 250
0
137 251
0
137 252
0
137 253
0
138 254
0
139 255
0
139 256
0
140 257
0
140 258
0
140 259
0
141 260
0
141 261
0
142 262
0
142 263
0
143 264
0
143 265
0
144 266
0
144 267
0
145 268
0
145 269
0
145 270
0
146 271
0
146 272
0
147 273
0
147 274
0
148 275
0
148 276
0
149 277
0
149 278
0
150 279
0
150 280
0
150 281
0
151 282
0
151 283
0
152 284
0
152 285
0
153 286
0
153 287
0
154 288
0
154 289
0
155 290
0
155 291
0
156 292
0
156 293
0
156 294
0
157 295
0
157 296
0
158 297
0
158 298
0
159 299
0
159 300
0
160 301
0
160 302
0
161 303
0
161 304
0
161 305
0
162 306
0
162 307
0
163 308
0
163 309
0
164 310
0
164 311
0
165 312
0
165 313
0
166 314
0
166 315
0
166 316
0
167 317
0
167 318
0
168 319
0
168 320
0
169 321
0
169 322
0
170 323
0
170 324
0
171 325
0
171 326
0
171 327
0
172 328
0
172 329
0
173 330
0
173 331
0
174 332
0
174 333
0
175 334
0
175 335
0
176 336
0
176 337
0
176 338
0
177 339
0
177 340
0
178 341
0
178 342
0
179 343
0
179 344
0
180 345
0
180 346
0
181 347
0
181 348
0
181 349
0
182 350
0
182 351
0
183 352
0
183 353
0
184 354
0
184 355
0
185 356
0
185 357
0
186 358
0
186 359
0
186 360
0
187 361
0
187 362
0
188 363
0
188 364
0
189 365
0
189 366
0
190 367
0
190 368
0
191 369
0
191 370
1
80 150 3.96992
1
78.6791 148.56 3.96992
1
77.3581 147.121 3.96992
1
76.0372 145.681 3.96992
1
74.7162 144.242 3.96992
1
73.4868 142.723 3.90802
1
72.1659 141.284 3.84612
1
70.7584 139.929 3.78421
1
69.2698 138.663 3.72231
1
67.7058 137.493 3.66041
1
66.0723 136.421 3.59851
1
64.3757 135.452 3.53661
1
62.5293 134.813 3.59851
1
59.6234 133.57 3.49331
1
56.6029 132.638 3.3881
1
53.5013 132.029 3.2829
1
50.3536 131.737 3.21744
1
47.2188 131.332 3.32264
1
44.1439 130.601 3.42785
1
41.1628 129.55 3.53305
1
38.3085 128.192 3.63825
1
35.6126 126.542 3.74345
1
33.1049 124.618 3.84865
1
30.8131 122.441 3.95386
1
28.7625 120.036 4.05906
1
26.9759 117.428 4.16426
1
25.4729 114.647 4.26946
1
24.2703 111.724 4.37467
1
23.3812 108.691 4.47987
1
22.8156 105.581 4.58507
1
22.5797 102.429 4.69027
1
22.676 99.27 4.79548
1
23.1036 96.1383 4.90068
1
23.8576 93.0687 5.00588
1
24.9299 90.0953 5.11108
1
26.3084 87.2509 5.21629
1
27.978 84.567 5.32149
1
29.9202 82.0733 5.42669
1
32.1135 79.7973 5.53189
1
34.5337 77.7642 5.63709
1
37.154 75.9965 5.7423
1
39.9454 74.5137 5.8475
1
42.8771 73.3323 5.9527
1
45.9167 72.4652 6.0579
1
49.0305 71.9221 6.16311
1
52.1841 71.709 6.26831
1
55.3427 71.8282 0.0903256
1
58.4713 72.2784 0.195528
1
61.5353 73.0547 0.30073
1
64.5009 74.1484 0.405933
1
67.3352 75.5475 0.511135
1
70.0069 77.2365 0.616337
1
72.4865 79.1967 0.72154
1
74.7466 81.4064 0.826742
1
76.7621 83.8412 0.931945
1
78.5108 86.4743 1.03715
1
79.9733 89.2764 1.14235
1
81.1335 92.2166 1.24755
1
81.9786 95.2623 1.35275
1
82.4991 98.38 1.45796
1
82.6894 101.535 1.56316
1
82.5473 104.693 1.66836
1
82.0983 107.822 1.71687
1
81.8032 110.969 1.61167
1
81.8403 114.13 1.50647
1
82.2091 117.269 1.40127
1
82.9054 120.352 1.29606
1
83.9217 123.345 1.19086
1
85.2466 126.215 1.08566
1
86.8656 128.93 0.980456
1
88.7607 131.459 0.875253
1
90.9109 133.776 0.770051
1
93.2925 135.854 0.664849
1
95.8792 137.671 0.559646
1
98.6423 139.206 0.454444
1
101.551 140.442 0.349242
1
103.425 140.996 0.411144
1
101.589 140.327 0.473046
1
99.7983 139.546 0.534948
1
98.0591 138.656 0.59685
1
96.3783 137.66 0.658752
1
94.7623 136.562 0.720654
1
93.2174 135.366 0.782556
1
91.7494 134.077 0.844458
1
90.364 132.699 0.90636
1
91.6615 134.16 0.968262
1
92.8662 135.698 1.03016
1
93.9735 137.308 1.09207
1
94.979 138.983 1.15397
1
95.879 140.717 1.21587
1
96.67 142.503 1.27777
1
97.349 144.335 1.33967
1
97.7965 146.237 1.33967
1
98.2441 148.139 1.33967
1
98.6916 150.041 1.33967
1
99.1392 151.942 1.33967
1
99.5867 153.844 1.33967
1
100.034 155.746 1.33967
1
100.482 157.648 1.33967
1
100.929 159.55 1.33967
1
101.258 161.475 1.27777
1
101.937 163.307 1.33967
1
102.502 165.178 1.40158
1
102.711 167.12 1.33967
1
103.04 169.046 1.27777
1
103.488 170.948 1.21587
1
104.052 172.819 1.15397
1
104.731 174.651 1.09207
1
105.522 176.437 1.03016
1
106.422 178.171 0.968262
1
107.427 179.846 0.90636
1
108.535 181.456 0.844458
1
109.739 182.994 0.782556
1
111.207 184.283 0.844458
1
112.593 185.661 0.90636
1
113.89 187.121 0.968262
1
115.095 188.66 1.03016
1
116.101 190.335 1.03016
1
117.106 192.01 1.03016
1
118.112 193.685 1.03016
1
119.117 195.36 1.03016
1
120.123 197.035 1.03016
1
121.128 198.71 1.03016
1
122.134 200.385 1.03016
1
123.14 202.06 1.03016
1
124.145 203.736 1.03016
1
125.151 205.411 1.03016
1
126.156 207.086 1.03016
1
127.162 208.761 1.03016
1
128.167 210.436 1.03016
1
129.173 212.111 1.03016
1
130.178 213.786 1.03016
1
131.184 215.461 1.03016
1
132.19 217.136 1.03016
1
133.195 218.812 1.03016
1
134.201 220.487 1.03016
1
135.206 222.162 1.03016
1
136.212 223.837 1.03016
1
137.217 225.512 1.03016
1
138.223 227.187 1.03016
1
139.228 228.862 1.03016
1
140.234 230.537 1.03016
1
141.24 232.212 1.03016
1
142.245 233.888 1.03016
1
143.251 235.563 1.03016
1
144.256 237.238 1.03016
1
145.262 238.913 1.03016
1
146.267 240.588 1.03016
1
147.273 242.263 1.03016
1
148.278 243.938 1.03016
1
149.284 245.613 1.03016
1
150.289 247.288 1.03016
1
151.295 248.964 1.03016
1
152.301 250.639 1.03016
1
153.408 252.248 1.09207
1
154.413 253.923 1.15397
1
155.092 255.755 1.09207
1
156.098 257.431 1.15397
1
156.998 259.165 1.21587
1
157.562 261.035 1.15397
1
158.241 262.867 1.09207
1
159.032 264.654 1.03016
1
160.038 266.329 1.03016
1
161.043 268.004 1.03016
1
162.049 269.679 1.03016
1
163.054 271.354 1.03016
1
164.06 273.029 1.03016
1
165.066 274.704 1.03016
1
166.173 276.314 1.09207
1
167.178 277.989 1.15397
1
168.078 279.723 1.21587
1
168.869 281.51 1.27777
1
169.548 283.342 1.33967
1
170.113 285.212 1.40158
1
170.322 287.155 1.33967
1
170.651 289.08 1.27777
1
171.33 290.912 1.33967
1
171.894 292.783 1.40158
1
172.342 294.685 1.46348
1
172.671 296.611 1.52538
1
172.88 298.553 1.58728
1
172.969 300.505 1.64918
1
172.937 302.458 1.71109
1
172.544 304.372 1.64918
1
172.271 306.307 1.58728
1
172.118 308.254 1.52538
1
172.086 310.208 1.46348
1
172.175 312.16 1.40158
1
172.384 314.102 1.33967
1
172.713 316.028 1.27777
1
173.16 317.93 1.21587
1
173.725 319.8 1.15397
1
174.404 321.632 1.09207
1
175.195 323.419 1.03016
1
176.302 325.028 1.09207
1
177.308 326.704 1.15397
1
178.208 328.438 1.21587
1
178.999 330.224 1.27777
1
179.446 332.126 1.21587
1
180.01 333.996 1.15397
1
180.689 335.828 1.09207
1
181.695 337.504 1.15397
1
182.595 339.238 1.21587
1
183.386 341.024 1.27777
1
184.065 342.856 1.33967
1
184.629 344.727 1.40158
1
184.839 346.669 1.33967
1
185.168 348.595 1.27777
1
185.615 350.497 1.21587
1
186.179 352.367 1.15397
1
186.858 354.199 1.09207
1
187.649 355.986 1.03016
1
188.549 357.72 0.968262
1
189.555 359.395 0.90636
1
190.662 361.005 0.844458
1
191.867 362.543 0.782556
1
193.165 364.003 0.720654
1
194.55 365.381 0.658752
1
196.018 366.67 0.59685
1
197.563 367.866 0.534948
1
199.179 368.964 0.473046
1
200.86 369.96 0.411144
1
202.599 370.85 0.349242
1
204.39 371.631 0.28734
1
202.554 370.963 0.225438
1
200.68 370.409 0.163536
1
198.776 369.972 0.101633
1
196.848 369.654 0.0397314
1
194.905 369.456 6.26101
1
192.952 369.378 6.19911
2
70.4297 139.571
0 0 0.915453 -0.402425
3
48.1304 128.892
61.7023 116.438
92.7289 150.25
79.157 162.703
2
69.1087 138.131
0 0 0.915453 -0.402425
3
46.8095 127.452
60.3814 114.998
91.408 148.81
77.8361 161.264
2
67.7878 136.691
0 0 0.915453 -0.402425
3
45.4885 126.013
59.0604 113.559
90.087 147.37
76.5152 159.824
2
66.4669 135.252
0 0 0.915453 -0.402425
3
44.1676 124.573
57.7395 112.119
88.7661 145.931
75.1942 158.385
2
65.1459 133.812
0 0 0.915453 -0.402425
3
42.8467 123.133
56.4185 110.68
87.4452 144.491
73.8733 156.945
2
63.2897 132.906
0 0 0.927468 -0.373903
3
40.3725 123.627
53.148 110.357
86.2068 142.185
73.4314 155.455
2
61.3809 132.116
0 0 0.938595 -0.345022
3
37.9336 124.273
49.8637 110.238
84.8282 139.96
72.8981 153.994
2
59.427 131.446
0 0 0.948822 -0.315811
3
35.5394 125.068
46.5784 110.322
83.3146 137.824
72.2755 152.569
2
57.4353 130.898
0 0 0.958141 -0.286297
3
33.1989 126.01
43.3046 110.609
81.6717 135.786
71.566 151.186
2
55.4135 130.474
0 0 0.966542 -0.256509
3
30.9211 127.094
40.0548 111.098
79.9059 133.853
70.7723 149.849
2
53.3694 130.176
0 0 0.974017 -0.226476
3
28.7149 128.318
36.8414 111.788
78.0239 132.033
69.8973 148.564
2
51.3107 130.005
0 0 0.980559 -0.196225
3
26.5885 129.676
33.6769 112.674
76.033 130.334
68.9446 147.335
2
49.8264 128.568
0 0 0.974017 -0.226476
3
25.1719 126.71
33.2984 110.18
74.4809 130.426
66.3543 146.956
2
46.3349 128.693
0 0 0.984577 -0.174952
3
21.6216 129.435
27.9674 112.142
71.0482 127.952
64.7024 145.244
2
42.8758 129.184
0 0 0.992414 -0.122944
3
18.377 132.517
22.8719 114.653
67.3746 125.852
62.8797 143.715
2
39.4874 130.036
0 0 0.997505 -0.0705958
3
15.474 135.922
18.0682 117.686
63.5008 124.149
60.9066 142.385
2
36.2393 130.665
0 0 0.999281 -0.0379148
3
12.6624 138.109
14.0581 119.742
59.8162 123.22
58.4204 141.587
2
33.2952 128.784
0 0 0.995905 -0.0904015
3
9.06681 133.711
12.3836 115.593
57.5235 123.856
54.2067 141.975
2
30.5648 126.604
0 0 0.989775 -0.142638
3
5.95298 128.96
11.154 111.29
55.1767 124.247
49.9757 141.918
2
28.0785 124.149
0 0 0.980906 -0.19448
3
3.35529 123.908
10.3831 106.882
52.8018 124.39
45.7739 141.417
2
25.8637 121.447
0 0 0.969325 -0.245784
3
1.30246 118.611
10.0794 102.417
50.425 124.283
41.648 140.478
2
23.9449 118.528
0 0 0.955061 -0.296408
3
-0.182819 113.128
10.2461 97.945
48.0726 123.927
37.6436 139.11
2
22.3432 115.423
0 0 0.938156 -0.346213
3
-1.08411 107.52
10.8816 93.5153
45.7705 123.326
33.8049 137.33
2
21.0765 112.167
0 0 0.918656 -0.395059
3
-1.39145 101.847
11.9786 89.1769
43.5444 122.486
30.1743 135.156
2
20.1586 108.796
0 0 0.896614 -0.442813
3
-1.10145 96.1739
13.5252 84.9776
41.4187 121.417
26.7921 132.613
2
19.5999 105.347
0 0 0.872092 -0.489342
3
-0.21729 90.5624
15.5042 80.9639
39.417 120.131
23.6955 129.73
2
19.4063 101.858
0 0 0.845158 -0.534517
3
1.25122 85.0748
17.8937 77.1803
37.5614 118.642
20.9189 126.537
2
19.5802 98.369
0 0 0.815886 -0.578213
3
3.28785 79.7717
20.6673 73.6685
35.8725 116.966
18.493 123.069
2
20.1195 94.9171
0 0 0.784357 -0.62031
3
5.87009 74.7118
23.7944 70.4673
34.3689 115.122
16.4446 119.367
2
21.0183 91.5409
0 0 0.750658 -0.660691
3
8.9694 69.9511
27.2403 67.6122
33.0672 113.131
14.7962 115.47
2
22.2666 88.2778
0 0 0.714882 -0.699245
3
12.5515 65.5421
30.967 65.1348
31.9818 111.014
13.5663 111.421
2
23.8507 85.1638
0 0 0.67713 -0.735864
3
16.5767 61.5337
34.9332 63.0623
31.1247 108.794
12.7683 107.265
2
25.7531 82.2334
0 0 0.637503 -0.770447
3
21.0007 57.97
39.0951 61.4179
30.5055 106.497
12.411 103.049
2
27.9526 79.519
0 0 0.596114 -0.8029
3
25.7743 54.8907
43.4067 60.2195
30.1309 104.147
12.4985 98.8184
2
30.425 77.0505
0 0 0.553075 -0.833131
3
30.845 52.3296
47.8203 59.4806
30.0051 101.771
13.0298 94.6204
2
33.143 74.8553
0 0 0.508507 -0.861058
3
36.1565 50.3152
52.2871 59.2091
30.1295 99.3954
13.9989 90.5014
2
36.0765 72.9576
0 0 0.462532 -0.886603
3
41.6502 48.8697
56.7577 59.4083
30.5027 97.0456
15.3953 86.507
2
39.193 71.3785
0 0 0.415278 -0.909695
3
47.2654 48.009
61.1826 60.0757
31.1206 94.748
17.2033 82.6812
2
42.4581 70.1353
0 0 0.366874 -0.930271
3
52.9398 47.7427
65.513 61.2042
31.9763 92.528
19.4031 79.0665
2
45.8357 69.2419
0 0 0.317456 -0.948273
3
58.6109 48.0738
69.701 62.7811
33.0604 90.4101
21.9703 75.7028
2
49.2884 68.7081
0 0 0.26716 -0.963652
3
64.2158 48.9985
73.7002 64.7891
34.361 88.4178
24.8765 72.6272
2
52.7781 68.5399
0 0 0.216124 -0.976366
3
69.6927 50.5067
77.4665 67.2059
35.8635 86.573
28.0897 69.8738
2
56.2661 68.739
0 0 0.164491 -0.986379
3
74.9808 52.5817
80.9581 70.0049
37.5514 84.8962
31.5741 67.473
2
59.714 69.3032
0 0 0.112403 -0.993663
3
80.0219 55.2005
84.1366 73.155
39.4061 83.406
35.2915 65.4514
2
63.0836 70.2265
0 0 0.0600034 -0.998198
3
84.7601 58.3342
86.9666 76.6215
41.4071 82.1187
39.2005 63.8314
2
66.3376 71.4984
0 0 0.00743827 -0.999972
3
89.143 61.9481
89.417 80.3661
43.5321 81.0487
43.2581 62.6308
2
69.44 73.105
0 0 0.0451474 0.99898
3
93.1222 66.0023
91.4607 84.3472
45.7578 80.2078
47.4193 61.8628
2
72.3566 75.0285
0 0 0.0976083 0.995225
3
96.6537 70.4519
93.075 88.5209
48.0594 79.6052
51.6381 61.5362
2
75.055 77.2477
0 0 0.149799 0.988716
3
99.6984 75.2477
94.2421 92.841
50.4116 79.2476
55.868 61.6543
2
77.5056 79.7379
0 0 0.201576 0.979473
3
102.223 80.3368
94.9491 97.2598
52.7884 79.139
60.062 62.2159
2
79.681 82.4717
0 0 0.252795 0.96752
3
104.199 85.6627
95.1882 101.728
55.1634 79.2806
64.1739 63.2148
2
81.5574 85.4188
0 0 0.303314 0.952891
3
105.604 91.1668
94.9567 106.198
57.5104 79.6708
68.1581 64.64
2
83.1139 88.5466
0 0 0.352995 0.935625
3
106.424 96.788
94.2572 110.618
59.8035 80.3053
71.9707 66.4757
2
84.3334 91.8206
0 0 0.401699 0.915772
3
106.65 102.464
93.0975 114.94
62.0173 81.1771
75.5694 68.7016
2
85.2024 95.2046
0 0 0.449292 0.893385
3
106.277 108.133
91.4902 119.116
64.1272 82.2765
78.9145 71.2931
2
85.7111 98.6611
0 0 0.495642 0.868527
3
105.312 113.731
89.4534 123.101
66.1101 83.5914
81.9689 74.2215
2
85.8541 102.152
0 0 0.540621 0.841267
3
103.764 119.197
87.0093 126.849
67.9439 85.1073
84.699 77.4545
2
85.6298 105.638
0 0 0.584104 0.811679
3
101.651 124.47
84.1851 130.321
69.6084 86.8073
87.0745 80.9563
2
85.0406 109.082
0 0 0.625972 0.779846
3
98.9959 129.492
81.0121 133.476
71.0852 88.6727
89.0691 84.6881
2
84.093 112.445
0 0 0.666108 0.745855
3
95.828 134.207
77.5252 136.281
72.3579 90.6829
90.6608 88.6088
2
82.7975 115.69
0 0 0.704401 0.709802
3
92.1825 138.564
73.763 138.704
73.4126 92.8157
91.832 92.675
2
81.1685 118.78
0 0 0.740746 0.671785
3
88.0996 142.513
69.7672 140.719
74.2374 95.0474
92.5698 96.8416
2
80.0379 121.826
0 0 0.756821 0.653622
3
85.81 145.868
67.5862 143.186
74.2658 97.7852
92.4896 100.466
2
81.2248 125.112
0 0 0.721409 0.692509
3
89.4896 148.415
71.0849 147.662
72.9601 101.81
91.3647 102.563
2
82.7503 128.255
0 0 0.684001 0.729481
3
93.4162 150.561
75.0343 151.745
72.0843 105.95
90.4662 104.766
2
84.5973 131.221
0 0 0.644701 0.764435
3
97.5465 152.283
79.3906 155.391
71.648 110.159
89.804 107.051
2
86.7455 133.976
0 0 0.603618 0.797274
3
101.835 153.562
84.1057 158.559
71.6562 114.39
89.3854 109.393
2
89.1712 136.491
0 0 0.560865 0.827907
3
106.234 154.384
89.1274 161.215
72.1086 118.598
89.215 111.766
2
91.8475 138.737
0 0 0.51656 0.856251
3
110.695 154.739
94.4002 163.329
73.0003 122.734
89.2948 114.144
2
94.7449 140.689
0 0 0.470827 0.882226
3
115.168 154.624
99.8659 164.877
74.3215 126.754
89.6239 116.501
2
97.8312 142.326
0 0 0.423791 0.90576
3
119.605 154.039
105.464 165.843
76.0574 130.613
90.1986 118.809
2
101.072 143.63
0 0 0.375583 0.926789
3
123.956 152.992
111.132 166.216
78.189 134.268
91.0125 121.045
2
104.433 144.587
0 0 0.326336 0.945254
3
128.173 151.494
116.809 165.991
80.6927 137.68
92.0567 123.183
2
107.875 145.185
0 0 0.276186 0.961104
3
132.209 149.562
122.43 165.172
83.5407 140.809
93.3197 125.199
2
111.361 145.419
0 0 0.225272 0.974296
3
136.02 147.216
127.934 163.766
86.7016 143.622
94.7873 127.072
2
114.852 145.285
0 0 0.173735 0.984792
3
139.563 144.483
133.26 161.791
90.1405 146.088
96.4435 128.78
2
116.4 146.653
0 0 0.204127 0.978944
3
141.114 147.38
133.752 164.265
91.6867 145.925
99.0484 129.04
2
114.19 146.776
0 0 0.234324 0.972159
3
138.811 149.031
130.419 165.428
89.5684 144.521
97.9606 128.124
2
111.976 146.762
0 0 0.264296 0.964442
3
136.41 150.536
127.02 166.383
87.5411 142.988
96.9315 127.142
2
109.767 146.612
0 0 0.294015 0.955801
3
133.921 151.89
123.568 167.125
85.6124 141.333
95.9652 126.098
2
107.571 146.325
0 0 0.323453 0.946244
3
131.353 153.087
120.078 167.653
83.7898 139.562
95.0653 124.997
2
105.398 145.902
0 0 0.35258 0.935782
3
128.716 154.123
116.561 167.963
82.0803 137.682
94.2352 123.841
2
103.255 145.347
0 0 0.38137 0.924422
3
126.019 154.994
113.032 168.056
80.4904 135.699
93.4782 122.637
2
101.15 144.659
0 0 0.409795 0.912178
3
123.274 155.696
109.503 167.93
79.0261 133.622
92.7971 121.389
2
99.0921 143.843
0 0 0.437827 0.899059
3
120.491 156.228
105.99 167.586
77.6932 131.458
92.1946 120.1
2
99.6836 145.822
0 0 0.46544 0.88508
3
120.275 159.507
105.099 169.946
79.0918 132.137
94.2681 121.698
2
100.151 147.834
0 0 0.492606 0.870252
3
119.857 162.767
104.064 172.247
80.4457 132.902
96.2387 123.421
2
100.494 149.871
0 0 0.519301 0.854591
3
119.238 165.994
102.889 174.479
81.7497 133.748
98.099 125.263
2
100.71 151.926
0 0 0.545499 0.838112
3
118.421 169.177
101.578 176.635
82.9989 134.674
99.8417 127.217
2
100.798 153.99
0 0 0.571174 0.820829
3
117.408 172.304
100.136 178.705
84.1884 135.675
101.46 129.274
2
100.759 156.055
0 0 0.596302 0.80276
3
116.204 175.362
98.5689 180.682
85.3136 136.748
102.948 131.428
2
100.591 158.114
0 0 0.620858 0.783923
3
114.813 178.339
96.8824 182.559
86.3704 137.889
104.301 133.669
2
101.039 160.016
0 0 0.620858 0.783923
3
115.26 180.241
97.3299 184.46
86.8179 139.791
104.748 135.571
2
101.487 161.918
0 0 0.620858 0.783923
3
115.708 182.143
97.7775 186.362
87.2655 141.692
105.196 137.473
2
101.934 163.819
0 0 0.620858 0.783923
3
116.155 184.044
98.225 188.264
87.713 143.594
105.643 139.375
2
102.382 165.721
0 0 0.620858 0.783923
3
116.603 185.946
98.6726 190.166
88.1606 145.496
106.091 141.276
2
102.829 167.623
0 0 0.620858 0.783923
3
117.05 187.848
99.1201 192.068
88.6081 147.398
106.538 143.178
2
103.277 169.525
0 0 0.620858 0.783923
3
117.498 189.75
99.5677 193.969
89.0557 149.3
106.986 145.08
2
103.724 171.426
0 0 0.620858 0.783923
3
117.945 191.652
100.015 195.871
89.5032 151.201
107.433 146.982
2
104.172 173.328
0 0 0.620858 0.783923
3
118.393 193.553
100.463 197.773
89.9508 153.103
107.881 148.884
2
105.347 175.027
0 0 0.596302 0.80276
3
120.792 194.334
103.157 199.654
89.902 155.72
107.537 150.4
2
105.18 177.086
0 0 0.620858 0.783923
3
119.401 197.311
101.471 201.531
90.9588 156.861
108.889 152.641
2
104.886 179.131
0 0 0.64482 0.764334
3
117.828 200.197
99.6714 203.299
91.9429 158.065
110.1 154.962
2
105.953 180.899
0 0 0.620858 0.783923
3
120.175 201.124
102.244 205.344
91.7324 160.674
109.663 156.454
2
107.129 182.598
0 0 0.596302 0.80276
3
122.574 201.905
104.939 207.225
91.6836 163.291
109.318 157.971
2
108.407 184.221
0 0 0.571174 0.820829
3
125.017 202.535
107.745 208.936
91.7969 165.907
109.069 159.505
2
109.783 185.762
0 0 0.545499 0.838112
3
127.494 203.013
110.651 210.471
92.0717 168.51
108.915 161.052
2
111.251 187.214
0 0 0.519301 0.854591
3
129.996 203.337
113.646 211.822
92.5071 171.091
108.856 162.606
2
112.807 188.573
0 0 0.492606 0.870252
3
132.513 203.506
116.72 212.986
93.1014 173.641
108.894 164.16
2
114.444 189.833
0 0 0.46544 0.88508
3
135.036 203.518
119.859 213.957
93.8522 176.149
109.028 165.709
2
116.156 190.99
0 0 0.437827 0.899059
3
137.555 203.375
123.053 214.733
94.7567 178.605
109.258 167.247
2
117.936 192.038
0 0 0.409795 0.912178
3
140.06 203.076
126.289 215.309
95.8114 181.001
109.582 168.768
2
119.777 192.975
0 0 0.38137 0.924422
3
142.541 202.622
129.554 215.684
97.0124 183.327
110 170.265
2
120.608 194.866
0 0 0.409795 0.912178
3
142.732 205.903
128.961 218.136
98.4841 183.828
112.255 171.595
2
121.321 196.805
0 0 0.437827 0.899059
3
142.72 209.189
128.219 220.547
99.9221 184.42
114.423 173.062
2
121.912 198.784
0 0 0.46544 0.88508
3
142.504 212.469
127.328 222.908
101.321 185.099
116.497 174.66
2
122.38 200.796
0 0 0.492606 0.870252
3
142.086 215.728
126.293 225.209
102.675 185.863
118.468 176.383
2
123.386 202.471
0 0 0.492606 0.870252
3
143.092 217.403
127.299 226.884
103.68 187.538
119.473 178.058
2
124.391 204.146
0 0 0.492606 0.870252
3
144.097 219.079
128.304 228.559
104.686 189.214
120.479 179.733
2
125.397 205.821
0 0 0.492606 0.870252
3
145.103 220.754
129.31 230.234
105.691 190.889
121.484 181.408
2
126.403 207.496
0 0 0.492606 0.870252
3
146.108 222.429
130.315 231.909
106.697 192.564
122.49 183.083
2
127.408 209.171
0 0 0.492606 0.870252
3
147.114 224.104
131.321 233.584
107.702 194.239
123.495 184.759
2
128.414 210.847
0 0 0.492606 0.870252
3
148.119 225.779
132.326 235.259
108.708 195.914
124.501 186.434
2
129.419 212.522
0 0 0.492606 0.870252
3
149.125 227.454
133.332 236.934
109.713 197.589
125.506 188.109
2
130.425 214.197
0 0 0.492606 0.870252
3
150.131 229.129
134.338 238.61
110.719 199.264
126.512 189.784
2
131.43 215.872
0 0 0.492606 0.870252
3
151.136 230.804
135.343 240.285
111.725 200.939
127.518 191.459
2
132.436 217.547
0 0 0.492606 0.870252
3
152.142 232.479
136.349 241.96
112.73 202.614
128.523 193.134
2
133.441 219.222
0 0 0.492606 0.870252
3
153.147 234.155
137.354 243.635
113.736 204.29
129.529 194.809
2
134.447 220.897
0 0 0.492606 0.870252
3
154.153 235.83
138.36 245.31
114.741 205.965
130.534 196.484
2
135.453 222.572
0 0 0.492606 0.870252
3
155.158 237.505
139.365 246.985
115.747 207.64
131.54 198.159
2
136.458 224.247
0 0 0.492606 0.870252
3
156.164 239.18
140.371 248.66
116.752 209.315
132.545 199.835
2
137.464 225.923
0 0 0.492606 0.870252
3
157.169 240.855
141.376 250.335
117.758 210.99
133.551 201.51
2
138.469 227.598
0 0 0.492606 0.870252
3
158.175 242.53
142.382 252.01
118.763 212.665
134.556 203.185
2
139.475 229.273
0 0 0.492606 0.870252
3
159.181 244.205
143.388 253.686
119.769 214.34
135.562 204.86
2
140.48 230.948
0 0 0.492606 0.870252
3
160.186 245.88
144.393 255.361
120.775 216.015
136.568 206.535
2
141.486 232.623
0 0 0.492606 0.870252
3
161.192 247.555
145.399 257.036
121.78 217.69
137.573 208.21
2
142.491 234.298
0 0 0.492606 0.870252
3
162.197 249.231
146.404 258.711
122.786 219.366
138.579 209.885
2
143.497 235.973
0 0 0.492606 0.870252
3
163.203 250.906
147.41 260.386
123.791 221.041
139.584 211.56
2
144.503 237.648
0 0 0.492606 0.870252
3
164.208 252.581
148.415 262.061
124.797 222.716
140.59 213.235
2
145.508 239.323
0 0 0.492606 0.870252
3
165.214 254.256
149.421 263.736
125.802 224.391
141.595 214.911
2
146.514 240.998
0 0 0.492606 0.870252
3
166.219 255.931
150.426 265.411
126.808 226.066
142.601 216.586
2
147.519 242.674
0 0 0.492606 0.870252
3
167.225 257.606
151.432 267.086
127.813 227.741
143.606 218.261
2
148.525 244.349
0 0 0.492606 0.870252
3
168.231 259.281
152.438 268.762
128.819 229.416
144.612 219.936
2
149.53 246.024
0 0 0.492606 0.870252
3
169.236 260.956
153.443 270.437
129.825 231.091
145.618 221.611
2
150.536 247.699
0 0 0.492606 0.870252
3
170.242 262.631
154.449 272.112
130.83 232.766
146.623 223.286
2
151.541 249.374
0 0 0.492606 0.870252
3
171.247 264.307
155.454 273.787
131.836 234.442
147.629 224.961
2
152.547 251.049
0 0 0.492606 0.870252
3
172.253 265.982
156.46 275.462
132.841 236.117
148.634 226.636
2
153.553 252.724
0 0 0.492606 0.870252
3
173.258 267.657
157.465 277.137
133.847 237.792
149.64 228.311
2
154.558 254.399
0 0 0.492606 0.870252
3
174.264 269.332
158.471 278.812
134.852 239.467
150.645 229.987
2
155.564 256.074
0 0 0.492606 0.870252
3
175.269 271.007
159.476 280.487
135.858 241.142
151.651 231.662
2
156.569 257.75
0 0 0.492606 0.870252
3
176.275 272.682
160.482 282.162
136.863 242.817
152.656 233.337
2
157.575 259.425
0 0 0.492606 0.870252
3
177.281 274.357
161.488 283.838
137.869 244.492
153.662 235.012
2
158.58 261.1
0 0 0.492606 0.870252
3
178.286 276.032
162.493 285.513
138.875 246.167
154.668 236.687
2
159.586 262.775
0 0 0.492606 0.870252
3
179.292 277.707
163.499 287.188
139.88 247.842
155.673 238.362
2
159.928 264.812
0 0 0.519301 0.854591
3
178.673 280.935
162.323 289.42
141.184 248.689
157.533 240.204
2
160.144 266.866
0 0 0.545499 0.838112
3
177.855 284.118
161.012 291.576
142.433 249.615
159.276 242.157
2
161.613 268.319
0 0 0.519301 0.854591
3
180.357 284.442
164.008 292.927
142.869 252.196
159.218 243.711
2
161.829 270.374
0 0 0.545499 0.838112
3
179.54 287.625
162.697 295.083
144.118 253.122
160.961 245.664
2
161.917 272.437
0 0 0.571174 0.820829
3
178.527 290.752
161.255 297.153
145.307 254.123
162.579 247.722
2
163.293 273.978
0 0 0.545499 0.838112
3
181.004 291.23
164.161 298.687
145.582 256.727
162.425 249.269
2
164.762 275.431
0 0 0.519301 0.854591
3
183.506 291.554
167.157 300.039
146.017 259.308
162.367 250.823
2
166.317 276.79
0 0 0.492606 0.870252
3
186.023 291.722
170.23 301.203
146.612 261.857
162.405 252.377
2
167.323 278.465
0 0 0.492606 0.870252
3
187.029 293.397
171.236 302.878
147.617 263.532
163.41 254.052
2
168.329 280.14
0 0 0.492606 0.870252
3
188.034 295.073
172.241 304.553
148.623 265.208
164.416 255.727
2
169.334 281.815
0 0 0.492606 0.870252
3
189.04 296.748
173.247 306.228
149.628 266.883
165.421 257.402
2
170.34 283.49
0 0 0.492606 0.870252
3
190.045 298.423
174.252 307.903
150.634 268.558
166.427 259.077
2
171.345 285.165
0 0 0.492606 0.870252
3
191.051 300.098
175.258 309.578
151.639 270.233
167.432 260.753
2
172.351 286.84
0 0 0.492606 0.870252
3
192.057 301.773
176.264 311.253
152.645 271.908
168.438 262.428
2
172.693 288.878
0 0 0.519301 0.854591
3
191.438 305.001
175.088 313.486
153.949 272.755
170.298 264.269
2
172.909 290.932
0 0 0.545499 0.838112
3
190.62 308.184
173.777 315.641
155.198 273.68
172.041 266.223
2
172.998 292.996
0 0 0.571174 0.820829
3
189.607 311.31
172.335 317.711
156.388 274.682
173.66 268.28
2
172.958 295.061
0 0 0.596302 0.80276
3
188.403 314.368
170.768 319.689
157.513 275.755
175.148 270.434
2
172.791 297.12
0 0 0.620858 0.783923
3
187.012 317.345
169.082 321.565
158.57 276.895
176.5 272.676
2
172.497 299.165
0 0 0.64482 0.764334
3
185.439 320.231
167.282 323.333
159.554 278.099
177.711 274.997
2
173.564 300.933
0 0 0.620858 0.783923
3
187.786 321.158
169.855 325.378
159.343 280.708
177.273 276.489
2
174.74 302.632
0 0 0.596302 0.80276
3
190.185 321.939
172.55 327.259
159.295 283.325
176.929 278.005
2
174.572 304.691
0 0 0.620858 0.783923
3
188.794 324.916
170.863 329.136
160.351 284.466
178.282 280.246
2
174.278 306.736
0 0 0.64482 0.764334
3
187.221 327.802
169.064 330.904
161.335 285.67
179.492 282.567
2
173.858 308.758
0 0 0.668165 0.744013
3
185.473 330.585
167.159 332.558
162.243 286.932
180.557 284.959
2
173.313 310.751
0 0 0.690869 0.72298
3
183.556 333.254
165.155 334.09
163.071 288.248
181.472 287.411
2
172.647 312.706
0 0 0.712912 0.701254
3
181.477 335.8
163.06 335.496
163.816 289.612
182.234 289.916
2
171.86 314.616
0 0 0.734271 0.678856
3
179.245 338.212
160.882 336.77
164.475 291.021
182.839 292.463
2
170.957 316.474
0 0 0.754927 0.655808
3
176.868 340.482
158.629 337.906
165.046 292.467
183.285 295.042
2
171.436 318.484
0 0 0.734271 0.678856
3
178.821 342.079
160.457 340.637
164.051 294.888
182.414 296.33
2
172.038 320.46
0 0 0.712912 0.701254
3
180.868 343.554
162.451 343.25
163.207 297.366
181.625 297.67
2
172.761 322.395
0 0 0.690869 0.72298
3
183.003 344.898
164.602 345.734
162.518 299.892
180.919 299.055
2
173.602 324.282
0 0 0.668165 0.744013
3
185.217 346.108
166.903 348.081
161.987 302.455
180.301 300.482
2
174.558 326.113
0 0 0.64482 0.764334
3
187.501 347.179
169.344 350.281
161.616 305.046
179.773 301.944
2
175.626 327.881
0 0 0.620858 0.783923
3
189.847 348.106
171.917 352.325
161.405 307.656
179.335 303.436
2
176.801 329.58
0 0 0.596302 0.80276
3
192.247 348.886
174.612 354.207
161.356 310.273
178.991 304.952
2
178.08 331.203
0 0 0.571174 0.820829
3
194.689 349.517
177.417 355.918
161.47 312.888
178.742 306.487
2
179.456 332.743
0 0 0.545499 0.838112
3
197.167 349.995
180.324 357.453
161.745 315.492
178.587 308.034
2
180.924 334.196
0 0 0.519301 0.854591
3
199.669 350.319
183.319 358.804
162.18 318.073
178.529 309.588
2
182.48 335.555
0 0 0.492606 0.870252
3
202.186 350.488
186.393 359.968
162.774 320.623
178.567 311.142
2
182.823 337.592
0 0 0.519301 0.854591
3
201.567 353.715
185.218 362.2
164.078 321.469
180.427 312.984
2
183.038 339.647
0 0 0.545499 0.838112
3
200.749 356.898
183.906 364.356
165.327 322.395
182.17 314.937
2
183.127 341.71
0 0 0.571174 0.820829
3
199.737 360.025
182.465 366.426
166.517 323.396
183.789 316.995
2
183.087 343.776
0 0 0.596302 0.80276
3
198.532 363.082
180.897 368.403
167.642 324.469
185.277 319.149
2
184.365 345.399
0 0 0.571174 0.820829
3
200.975 363.713
183.703 370.114
167.755 327.084
185.027 320.683
2
185.741 346.939
0 0 0.545499 0.838112
3
203.452 364.191
186.609 371.649
168.03 329.688
184.873 322.23
2
187.21 348.392
0 0 0.519301 0.854591
3
205.954 364.515
189.605 373
168.466 332.269
184.815 323.784
2
187.426 350.447
0 0 0.545499 0.838112
3
205.137 367.698
188.294 375.156
169.715 333.195
186.558 325.737
2
187.514 352.51
0 0 0.571174 0.820829
3
204.124 370.825
186.852 377.226
170.904 334.196
188.176 327.795
2
187.475 354.576
0 0 0.596302 0.80276
3
202.92 373.882
185.285 379.203
172.03 335.269
189.664 329.948
2
187.307 356.635
0 0 0.620858 0.783923
3
201.528 376.86
183.598 381.079
173.086 336.41
191.016 332.19
2
187.013 358.679
0 0 0.64482 0.764334
3
199.956 379.746
181.799 382.848
174.07 337.613
192.227 334.511
2
188.081 360.448
0 0 0.620858 0.783923
3
202.302 380.673
184.372 384.892
173.86 340.222
191.79 336.003
2
189.256 362.147
0 0 0.596302 0.80276
3
204.701 381.453
187.066 386.774
173.811 342.84
191.446 337.519
2
190.534 363.769
0 0 0.571174 0.820829
3
207.144 382.084
189.872 388.485
173.924 345.455
191.196 339.054
2
191.91 365.31
0 0 0.545499 0.838112
3
209.621 382.562
192.778 390.019
174.199 348.059
191.042 340.601
2
193.379 366.763
0 0 0.519301 0.854591
3
212.123 382.886
195.774 391.371
174.635 350.64
190.984 342.155
2
194.935 368.122
0 0 0.492606 0.870252
3
214.64 383.054
198.847 392.535
175.229 353.189
191.022 343.709
2
196.572 369.382
0 0 0.46544 0.88508
3
217.163 383.067
201.987 393.506
175.98 355.697
191.156 345.258
2
198.283 370.539
0 0 0.437827 0.899059
3
219.682 382.923
205.181 394.281
176.884 358.154
191.386 346.796
2
200.063 371.587
0 0 0.409795 0.912178
3
222.187 382.624
208.416 394.858
177.939 360.55
191.71 348.316
2
201.904 372.523
0 0 0.38137 0.924422
3
224.669 382.171
211.681 395.233
179.14 362.876
192.128 349.814
2
203.8 373.344
0 0 0.35258 0.935782
3
227.118 381.565
214.963 395.405
180.482 365.123
192.637 351.283
2
205.743 374.046
0 0 0.323453 0.946244
3
229.525 380.808
218.249 395.374
181.961 367.283
193.237 352.717
2
207.726 374.626
0 0 0.294015 0.955801
3
231.88 379.904
221.527 395.139
183.571 369.347
193.924 354.112
2
209.74 375.082
0 0 0.264296 0.964442
3
234.175 378.856
224.785 394.703
185.306 371.308
194.696 355.462
2
211.779 375.413
0 0 0.234324 0.972159
3
236.401 377.668
228.009 394.065
187.158 373.158
195.55 356.761
2
213.835 375.617
0 0 0.204127 0.978944
3
238.549 376.345
231.187 393.23
189.121 374.89
196.483 358.005
2
215.899 375.694
0 0 0.173735 0.984792
3
240.611 374.891
234.308 392.199
191.188 376.496
197.491 359.188
2
217.964 375.643
0 0 0.143176 0.989697
3
242.579 373.313
237.359 390.978
193.35 377.972
198.57 360.308
2
216.351 374.127
0 0 0.11248 0.993654
3
240.774 370.279
236.656 388.233
191.928 377.975
196.045 360.021
2
214.646 372.713
0 0 0.0816767 0.996659
3
238.785 367.362
235.786 385.536
190.508 378.065
193.507 359.891
2
212.858 371.408
0 0 0.0507949 0.998709
3
236.619 364.574
234.75 382.899
189.097 378.243
190.966 359.918
2
210.992 370.216
0 0 0.0198644 0.999803
3
234.285 361.925
233.553 380.33
187.699 378.508
188.431 360.102
2
209.056 369.142
0 0 0.0110852 -0.999939
3
231.791 359.426
232.2 377.841
186.321 378.858
185.913 360.443
2
207.057 368.19
0 0 0.0420241 -0.999117
3
229.148 357.085
230.695 375.44
184.967 379.294
183.42 360.939
