0
45 175
0
46 174
0
47 173
0
48 172
0
49 171
0
50 170
0
51 169
0
52 168
0
53 167
0
54 166
0
55 165
0
56 164
0
57 163
0
58 162
0
59 161
0
60 160
0
61 159
0
62 158
0
63 157
0
64 156
0
65 155
0
66 154
0
67 153
0
68 152
0
69 151
0
70 150
0
71 149
0
72 148
0
73 147
0
74 146
0
75 145
0
76 144
0
77 143
0
78 142
0
79 141
0
80 140
0
81 139
0
82 138
0
83 137
0
84 136
0
85 135
0
86 134
0
87 133
0
88 132
0
89 131
0
90 130
0
91 129
0
92 128
0
93 127
0
94 126
0
95 125
0
96 124
0
96 123
0
96 122
0
96 121
0
96 120
0
96 119
0
96 118
0
96 117
0
96 116
0
96 115
0
96 114
0
96 113
0
96 112
0
96 111
0
96 110
0
96 109
0
96 108
0
96 107
0
96 106
0
96 105
0
96 104
0
96 103
0
96 102
0
96 101
0
96 100
0
96 99
0
96 98
0
96 97
0
96 96
0
96 95
0
96 94
0
96 93
0
96 92
0
96 91
0
96 90
0
96 89
0
96 88
0
96 87
0
96 86
0
96 85
0
96 84
0
96 83
0
96 82
0
97 81
0
97 80
0
97 79
0
97 78
0
97 77
0
98 76
0
98 75
0
99 74
0
100 73
0
101 72
0
102 71
0
103 71
0
104 70
0
105 70
0
106 69
0
107 69
0
108 69
0
109 69
0
110 69
0
111 69
0
112 69
0
113 69
0
114 69
0
115 69
0
116 70
0
117 70
0
118 71
0
119 71
0
120 72
0
121 73
0
122 74
0
123 75
0
124 76
0
125 77
0
126 78
0
127 79
0
128 80
0
129 81
0
130 82
0
131 83
0
132 84
0
133 85
0
134 86
0
135 87
0
136 88
0
137 89
0
138 90
0
139 91
0
140 92
0
141 93
0
142 94
0
143 95
0
144 96
0
145 97
0
146 98
0
147 99
0
148 100
0
149 101
0
150 102
0
151 103
0
152 104
0
153 105
0
154 106
0
155 107
0
156 108
0
157 109
0
158 110
0
159 111
0
160 112
0
161 113
0
162 114
0
163 115
0
164 116
0
165 117
0
166 118
0
167 119
0
168 120
0
169 121
0
170 122
0
171 123
0
172 124
0
173 125
0
174 125
0
175 125
0
176 126
0
177 126
0
178 127
0
179 127
0
180 128
0
181 128
0
182 129
0
183 129
0
184 130
0
185 130
0
186 130
0
187 131
0
188 131
0
189 132
0
190 132
0
191 133
0
192 133
0
193 134
0
194 134
0
195 135
0
196 135
0
197 135
0
198 136
0
199 136
0
200 137
0
201 137
0
202 138
0
203 138
0
204 139
0
205 139
0
206 140
0
207 140
0
208 140
0
209 141
0
210 141
0
211 142
0
212 142
0
213 143
0
214 143
0
215 144
0
216 144
0
217 145
0
218 145
0
219 145
0
220 146
0
221 146
0
222 147
0
223 147
0
224 148
0
225 148
0
226 149
0
227 149
0
228 150
0
229 150
0
230 150
0
231 151
0
232 151
0
233 152
0
234 152
0
235 153
0
236 153
0
237 154
0
238 154
0
239 154
0
240 155
1
45 175 4.71225
1
44.8789 173.05 4.77415
1
44.8786 171.096 4.83605
1
45.1196 169.157 4.83605
1
45.2402 167.207 4.89796
1
45.4812 165.269 4.95986
1
45.8417 163.348 5.02176
1
46.3202 161.454 5.08366
1
46.9151 159.593 5.14556
1
47.6239 157.773 5.20747
1
48.444 155.999 5.26937
1
49.3722 154.28 5.33127
1
50.405 152.622 5.39317
1
51.5384 151.03 5.45507
1
52.7681 149.512 5.51698
1
54.0894 148.073 5.57888
1
55.4972 146.718 5.64078
1
56.986 145.453 5.70268
1
58.5503 144.282 5.76459
1
60.3038 143.421 5.70268
1
61.9375 142.349 5.70268
1
63.5712 141.278 5.70268
1
65.2049 140.206 5.70268
1
66.9018 139.238 5.64078
1
68.5355 138.166 5.57888
1
70.0998 136.996 5.51698
1
71.5886 135.731 5.45507
1
72.9964 134.376 5.39317
1
74.3177 132.937 5.33127
1
75.5474 131.419 5.26937
1
76.6808 129.827 5.20747
1
77.609 128.108 5.20747
1
78.5372 126.389 5.20747
1
79.4655 124.67 5.20747
1
80.4983 123.011 5.14556
1
81.4265 121.292 5.08366
1
82.2466 119.519 5.02176
1
82.9554 117.698 4.95986
1
83.5503 115.837 4.89796
1
84.0288 113.943 4.83605
1
84.3893 112.023 4.77415
1
84.6303 110.084 4.71225
1
84.7509 108.134 4.65035
1
84.7506 106.18 4.58845
1
84.6295 104.23 4.52654
1
84.388 102.291 4.46464
1
83.9089 100.397 4.46464
1
83.4298 98.5032 4.46464
1
82.9507 96.6091 4.46464
1
82.4716 94.715 4.46464
1
81.9925 92.8209 4.46464
1
81.5134 90.9268 4.46464
1
80.918 89.0659 4.52654
1
80.4389 87.1718 4.58845
1
80.0779 85.2517 4.65035
1
79.8364 83.313 4.71225
1
79.7153 81.363 4.77415
1
79.715 79.4092 4.83605
1
79.8356 77.4592 4.89796
1
80.0766 75.5204 4.95986
1
79.7161 77.4406 5.02176
1
79.2375 79.3348 5.08366
1
78.6427 81.1958 5.14556
1
77.9339 83.0164 5.20747
1
77.1138 84.7897 5.26937
1
76.1855 86.5089 5.33127
1
75.1527 88.1673 5.39317
1
76.2862 86.576 5.45507
1
77.5159 85.0577 5.51698
1
78.8371 83.6185 5.57888
1
80.2449 82.2637 5.64078
1
81.7338 80.9987 5.70268
1
83.298 79.8282 5.76459
1
84.9318 78.7566 5.82649
1
86.6286 77.7882 5.88839
1
88.4321 77.0368 5.88839
1
90.2355 76.2853 5.88839
1
92.039 75.5339 5.88839
1
93.8425 74.7824 5.88839
1
95.6459 74.031 5.88839
1
97.4494 73.2795 5.88839
1
99.2528 72.5281 5.88839
1
101.056 71.7766 5.88839
1
102.81 70.915 5.95029
1
104.613 70.1636 6.01219
1
106.46 69.5252 6.0741
1
108.342 69.0022 6.136
1
110.253 68.5966 6.1979
1
112.186 68.3101 6.2598
1
114.133 68.1437 0.0385181
1
116.086 68.098 0.10042
1
118.038 68.1732 0.162322
1
119.982 68.3691 0.224224
1
121.91 68.6848 0.286126
1
123.815 69.1192 0.348028
1
125.689 69.6707 0.409931
1
127.526 70.337 0.471833
1
129.318 71.1156 0.533735
1
131.058 72.0036 0.595637
1
132.74 72.9976 0.657539
1
134.357 74.0937 0.719441
1
135.904 75.2878 0.781343
1
137.373 76.5753 0.843245
1
138.76 77.9512 0.905147
1
140.06 79.4102 0.967049
1
141.067 81.0841 0.905147
1
142.177 82.6925 0.843245
1
143.383 84.2291 0.781343
1
144.853 85.5166 0.843245
1
146.24 86.8925 0.905147
1
147.446 88.4291 0.905147
1
148.653 89.9658 0.905147
1
149.86 91.5024 0.905147
1
151.066 93.0391 0.905147
1
152.273 94.5757 0.905147
1
153.479 96.1124 0.905147
1
154.686 97.649 0.905147
1
155.892 99.1857 0.905147
1
157.099 100.722 0.905147
1
158.306 102.259 0.905147
1
159.512 103.796 0.905147
1
160.719 105.332 0.905147
1
161.925 106.869 0.905147
1
163.132 108.406 0.905147
1
164.338 109.942 0.905147
1
165.545 111.479 0.905147
1
166.752 113.016 0.905147
1
167.958 114.552 0.905147
1
169.165 116.089 0.905147
1
170.371 117.626 0.905147
1
171.578 119.162 0.905147
1
172.784 120.699 0.905147
1
173.991 122.235 0.905147
1
175.198 123.772 0.905147
1
176.307 125.38 0.843245
1
177.513 126.917 0.781343
1
178.813 128.376 0.719441
1
180.2 129.752 0.657539
1
181.669 131.04 0.595637
1
183.216 132.234 0.533735
1
184.833 133.33 0.471833
1
186.515 134.324 0.409931
1
188.255 135.212 0.348028
1
190.047 135.99 0.286126
1
191.884 136.657 0.224224
1
193.812 136.972 0.286126
1
195.717 137.407 0.348028
1
197.591 137.958 0.409931
1
199.428 138.625 0.471833
1
201.22 139.403 0.533735
1
202.96 140.291 0.595637
1
204.642 141.285 0.657539
1
206.111 142.573 0.595637
1
207.658 143.767 0.533735
1
209.275 144.863 0.471833
1
210.957 145.857 0.409931
1
212.697 146.745 0.348028
1
214.489 147.524 0.286126
1
216.394 147.958 0.348028
1
218.268 148.509 0.409931
1
220.105 149.176 0.471833
1
221.787 150.17 0.409931
1
223.527 151.058 0.348028
1
225.319 151.836 0.286126
1
227.156 152.503 0.224224
1
229.061 152.937 0.224224
1
230.966 153.372 0.224224
1
232.87 153.806 0.224224
1
234.745 154.357 0.162322
1
236.65 154.792 0.10042
1
238.578 155.108 0.0385181
2
44.998 160.845
0 0 0.707156 -0.707058
3
35.7849 137.901
54.2049 137.899
54.2112 183.789
35.7912 183.791
2
45.7526 158.922
0 0 0.684936 -0.728603
3
37.9764 135.452
56.3613 136.589
53.5287 182.392
35.1439 181.255
2
46.6246 157.049
0 0 0.662061 -0.74945
3
40.3152 133.144
58.5946 135.416
52.934 180.955
34.6547 178.683
2
46.8656 155.111
0 0 0.662061 -0.74945
3
40.5562 131.205
58.8356 133.477
53.175 179.016
34.8957 176.744
2
47.8518 153.295
0 0 0.638551 -0.769579
3
43.0334 129.045
61.1372 132.444
52.6703 177.546
34.5665 174.147
2
48.9485 151.545
0 0 0.61443 -0.788971
3
45.6394 127.043
63.4983 131.555
52.2575 176.047
34.3986 171.535
2
50.1513 149.865
0 0 0.58972 -0.807608
3
48.3644 125.206
65.9099 130.814
51.9382 174.525
34.3927 168.917
2
51.4557 148.264
0 0 0.564446 -0.82547
3
51.1977 123.54
68.3627 130.223
51.7137 172.987
34.5487 166.304
2
52.8567 146.746
0 0 0.53863 -0.842542
3
54.1286 122.054
70.8473 129.786
51.5848 171.437
34.8661 163.705
2
54.3489 145.317
0 0 0.512299 -0.858807
3
57.1459 120.751
73.3543 129.503
51.5519 169.883
35.3436 161.131
2
55.9267 143.984
0 0 0.485477 -0.87425
3
60.238 119.638
75.8739 129.375
51.6153 168.329
35.9794 158.592
2
57.5839 142.75
0 0 0.45819 -0.888855
3
63.393 118.718
78.3966 129.404
51.7747 166.783
36.7711 156.097
2
59.3142 141.622
0 0 0.430464 -0.902608
3
66.5989 117.995
80.9127 129.589
52.0295 165.249
37.7157 153.655
2
61.111 140.603
0 0 0.402325 -0.915497
3
69.8434 117.472
83.4126 129.929
52.3786 163.734
38.8094 151.277
2
62.9674 139.697
0 0 0.373801 -0.927509
3
73.1141 117.15
85.8866 130.423
52.8208 162.243
40.0482 148.971
2
64.8764 138.907
0 0 0.34492 -0.938632
3
76.3983 117.032
88.3254 131.069
53.3544 160.783
41.4273 146.746
2
66.8305 138.237
0 0 0.315707 -0.948857
3
79.6836 117.117
90.7195 131.865
53.9773 159.358
42.9415 144.61
2
68.8223 137.69
0 0 0.286193 -0.958172
3
82.9574 117.404
93.0597 132.807
54.6871 157.975
44.5848 142.572
2
70.8441 137.266
0 0 0.256404 -0.96657
3
86.2071 117.894
95.3372 133.892
55.4811 156.638
46.351 140.64
2
72.1401 135.658
0 0 0.286193 -0.958172
3
86.2752 115.372
96.3775 130.775
58.0049 155.943
47.9026 140.54
2
73.7738 134.586
0 0 0.286193 -0.958172
3
87.9089 114.301
98.0112 129.703
59.6386 154.871
49.5363 139.469
2
75.4075 133.515
0 0 0.286193 -0.958172
3
89.5426 113.229
99.6449 128.632
61.2723 153.8
51.17 138.397
2
77.0412 132.443
0 0 0.286193 -0.958172
3
91.1763 112.158
101.279 127.56
62.906 152.728
52.8037 137.326
2
78.2351 130.757
0 0 0.315707 -0.948857
3
91.0883 109.636
102.124 124.385
65.3819 151.878
54.3461 137.13
2
79.3225 129.001
0 0 0.34492 -0.938632
3
90.8444 107.125
102.771 121.162
67.8005 150.877
55.8734 136.839
2
80.2991 127.181
0 0 0.373801 -0.927509
3
90.4457 104.634
103.218 117.907
70.1525 149.727
57.3799 136.455
2
81.1612 125.303
0 0 0.402325 -0.915497
3
89.8936 102.172
103.463 114.629
72.4288 148.434
58.8597 135.978
2
81.9056 123.376
0 0 0.430464 -0.902608
3
89.1903 99.7496
103.504 111.343
74.6209 147.003
60.3071 135.41
2
82.5293 121.407
0 0 0.45819 -0.888855
3
88.3385 97.3749
103.342 108.061
76.7202 145.439
61.7166 134.754
2
83.0301 119.403
0 0 0.485477 -0.87425
3
87.3414 95.0574
102.977 104.795
78.7187 143.749
63.0828 134.011
2
83.4058 117.372
0 0 0.512299 -0.858807
3
86.2028 92.806
102.411 101.557
80.6088 141.937
64.4005 133.186
2
84.3341 115.653
0 0 0.512299 -0.858807
3
87.1311 91.0869
103.339 99.8382
81.5371 140.218
65.3287 131.467
2
85.2623 113.933
0 0 0.512299 -0.858807
3
88.0593 89.3677
104.268 98.119
82.4653 138.499
66.2569 129.748
2
86.1905 112.214
0 0 0.512299 -0.858807
3
88.9875 87.6485
105.196 96.3999
83.3935 136.78
67.1852 128.029
2
86.4399 110.164
0 0 0.53863 -0.842542
3
87.7119 85.4719
104.431 93.2038
85.168 134.855
68.4493 127.123
2
86.562 108.101
0 0 0.564446 -0.82547
3
86.304 83.3784
103.469 90.0612
86.82 132.825
69.655 126.142
2
86.5562 106.036
0 0 0.58972 -0.807608
3
84.7693 81.376
102.315 86.9841
88.3432 130.696
70.7976 125.087
2
86.4227 103.974
0 0 0.61443 -0.788971
3
83.1137 79.4724
100.973 83.9844
89.7317 128.476
71.8729 123.964
2
86.1619 101.925
0 0 0.638551 -0.769579
3
81.3435 77.6748
99.4472 81.0734
90.9804 126.176
72.8766 122.777
2
85.7749 99.896
0 0 0.662061 -0.74945
3
79.4655 75.9902
97.7448 78.2623
92.0843 123.802
73.8049 121.53
2
85.263 97.8947
0 0 0.684936 -0.728603
3
77.4868 74.425
95.8717 75.5619
93.0392 121.364
74.6543 120.227
2
84.6283 95.9289
0 0 0.707156 -0.707058
3
75.4152 72.9851
93.8352 72.9826
93.8415 118.873
75.4215 118.875
2
83.8733 94.0061
0 0 0.728698 -0.684835
3
73.2584 71.6762
91.643 70.5342
94.4882 116.336
76.1036 117.478
2
83.0007 92.1337
0 0 0.749542 -0.661957
3
71.0248 70.5033
89.3035 68.2261
94.9767 113.764
76.698 116.041
2
82.014 90.3188
0 0 0.769668 -0.638445
3
68.7229 69.4707
86.8257 66.0672
95.3051 111.167
77.2023 114.571
2
80.9169 88.5685
0 0 0.789056 -0.614321
3
66.3615 68.5826
84.2191 64.0656
95.4722 108.554
77.6147 113.071
2
80.4378 86.6744
0 0 0.789056 -0.614321
3
65.8824 66.6885
83.74 62.1715
94.9931 106.66
77.1356 111.177
2
79.9587 84.7803
0 0 0.789056 -0.614321
3
65.4033 64.7944
83.2609 60.2774
94.5141 104.766
76.6565 109.283
2
79.4796 82.8862
0 0 0.789056 -0.614321
3
64.9242 62.9003
82.7818 58.3833
94.035 102.872
76.1774 107.389
2
79.0005 80.9921
0 0 0.789056 -0.614321
3
64.4451 61.0062
82.3027 56.4892
93.5559 100.978
75.6983 105.495
2
78.5214 79.0981
0 0 0.789056 -0.614321
3
63.966 59.1121
81.8236 54.5951
93.0768 99.084
75.2192 103.601
2
78.0423 77.204
0 0 0.789056 -0.614321
3
63.4869 57.218
81.3445 52.701
92.5977 97.1899
74.7401 101.707
2
78.3025 75.1547
0 0 0.769668 -0.638445
3
65.0114 54.3066
83.1142 50.903
91.5936 96.0028
73.4908 99.4064
2
78.689 73.1254
0 0 0.749542 -0.661957
3
66.7131 51.495
84.9918 49.2178
90.665 94.7558
72.3863 97.033
2
79.2003 71.124
0 0 0.728698 -0.684835
3
68.5854 48.7941
86.97 47.6521
89.8152 93.4538
71.4306 94.5958
2
79.8344 69.158
0 0 0.707156 -0.707058
3
70.6213 46.2143
89.0413 46.2117
89.0476 92.1017
70.6276 92.1043
2
80.589 67.235
0 0 0.684936 -0.728603
3
72.8128 43.7652
91.1977 44.9022
88.3652 90.7047
69.9803 89.5677
2
81.461 65.3623
0 0 0.662061 -0.74945
3
75.1516 41.4565
93.431 43.7286
87.7704 89.2682
69.4911 86.996
2
82.4472 63.5472
0 0 0.638551 -0.769579
3
77.6288 39.2969
95.7326 42.6954
87.2657 87.7976
69.1619 84.399
2
83.5439 61.7966
0 0 0.61443 -0.788971
3
80.2349 37.2946
98.0937 41.8066
86.8529 86.2986
68.994 81.7866
2
84.0257 63.9576
0 0 0.58972 -0.807608
3
82.2388 39.2978
99.7843 44.906
85.8127 88.6174
68.2672 83.0092
2
84.373 66.1442
0 0 0.564446 -0.82547
3
84.115 41.4212
101.28 48.104
84.631 90.8673
67.466 84.1845
2
84.5843 68.3482
0 0 0.53863 -0.842542
3
85.8563 43.6565
102.575 51.3884
83.3124 93.0399
66.5937 85.308
2
84.6589 70.561
0 0 0.512299 -0.858807
3
87.4559 45.9953
103.664 54.7466
81.8619 95.1267
65.6536 86.3754
2
84.5965 72.7742
0 0 0.485477 -0.87425
3
88.9078 48.4285
104.544 58.1658
80.2851 97.1198
64.6492 87.3825
2
84.3972 74.9792
0 0 0.45819 -0.888855
3
90.2064 50.947
105.21 61.6329
78.5881 99.0115
63.5845 88.3256
2
84.0619 77.1678
0 0 0.430464 -0.902608
3
91.3467 53.5409
105.66 65.1345
76.7772 100.795
62.4634 89.2011
2
85.8588 76.1486
0 0 0.402325 -0.915497
3
94.5912 53.0176
108.16 65.4745
77.1264 99.2796
63.5572 86.8227
2
87.7152 75.2425
0 0 0.373801 -0.927509
3
97.8618 52.6961
110.634 65.9685
77.5686 97.789
64.796 84.5166
2
89.6241 74.453
0 0 0.34492 -0.938632
3
101.146 52.5775
113.073 66.6146
78.1021 96.3286
66.1751 82.2915
2
91.5782 73.7832
0 0 0.315707 -0.948857
3
104.431 52.6623
115.467 67.4104
78.725 94.9041
67.6892 80.156
2
93.57 73.2355
0 0 0.286193 -0.958172
3
107.705 52.9501
117.807 68.3527
79.4348 93.5208
69.3325 78.1182
2
95.5919 72.812
0 0 0.256404 -0.96657
3
110.955 53.44
120.085 69.438
80.2289 92.1841
71.0987 76.186
2
97.6361 72.5145
0 0 0.22637 -0.974041
3
114.168 54.1299
122.291 70.6621
81.1041 90.899
72.9811 74.3668
2
99.6947 72.3439
0 0 0.196119 -0.98058
3
117.332 55.0173
124.417 72.0203
82.0571 89.6706
74.9724 72.6675
2
101.498 71.5925
0 0 0.196119 -0.98058
3
119.136 54.2658
126.221 71.2689
83.8606 88.9191
76.7759 71.9161
2
103.302 70.841
0 0 0.196119 -0.98058
3
120.939 53.5144
128.024 70.5174
85.6641 88.1677
78.5794 71.1646
2
105.105 70.0896
0 0 0.196119 -0.98058
3
122.743 52.7629
129.827 69.766
87.4675 87.4162
80.3828 70.4132
2
106.909 69.3381
0 0 0.196119 -0.98058
3
124.546 52.0115
131.631 69.0145
89.271 86.6648
82.1863 69.6617
2
108.712 68.5867
0 0 0.196119 -0.98058
3
126.35 51.2601
133.434 68.2631
91.0744 85.9133
83.9897 68.9103
2
110.515 67.8352
0 0 0.196119 -0.98058
3
128.153 50.5086
135.238 67.5116
92.8779 85.1619
85.7932 68.1588
2
112.319 67.0838
0 0 0.196119 -0.98058
3
129.957 49.7572
137.041 66.7602
94.6814 84.4104
87.5967 67.4074
2
114.122 66.3323
0 0 0.196119 -0.98058
3
131.76 49.0057
138.845 66.0087
96.4848 83.659
89.4001 66.6559
2
116.188 66.2895
0 0 0.16568 -0.98618
3
134.863 50.0871
140.883 67.4959
97.512 82.4918
91.4927 65.0831
2
118.252 66.3745
0 0 0.135082 -0.990834
3
137.894 51.3585
142.825 69.1063
98.6095 81.3905
93.6786 63.6427
2
120.306 66.587
0 0 0.104355 -0.99454
3
140.84 52.8149
144.663 70.8337
99.7729 80.3591
95.9495 62.3403
2
122.344 66.9262
0 0 0.0735276 -0.997293
3
143.69 54.4508
146.392 72.6716
100.998 79.4017
98.2965 61.1809
2
124.357 67.3909
0 0 0.0426301 -0.999091
3
146.434 56.2598
148.003 74.6129
102.28 78.5219
100.711 60.1688
2
126.337 67.9791
0 0 0.0116917 -0.999932
3
149.061 58.2351
149.491 76.6501
103.614 77.7231
103.183 59.3081
2
128.277 68.6888
0 0 0.0192579 0.999815
3
151.56 60.3692
150.851 78.7755
104.995 77.0083
105.704 58.602
2
130.17 69.517
0 0 0.050189 0.99874
3
153.922 62.6537
152.076 80.9809
106.417 76.3804
108.264 58.0532
2
132.007 70.4608
0 0 0.0810721 0.996708
3
156.139 65.08
153.162 83.2579
107.875 75.8416
110.852 57.6637
2
133.783 71.5164
0 0 0.111877 0.993722
3
158.201 67.6388
154.106 85.5977
109.364 75.3941
113.46 57.4352
2
135.49 72.6799
0 0 0.142576 0.989784
3
160.101 70.3203
154.902 87.9914
110.878 75.0395
116.077 57.3684
2
137.121 73.9467
0 0 0.173137 0.984898
3
161.832 73.1142
155.55 90.4298
112.411 74.7793
118.693 57.4636
2
138.672 75.3121
0 0 0.203533 0.979068
3
163.386 76.0098
156.045 92.9036
113.957 74.6144
121.298 57.7205
2
140.134 76.7707
0 0 0.233734 0.972301
3
164.758 78.996
156.386 95.4033
115.51 74.5454
123.883 58.1381
2
141.504 78.317
0 0 0.263711 0.964602
3
165.943 82.0613
156.572 97.9193
117.065 74.5727
126.436 58.7147
2
142.775 79.9451
0 0 0.293435 0.955979
3
166.936 85.1941
156.602 100.442
118.615 74.6961
128.949 59.4482
2
143.944 81.6487
0 0 0.322879 0.94644
3
167.734 88.3823
156.476 102.962
120.154 74.9151
131.412 60.3357
2
145.004 83.4214
0 0 0.352013 0.935995
3
168.332 91.6138
156.194 105.469
121.677 75.229
133.815 61.3739
2
145.953 85.2562
0 0 0.380809 0.924654
3
168.73 94.8761
155.758 107.954
123.177 75.6364
136.149 62.5588
2
146.787 87.1463
0 0 0.409241 0.912426
3
168.925 98.1567
155.168 110.407
124.65 76.1359
138.406 63.8858
2
147.502 89.0843
0 0 0.437281 0.899325
3
168.916 101.443
154.429 112.819
126.088 76.7255
140.576 65.3499
2
148.096 91.0628
0 0 0.464903 0.885362
3
168.704 104.723
153.541 115.18
127.488 77.403
142.651 66.9454
2
149.809 92.2173
0 0 0.437281 0.899325
3
171.223 104.576
156.735 115.952
128.395 79.8585
142.883 68.4828
2
151.59 93.2635
0 0 0.409241 0.912426
3
173.728 104.274
159.972 116.524
129.453 82.2531
143.209 70.003
2
153.433 94.1976
0 0 0.380809 0.924654
3
176.209 103.817
163.237 116.895
130.657 84.5777
143.629 71.5001
2
154.266 96.0876
0 0 0.409241 0.912426
3
176.404 107.098
162.648 119.348
132.129 85.0772
145.885 72.8271
2
154.982 98.0256
0 0 0.437281 0.899325
3
176.395 110.384
161.908 121.76
133.568 85.6668
148.055 74.2912
2
156.188 99.5623
0 0 0.437281 0.899325
3
177.602 111.921
163.114 123.297
134.774 87.2035
149.262 75.8278
2
157.395 101.099
0 0 0.437281 0.899325
3
178.809 113.458
164.321 124.833
135.981 88.7401
150.468 77.3645
2
158.601 102.636
0 0 0.437281 0.899325
3
180.015 114.994
165.528 126.37
137.187 90.2768
151.675 78.9011
2
159.808 104.172
0 0 0.437281 0.899325
3
181.222 116.531
166.734 127.907
138.394 91.8134
152.882 80.4378
2
161.014 105.709
0 0 0.437281 0.899325
3
182.428 118.068
167.941 129.443
139.6 93.3501
154.088 81.9744
2
162.221 107.246
0 0 0.437281 0.899325
3
183.635 119.604
169.147 130.98
140.807 94.8867
155.295 83.5111
2
163.428 108.782
0 0 0.437281 0.899325
3
184.842 121.141
170.354 132.517
142.014 96.4234
156.501 85.0478
2
164.634 110.319
0 0 0.437281 0.899325
3
186.048 122.678
171.56 134.053
143.22 97.96
157.708 86.5844
2
165.841 111.855
0 0 0.437281 0.899325
3
187.255 124.214
172.767 135.59
144.427 99.4967
158.914 88.1211
2
167.047 113.392
0 0 0.437281 0.899325
3
188.461 125.751
173.974 137.127
145.633 101.033
160.121 89.6577
2
168.254 114.929
0 0 0.437281 0.899325
3
189.668 127.288
175.18 138.663
146.84 102.57
161.328 91.1944
2
169.46 116.465
0 0 0.437281 0.899325
3
190.874 128.824
176.387 140.2
148.046 104.107
162.534 92.731
2
170.667 118.002
0 0 0.437281 0.899325
3
192.081 130.361
177.593 141.737
149.253 105.643
163.741 94.2677
2
171.874 119.539
0 0 0.437281 0.899325
3
193.288 131.898
178.8 143.273
150.46 107.18
164.947 95.8043
2
173.08 121.075
0 0 0.437281 0.899325
3
194.494 133.434
180.006 144.81
151.666 108.717
166.154 97.341
2
174.287 122.612
0 0 0.437281 0.899325
3
195.701 134.971
181.213 146.346
152.873 110.253
167.36 98.8776
2
175.493 124.149
0 0 0.437281 0.899325
3
196.907 136.507
182.42 147.883
154.079 111.79
168.567 100.414
2
176.7 125.685
0 0 0.437281 0.899325
3
198.114 138.044
183.626 149.42
155.286 113.327
169.774 101.951
2
177.906 127.222
0 0 0.437281 0.899325
3
199.32 139.581
184.833 150.956
156.492 114.863
170.98 103.488
2
179.113 128.759
0 0 0.437281 0.899325
3
200.527 141.117
186.039 152.493
157.699 116.4
172.187 105.024
2
180.32 130.295
0 0 0.437281 0.899325
3
201.734 142.654
187.246 154.03
158.906 117.937
173.393 106.561
2
181.526 131.832
0 0 0.437281 0.899325
3
202.94 144.191
188.452 155.566
160.112 119.473
174.6 108.098
2
182.733 133.369
0 0 0.437281 0.899325
3
204.147 145.727
189.659 157.103
161.319 121.01
175.806 109.634
2
183.939 134.905
0 0 0.437281 0.899325
3
205.353 147.264
190.866 158.64
162.525 122.546
177.013 111.171
2
185.72 135.952
0 0 0.409241 0.912426
3
207.858 146.962
194.102 159.212
163.583 124.941
177.339 112.691
2
187.563 136.886
0 0 0.380809 0.924654
3
210.339 146.505
197.367 159.583
164.787 127.266
177.759 114.188
2
189.46 137.704
0 0 0.352013 0.935995
3
212.787 145.896
200.649 159.751
166.132 129.511
178.27 115.656
2
191.403 138.403
0 0 0.322879 0.94644
3
215.193 145.137
203.936 159.716
167.614 131.67
178.871 117.09
2
193.387 138.981
0 0 0.293435 0.955979
3
217.548 144.23
207.213 159.478
169.226 133.732
179.56 118.484
2
195.402 139.435
0 0 0.263711 0.964602
3
219.841 143.179
210.47 159.037
170.963 135.691
180.334 119.833
2
197.441 139.763
0 0 0.233734 0.972301
3
222.066 141.989
213.693 158.396
172.817 137.538
181.19 121.131
2
199.497 139.965
0 0 0.203533 0.979068
3
224.212 140.663
216.871 157.557
174.783 139.267
182.124 122.374
2
201.562 140.039
0 0 0.173137 0.984898
3
226.272 139.207
219.99 156.522
176.851 140.872
183.133 123.556
2
203.627 139.985
0 0 0.142576 0.989784
3
228.238 137.626
223.04 155.297
179.015 142.345
184.214 124.674
2
205.685 139.804
0 0 0.111877 0.993722
3
230.103 135.926
226.007 153.885
181.266 143.682
185.362 125.723
2
207.391 140.968
0 0 0.142576 0.989784
3
232.003 138.608
226.804 156.279
182.78 143.327
187.979 125.656
2
209.023 142.234
0 0 0.173137 0.984898
3
233.734 141.402
227.451 158.717
184.313 143.067
190.595 125.751
2
210.573 143.6
0 0 0.203533 0.979068
3
235.288 144.297
227.947 161.191
185.859 142.902
193.2 126.008
2
212.036 145.058
0 0 0.233734 0.972301
3
236.66 147.284
228.288 163.691
187.412 142.833
195.784 126.426
2
213.406 146.605
0 0 0.263711 0.964602
3
237.845 150.349
228.474 166.207
188.967 142.86
198.338 127.002
2
214.677 148.233
0 0 0.293435 0.955979
3
238.838 153.482
228.504 168.73
190.516 142.984
200.851 127.736
2
215.846 149.936
0 0 0.322879 0.94644
3
239.635 156.67
228.378 171.249
192.056 143.203
203.313 128.623
2
217.829 150.514
0 0 0.293435 0.955979
3
241.99 155.763
231.655 171.011
193.668 145.265
204.002 130.017
2
219.844 150.968
0 0 0.263711 0.964602
3
244.283 154.712
234.912 170.571
195.405 147.224
204.776 131.366
2
221.883 151.297
0 0 0.233734 0.972301
3
246.508 153.522
238.135 169.929
197.259 149.071
205.632 132.664
2
223.939 151.498
0 0 0.203533 0.979068
3
248.654 152.196
241.313 169.09
199.225 150.801
206.566 133.907
2
226.004 151.572
0 0 0.173137 0.984898
3
250.714 150.74
244.432 168.056
201.293 152.405
207.575 135.089
2
228.069 151.519
0 0 0.142576 0.989784
3
252.68 149.159
247.482 166.83
203.457 153.878
208.656 136.207
2
229.7 152.785
0 0 0.173137 0.984898
3
254.411 151.953
248.129 169.269
204.99 153.618
211.272 136.302
2
231.251 154.151
0 0 0.203533 0.979068
3
255.965 154.849
248.624 171.742
206.536 153.453
213.877 136.559
2
232.713 155.609
0 0 0.233734 0.972301
3
257.338 157.835
248.965 174.242
208.089 153.384
216.462 136.977
2
234.769 155.811
0 0 0.203533 0.979068
3
259.484 156.509
252.143 173.403
210.055 155.113
217.396 138.22
2
236.834 155.885
0 0 0.173137 0.984898
3
261.544 155.053
255.262 172.368
212.123 156.718
218.405 139.402
2
238.899 155.831
0 0 0.142576 0.989784
3
263.51 153.472
258.311 171.143
214.287 158.191
219.486 140.52
2
240.956 155.65
0 0 0.111877 0.993722
3
265.375 151.772
261.279 169.731
216.538 159.528
220.634 141.569
2
242.861 156.084
0 0 0.111877 0.993722
3
267.28 152.207
263.184 170.166
218.443 159.962
222.539 142.003
2
244.766 156.519
0 0 0.111877 0.993722
3
269.185 152.641
265.089 170.6
220.348 160.397
224.443 142.438
2
246.671 156.953
0 0 0.111877 0.993722
3
271.089 153.076
266.994 171.035
222.253 160.831
226.348 142.872
2
248.714 156.645
0 0 0.081072 0.996708
3
272.845 151.264
269.869 169.442
224.582 162.026
227.559 143.848
2
250.733 156.211
0 0 0.050189 0.99874
3
274.486 149.348
272.639 167.675
226.981 163.074
228.827 144.747
2
252.722 155.653
0 0 0.0192579 0.999815
3
276.005 147.333
275.295 165.739
229.439 163.972
230.149 145.566
