0
65 180
0
66 179
0
67 178
0
68 177
0
68 176
0
68 175
0
68 174
0
69 173
0
70 172
0
71 171
0
72 170
0
73 169
0
73 168
0
73 167
0
74 166
0
75 165
0
75 164
0
75 163
0
75 162
0
75 161
0
75 160
0
75 159
0
75 158
0
75 157
0
75 156
0
75 155
0
75 154
0
75 153
0
75 152
0
75 151
0
75 150
0
75 149
0
75 148
0
75 147
0
75 146
0
75 145
0
75 144
0
75 143
0
75 142
0
75 141
0
75 140
0
75 139
0
75 138
0
75 137
0
75 136
0
75 135
0
75 134
0
75 133
0
75 132
0
75 131
0
75 130
0
75 129
0
75 128
0
75 127
0
75 126
0
75 125
0
75 124
0
75 123
0
75 122
0
75 121
0
75 120
0
75 119
0
75 118
0
75 117
0
75 116
0
75 115
0
75 114
0
75 113
0
75 112
0
75 111
0
75 110
0
75 109
0
75 108
0
75 107
0
75 106
0
75 105
0
75 104
0
75 103
0
75 102
0
75 101
0
75 100
0
75 99
0
75 98
0
75 97
0
75 96
0
75 95
0
75 94
0
75 93
0
75 92
0
75 91
0
75 90
0
75 89
0
75 88
0
75 87
0
75 86
0
75 85
0
75 84
0
75 83
0
75 82
0
75 81
0
75 80
0
75 79
0
75 78
0
75 77
0
75 76
0
75 75
0
75 74
0
75 73
0
75 72
0
75 71
0
75 70
0
75 69
0
75 68
0
75 67
0
75 66
0
75 65
0
75 64
0
75 63
0
75 62
0
75 61
0
76 60
0
76 59
0
76 58
0
76 57
0
76 56
0
77 55
0
77 54
0
78 53
0
79 52
0
80 51
0
81 50
0
82 50
0
83 49
0
84 49
0
85 48
0
86 48
0
87 48
0
88 48
0
89 48
0
90 48
0
91 48
0
92 48
0
93 48
0
94 48
0
95 48
0
96 48
0
97 48
0
98 48
0
99 48
0
100 48
0
101 48
0
102 48
0
103 48
0
104 48
0
105 48
0
106 48
0
107 48
0
108 48
0
109 48
0
110 48
0
111 48
0
112 48
0
113 48
0
114 48
0
115 48
0
116 48
0
117 48
0
118 48
0
119 48
0
120 48
0
121 48
0
122 48
0
123 48
0
124 48
0
125 48
0
126 48
0
127 48
0
128 48
0
129 48
0
130 48
0
131 48
0
132 48
0
133 48
0
134 48
0
135 48
0
136 48
0
137 48
0
138 48
0
139 48
0
140 48
0
141 48
0
142 48
0
143 48
0
144 48
0
145 48
0
146 48
0
147 48
0
148 48
0
149 48
0
150 48
0
151 48
0
152 48
0
153 48
0
154 48
0
155 48
0
156 48
0
157 48
0
158 48
0
159 48
0
160 48
0
161 48
0
162 48
0
163 48
0
164 48
0
165 48
0
166 48
0
167 48
0
168 48
0
169 48
0
170 48
0
171 48
0
172 48
0
173 48
0
174 48
0
175 48
0
176 48
0
177 48
0
178 48
0
179 48
0
180 48
0
181 48
0
182 48
0
183 48
0
184 48
0
185 48
0
186 48
0
187 48
0
188 48
0
189 48
0
190 48
0
191 48
0
192 49
0
193 49
0
194 50
0
195 50
0
196 51
0
197 52
0
198 53
0
198 54
0
199 55
0
200 56
0
200 57
0
200 58
0
200 59
0
200 60
0
200 61
0
200 62
0
200 63
0
200 64
0
200 65
0
201 66
0
201 67
0
201 68
0
201 69
0
201 70
0
201 71
0
201 72
0
201 73
0
201 74
0
201 75
0
201 76
0
201 77
0
201 78
0
201 79
0
201 80
0
201 81
0
201 82
0
201 83
0
201 84
0
201 85
0
201 86
0
201 87
0
201 88
0
201 89
0
201 90
0
201 91
0
201 92
0
201 93
0
201 94
0
201 95
0
201 96
0
201 97
0
201 98
0
201 99
0
201 100
0
200 101
0
200 102
0
200 103
0
200 104
0
200 105
0
200 106
0
200 107
0
200 108
0
200 109
0
200 110
0
200 111
0
199 112
0
198 113
0
198 114
0
197 115
0
196 116
0
195 116
0
194 117
0
193 118
0
192 118
0
191 118
0
190 119
0
189 119
0
188 119
0
187 119
0
186 119
0
185 119
0
184 119
0
183 119
0
182 119
0
181 119
0
180 119
0
179 119
0
178 119
0
177 119
0
176 119
0
175 119
0
174 119
0
173 119
0
172 119
0
171 119
0
170 119
0
169 119
0
168 119
0
167 119
0
166 119
0
165 119
0
164 119
0
163 119
0
162 119
0
161 119
0
160 119
0
159 119
0
158 119
0
157 119
0
156 119
0
155 119
0
154 119
0
153 119
0
152 119
0
151 120
0
150 120
1
65 180 4.71
1
65.1162 178.05 4.6481
1
65.1115 176.096 4.5862
1
64.986 174.146 4.52429
1
64.5027 172.253 4.5862
1
64.1373 170.334 4.6481
1
63.8914 168.396 4.71
1
63.7659 166.446 4.7719
1
63.7612 164.492 4.8338
1
63.8774 162.542 4.89571
1
64.1141 160.603 4.95761
1
64.4702 158.682 5.01951
1
63.8796 160.544 5.01951
1
64.5843 158.722 4.95761
1
65.175 156.859 4.89571
1
65.6493 154.964 4.8338
1
66.0054 153.043 4.7719
1
66.2421 151.104 4.71
1
66.1165 149.154 4.7719
1
66.1119 147.2 4.8338
1
66.2281 145.25 4.89571
1
66.4647 143.311 4.95761
1
66.8209 141.39 5.01951
1
67.5256 139.567 4.95761
1
68.1162 137.705 4.89571
1
68.5905 135.81 4.8338
1
68.8272 133.87 4.8338
1
69.0638 131.931 4.8338
1
69.3004 129.992 4.8338
1
69.5371 128.052 4.8338
1
69.7737 126.113 4.8338
1
70.0103 124.174 4.8338
1
70.247 122.234 4.8338
1
70.4836 120.295 4.8338
1
70.7202 118.355 4.8338
1
70.9569 116.416 4.8338
1
71.1935 114.477 4.8338
1
71.4301 112.537 4.8338
1
71.7863 110.616 4.7719
1
72.0229 108.677 4.71
1
71.8974 106.727 4.7719
1
72.0136 104.777 4.7719
1
72.1298 102.827 4.7719
1
72.246 100.876 4.7719
1
72.3622 98.926 4.7719
1
72.4784 96.9757 4.7719
1
72.5946 95.0254 4.7719
1
72.7108 93.0751 4.7719
1
72.827 91.1248 4.7719
1
72.9432 89.1745 4.7719
1
73.0594 87.2243 4.7719
1
73.1756 85.274 4.7719
1
73.2918 83.3237 4.7719
1
73.408 81.3734 4.7719
1
73.5242 79.4231 4.7719
1
73.6404 77.4728 4.7719
1
73.7566 75.5225 4.7719
1
73.8728 73.5722 4.7719
1
74.1095 71.6328 4.71
1
74.2257 69.6825 4.6481
1
74.221 67.7288 4.5862
1
74.0955 65.7791 4.52429
1
73.6121 63.8861 4.5862
1
73.2468 61.9668 4.6481
1
73.2421 60.013 4.5862
1
73.1166 58.0633 4.52429
1
72.8707 56.1251 4.46239
1
72.5054 54.2058 4.40049
1
72.022 52.3128 4.33859
1
71.4225 50.4533 4.27669
1
70.7091 48.6345 4.21478
1
69.8845 46.8633 4.15288
1
68.9519 45.1464 4.09098
1
67.9149 43.4906 4.02908
1
66.7775 41.9021 3.96718
1
65.544 40.387 3.90527
1
64.2191 38.9511 3.84337
1
65.6302 40.3023 3.78147
1
67.1223 41.5636 3.71957
1
68.6896 42.7302 3.65767
1
70.326 43.7975 3.59576
1
72.0253 44.7617 3.53386
1
73.781 45.6188 3.47196
1
75.5863 46.3657 3.41006
1
77.4344 46.9995 3.34816
1
79.3182 47.5177 3.28625
1
81.2304 47.9184 3.22435
1
83.1637 48.2 3.16245
1
85.1108 48.3616 3.10055
1
87.0629 48.2814 3.10055
1
89.015 48.2012 3.10055
1
90.9671 48.121 3.10055
1
92.9192 48.0409 3.10055
1
94.8713 47.9607 3.10055
1
96.8234 47.8805 3.10055
1
98.7755 47.8004 3.10055
1
100.728 47.7202 3.10055
1
102.68 47.64 3.10055
1
104.632 47.5599 3.10055
1
106.584 47.4797 3.10055
1
108.536 47.3995 3.10055
1
110.488 47.3193 3.10055
1
112.44 47.2392 3.10055
1
114.384 47.0384 3.16245
1
116.337 47.0791 3.16245
1
118.29 47.1199 3.16245
1
120.244 47.1606 3.16245
1
122.197 47.2014 3.16245
1
124.15 47.2421 3.16245
1
126.104 47.2829 3.16245
1
128.057 47.3236 3.16245
1
130.01 47.3644 3.16245
1
131.964 47.4051 3.16245
1
133.917 47.4458 3.16245
1
135.87 47.4866 3.16245
1
137.824 47.5273 3.16245
1
139.777 47.5681 3.16245
1
141.73 47.6088 3.16245
1
143.683 47.6496 3.16245
1
145.637 47.6903 3.16245
1
147.59 47.7311 3.16245
1
149.543 47.7718 3.16245
1
151.497 47.8125 3.16245
1
153.45 47.8533 3.16245
1
155.403 47.894 3.16245
1
157.357 47.9348 3.16245
1
159.31 47.9755 3.16245
1
161.263 48.0163 3.16245
1
163.217 48.057 3.16245
1
165.17 48.0978 3.16245
1
167.123 48.1385 3.16245
1
169.077 48.1793 3.16245
1
171.03 48.22 3.16245
1
172.983 48.2607 3.16245
1
174.937 48.3015 3.16245
1
176.89 48.3422 3.16245
1
178.843 48.383 3.16245
1
180.797 48.4237 3.16245
1
182.75 48.4645 3.16245
1
184.703 48.5052 3.16245
1
186.657 48.546 3.16245
1
188.61 48.5867 3.16245
1
190.563 48.6274 3.16245
1
192.517 48.6682 3.16245
1
194.47 48.7089 3.16245
1
196.423 48.7497 3.16245
1
198.377 48.7904 3.16245
1
200.33 48.8312 3.16245
1
202.283 48.8719 3.16245
1
204.237 48.9127 3.16245
1
206.19 48.9534 3.16245
1
208.143 48.9941 3.16245
1
210.096 49.0349 3.16245
1
212.05 49.0756 3.16245
1
214.003 49.1164 3.16245
1
215.956 49.1571 3.16245
1
217.91 49.1979 3.16245
1
219.863 49.2386 3.16245
1
221.816 49.2794 3.16245
1
223.77 49.3201 3.16245
1
225.723 49.3609 3.16245
1
227.676 49.4016 3.16245
1
229.623 49.5631 3.10055
1
231.577 49.6038 3.03864
1
233.529 49.5237 2.97674
1
235.472 49.3229 2.91484
1
237.4 49.0023 2.85294
1
239.303 48.5631 2.79104
1
241.176 48.0069 2.72913
1
243.011 47.3359 2.66723
1
244.801 46.5528 2.60533
1
246.539 45.6603 2.54343
1
248.219 44.6621 2.48153
1
249.833 43.5619 2.41962
1
251.376 42.3639 2.35772
1
252.843 41.0728 2.29582
1
251.459 42.4522 2.23392
1
250.163 43.9145 2.17202
1
248.961 45.4542 2.11011
1
247.856 47.0654 2.04821
1
246.852 48.7418 1.98631
1
245.955 50.4771 1.92441
1
245.166 52.2646 1.86251
1
244.489 54.0975 1.8006
1
243.927 55.9687 1.7387
1
243.482 57.8711 1.6768
1
243.156 59.7973 1.6149
1
242.949 61.7401 1.553
1
242.863 63.692 1.49109
1
242.898 65.6454 1.42919
1
243.174 67.5796 1.42919
1
243.449 69.5138 1.42919
1
243.725 71.448 1.42919
1
244.12 73.3614 1.49109
1
244.396 75.2956 1.553
1
244.551 77.2432 1.6149
1
244.586 79.1966 1.6768
1
244.26 81.1229 1.6149
1
244.173 83.0747 1.6149
1
244.208 85.0282 1.6768
1
244.122 86.98 1.7387
1
243.915 88.9228 1.8006
1
243.589 90.8491 1.86251
1
243.144 92.7515 1.92441
1
242.582 94.6227 1.98631
1
241.905 96.4556 2.04821
1
241.117 98.2431 2.11011
1
240.219 99.9783 2.17202
1
239.216 101.655 2.23392
1
238.111 103.266 2.29582
1
236.908 104.806 2.35772
1
235.612 106.268 2.41962
1
234.229 107.647 2.48153
1
232.762 108.939 2.54343
1
231.219 110.137 2.60533
1
229.604 111.237 2.66723
1
227.925 112.235 2.72913
1
226.187 113.127 2.79104
1
224.397 113.911 2.85294
1
222.562 114.582 2.91484
1
220.689 115.138 2.97674
1
222.633 114.937 2.91484
1
224.56 114.616 2.85294
1
226.464 114.177 2.79104
1
228.336 113.621 2.72913
1
230.171 112.95 2.66723
1
231.961 112.167 2.60533
1
233.699 111.274 2.54343
1
232.02 112.273 2.48153
1
230.405 113.373 2.41962
1
228.862 114.571 2.35772
1
227.396 115.862 2.29582
1
226.012 117.241 2.23392
1
224.716 118.704 2.17202
1
223.514 120.243 2.11011
1
222.409 121.854 2.04821
1
221.405 123.531 1.98631
1
220.507 125.266 1.92441
1
219.719 127.054 1.86251
1
219.042 128.887 1.8006
1
218.48 130.758 1.7387
1
218.035 132.66 1.6768
1
217.709 134.586 1.6149
1
217.502 136.529 1.553
1
217.416 138.481 1.49109
1
217.451 140.435 1.42919
1
217.606 142.382 1.36729
1
217.882 144.316 1.30539
1
218.277 146.23 1.24349
1
217.764 144.344 1.18158
1
217.136 142.494 1.11968
1
216.395 140.687 1.05778
1
215.543 138.928 0.995877
1
214.584 137.226 0.933975
1
213.522 135.587 0.872073
1
212.36 134.016 0.810171
1
211.103 132.52 0.748269
1
209.756 131.104 0.686367
1
208.325 129.775 0.624465
1
206.813 128.537 0.562563
1
205.228 127.395 0.500661
1
203.576 126.353 0.438759
1
201.862 125.415 0.376857
1
200.093 124.585 0.314955
1
198.276 123.866 0.253053
1
196.419 123.261 0.191151
1
194.527 122.772 0.129248
1
192.609 122.4 0.0673464
1
190.671 122.149 0.0054443
1
188.722 122.017 6.22673
1
186.768 122.006 6.16483
1
184.846 122.357 6.22673
1
182.906 122.587 0.00544422
1
180.956 122.698 0.0673463
1
179.006 122.566 0.0673463
1
177.057 122.435 0.0673463
1
175.108 122.303 0.0673463
1
173.158 122.172 0.0673463
1
171.209 122.04 0.0673463
1
169.26 121.909 0.0673463
1
167.31 121.777 0.0673463
1
165.361 121.646 0.0673463
1
163.412 121.514 0.0673463
1
161.462 121.383 0.0673463
1
159.513 121.251 0.0673463
1
157.564 121.12 0.0673463
1
155.614 120.989 0.0673463
1
153.665 120.857 0.0673463
1
151.716 120.726 0.0673463
2
64.9662 165.845
0 0 0.707951 -0.706262
3
55.7014 142.922
74.1213 142.878
74.231 188.768
55.811 188.812
2
64.2068 163.924
0 0 0.729468 -0.684015
3
53.5417 141.618
71.9236 140.435
74.8719 186.23
56.49 187.413
2
63.33 162.054
0 0 0.750286 -0.661113
3
51.3054 140.45
69.579 138.132
75.3546 183.657
57.0811 185.975
2
62.3392 160.241
0 0 0.770386 -0.637578
3
49.0012 139.423
67.0963 135.978
75.6772 181.059
57.5821 184.503
2
62.7211 158.211
0 0 0.750286 -0.661113
3
50.6965 136.607
68.9701 134.289
74.7457 179.814
56.4722 182.132
2
63.2279 156.208
0 0 0.729468 -0.684015
3
52.5628 133.902
70.9447 132.719
73.893 178.514
55.5111 179.697
2
63.8576 154.241
0 0 0.707951 -0.706262
3
54.5928 131.318
73.0128 131.274
73.1224 177.164
54.7025 177.208
2
64.6078 152.316
0 0 0.685756 -0.727832
3
56.7788 128.864
75.1662 129.959
72.4368 175.768
54.0494 174.673
2
65.4757 150.441
0 0 0.662904 -0.748705
3
59.1125 126.55
77.3969 128.781
71.8388 174.333
53.5544 172.102
2
66.4578 148.624
0 0 0.639417 -0.76886
3
61.5848 124.385
79.6962 127.743
71.3308 172.864
53.2194 169.506
2
67.5505 146.871
0 0 0.615317 -0.788279
3
64.1863 122.377
82.0553 126.848
70.9146 171.366
53.0457 166.894
2
68.7495 145.189
0 0 0.590629 -0.806944
3
66.9071 120.533
84.4652 126.102
70.5919 169.845
53.0338 164.276
2
68.1589 147.051
0 0 0.590629 -0.806944
3
66.3165 122.396
83.8746 127.964
70.0013 171.707
52.4432 166.138
2
68.0207 144.99
0 0 0.615317 -0.788279
3
64.6566 120.496
82.5255 124.967
71.3849 169.485
53.5159 165.013
2
67.7553 142.942
0 0 0.639417 -0.76886
3
62.8823 118.702
80.9937 122.06
72.6283 167.181
54.5169 163.823
2
67.3637 140.913
0 0 0.662904 -0.748705
3
61.0005 117.022
79.2849 119.253
73.7269 164.805
55.4425 162.574
2
66.8473 138.913
0 0 0.685756 -0.727832
3
59.0184 115.461
77.4058 116.557
74.6763 162.365
56.2889 161.27
2
66.2082 136.949
0 0 0.707951 -0.706262
3
56.9435 114.026
75.3634 113.982
75.473 159.872
57.0531 159.916
2
66.9584 135.024
0 0 0.685756 -0.727832
3
59.1295 111.572
77.5169 112.667
74.7874 158.476
56.4 157.381
2
67.8263 133.149
0 0 0.662904 -0.748705
3
61.4631 109.258
79.7475 111.489
74.1894 157.041
55.905 154.81
2
68.8084 131.332
0 0 0.639417 -0.76886
3
63.9354 107.093
82.0468 110.45
73.6814 155.572
55.57 152.214
2
69.9011 129.579
0 0 0.615317 -0.788279
3
66.537 105.085
84.4059 109.556
73.2652 154.074
55.3963 149.602
2
71.1001 127.897
0 0 0.590629 -0.806944
3
69.2577 103.241
86.8158 108.81
72.9425 152.553
55.3845 146.984
2
70.962 125.836
0 0 0.615317 -0.788279
3
67.5978 101.341
85.4668 105.813
74.3261 150.33
56.4572 145.858
2
70.6966 123.787
0 0 0.639417 -0.76886
3
65.8236 99.5477
83.935 102.906
75.5696 148.027
57.4582 144.669
2
70.3049 121.759
0 0 0.662904 -0.748705
3
63.9418 97.8673
82.2262 100.098
76.6681 145.65
58.3837 143.419
2
70.5416 119.82
0 0 0.662904 -0.748705
3
64.1784 95.928
82.4628 98.1589
76.9048 143.711
58.6204 141.48
2
70.7782 117.88
0 0 0.662904 -0.748705
3
64.415 93.9886
82.6994 96.2196
77.1414 141.772
58.857 139.541
2
71.0148 115.941
0 0 0.662904 -0.748705
3
64.6517 92.0492
82.9361 94.2802
77.378 139.832
59.0936 137.601
2
71.2515 114.001
0 0 0.662904 -0.748705
3
64.8883 90.1099
83.1727 92.3409
77.6147 137.893
59.3303 135.662
2
71.4881 112.062
0 0 0.662904 -0.748705
3
65.1249 88.1705
83.4093 90.4015
77.8513 135.954
59.5669 133.723
2
71.7247 110.123
0 0 0.662904 -0.748705
3
65.3616 86.2311
83.646 88.4621
78.0879 134.014
59.8035 131.783
2
71.9614 108.183
0 0 0.662904 -0.748705
3
65.5982 84.2918
83.8826 86.5227
78.3246 132.075
60.0402 129.844
2
72.198 106.244
0 0 0.662904 -0.748705
3
65.8348 82.3524
84.1192 84.5834
78.5612 130.136
60.2768 127.905
2
72.4346 104.305
0 0 0.662904 -0.748705
3
66.0715 80.413
84.3559 82.644
78.7978 128.196
60.5134 125.965
2
72.6713 102.365
0 0 0.662904 -0.748705
3
66.3081 78.4737
84.5925 80.7046
79.0345 126.257
60.7501 124.026
2
72.9079 100.426
0 0 0.662904 -0.748705
3
66.5447 76.5343
84.8291 78.7653
79.2711 124.317
60.9867 122.086
2
73.1445 98.4865
0 0 0.662904 -0.748705
3
66.7814 74.5949
85.0658 76.8259
79.5077 122.378
61.2233 120.147
2
72.6282 96.4863
0 0 0.685756 -0.727832
3
64.7992 73.0342
83.1866 74.1298
80.4572 119.939
62.0698 118.843
2
71.9891 94.5219
0 0 0.707951 -0.706262
3
62.7243 71.599
81.1443 71.555
81.2539 117.445
62.8339 117.489
2
72.7393 92.5973
0 0 0.685756 -0.727832
3
64.9103 69.1451
83.2977 70.2407
80.5683 116.049
62.1809 114.954
2
72.8555 90.647
0 0 0.685756 -0.727832
3
65.0265 67.1948
83.4139 68.2904
80.6845 114.099
62.2971 113.004
2
72.9717 88.6967
0 0 0.685756 -0.727832
3
65.1427 65.2445
83.5301 66.3401
80.8007 112.149
62.4133 111.053
2
73.0879 86.7464
0 0 0.685756 -0.727832
3
65.2589 63.2942
83.6463 64.3898
80.9169 110.199
62.5295 109.103
2
73.2041 84.7961
0 0 0.685756 -0.727832
3
65.3751 61.3439
83.7625 62.4395
81.0331 108.248
62.6457 107.153
2
73.3203 82.8458
0 0 0.685756 -0.727832
3
65.4913 59.3936
83.8787 60.4892
81.1493 106.298
62.7619 105.202
2
73.4365 80.8955
0 0 0.685756 -0.727832
3
65.6076 57.4433
83.9949 58.5389
81.2655 104.348
62.8781 103.252
2
73.5527 78.9452
0 0 0.685756 -0.727832
3
65.7238 55.493
84.1111 56.5886
81.3817 102.397
62.9943 101.302
2
73.6689 76.9949
0 0 0.685756 -0.727832
3
65.84 53.5427
84.2273 54.6383
81.4979 100.447
63.1105 99.3515
2
73.7851 75.0446
0 0 0.685756 -0.727832
3
65.9562 51.5924
84.3435 52.688
81.6141 98.4968
63.2267 97.4012
2
73.9013 73.0943
0 0 0.685756 -0.727832
3
66.0724 49.6421
84.4598 50.7377
81.7303 96.5465
63.3429 95.4509
2
74.0175 71.144
0 0 0.685756 -0.727832
3
66.1886 47.6918
84.576 48.7874
81.8465 94.5962
63.4591 93.5006
2
74.1337 69.1937
0 0 0.685756 -0.727832
3
66.3048 45.7416
84.6922 46.8371
81.9627 92.6459
63.5753 91.5503
2
74.2499 67.2434
0 0 0.685756 -0.727832
3
66.421 43.7913
84.8084 44.8868
82.0789 90.6956
63.6915 89.6
2
74.3661 65.2931
0 0 0.685756 -0.727832
3
66.5372 41.841
84.9246 42.9365
82.1951 88.7453
63.8077 87.6497
2
74.4824 63.3428
0 0 0.685756 -0.727832
3
66.6534 39.8907
85.0408 40.9863
82.3113 86.795
63.9239 85.6994
2
74.5986 61.3925
0 0 0.685756 -0.727832
3
66.7696 37.9404
85.157 39.036
82.4275 84.8447
64.0401 83.7491
2
74.7148 59.4422
0 0 0.685756 -0.727832
3
66.8858 35.9901
85.2732 37.0857
82.5437 82.8944
64.1563 81.7988
2
74.0757 57.4779
0 0 0.707951 -0.706262
3
64.8109 34.5549
83.2308 34.5109
83.3405 80.4008
64.9205 80.4448
2
73.3163 55.5568
0 0 0.729468 -0.684015
3
62.6512 33.2509
81.0331 32.0675
83.9814 77.8627
65.5994 79.0461
2
72.4395 53.6863
0 0 0.750286 -0.661113
3
60.4149 32.0829
78.6884 29.7646
84.4641 75.2897
66.1905 77.608
2
71.4487 51.8737
0 0 0.770386 -0.637578
3
58.1107 31.0556
76.2058 27.6113
84.7867 72.6919
66.6916 76.1362
2
71.8306 49.8436
0 0 0.750286 -0.661113
3
59.806 28.2402
78.0796 25.9219
83.8552 71.447
65.5817 73.7653
2
72.3374 47.841
0 0 0.729468 -0.684015
3
61.6723 25.5351
80.0542 24.3517
83.0025 70.1469
64.6206 71.3303
2
71.4606 45.9706
0 0 0.750286 -0.661113
3
59.436 24.3672
77.7096 22.0489
83.4852 67.574
65.2117 69.8923
2
70.4698 44.158
0 0 0.770386 -0.637578
3
57.1318 23.3398
75.2269 19.8955
83.8078 64.9761
65.7127 68.4204
2
69.3688 42.4101
0 0 0.789747 -0.613432
3
54.7684 22.457
72.6158 17.8999
83.9691 62.3633
66.1217 66.9204
2
68.1617 40.7337
0 0 0.808352 -0.588699
3
52.355 21.722
69.8863 16.0695
83.9684 59.7455
66.4371 65.398
2
66.8532 39.1353
0 0 0.826183 -0.563402
3
49.9007 21.1378
67.0487 14.4116
83.8058 57.1327
66.6577 63.8589
2
65.4484 37.6208
0 0 0.843222 -0.537565
3
47.415 20.7065
64.114 12.9324
83.4818 54.535
66.7827 62.3092
2
63.9526 36.1961
0 0 0.859454 -0.511213
3
44.9073 20.4298
61.0935 11.6375
82.9978 51.9624
66.8116 60.7546
2
62.3715 34.8667
0 0 0.874862 -0.484371
3
42.3873 20.3088
57.9986 10.532
82.3556 49.4245
66.7443 59.2013
2
60.7111 33.6376
0 0 0.889433 -0.457066
3
39.8647 20.3439
54.8412 9.62007
81.5576 46.9313
66.581 57.6551
2
58.978 32.5136
0 0 0.903151 -0.429322
3
37.3491 20.5349
51.6335 8.9052
80.6068 44.4923
66.3224 56.122
2
57.1786 31.499
0 0 0.916005 -0.401168
3
34.8501 20.8813
48.3877 8.39014
79.5071 42.1167
65.9694 54.6078
2
55.3199 30.5976
0 0 0.92798 -0.372629
3
32.3773 21.3815
45.1163 8.07685
78.2624 39.8137
65.5234 53.1184
2
53.409 29.8129
0 0 0.939067 -0.343733
3
29.9402 22.0338
41.8317 7.96655
76.8777 37.5921
64.9862 51.6593
2
54.2755 31.8504
0 0 0.949255 -0.314508
3
30.3705 25.538
41.369 10.762
78.1806 38.1628
67.1821 52.9387
2
55.2665 33.8303
0 0 0.958533 -0.284982
3
31.0167 29.0088
41.0801 13.5808
79.5162 38.6518
69.4529 54.0798
2
56.378 35.7451
0 0 0.966893 -0.255182
3
31.8765 32.433
40.9662 16.412
80.8796 39.0572
71.7899 55.0783
2
57.6059 37.5875
0 0 0.974327 -0.225139
3
32.9464 35.7975
41.0275 19.2448
82.2655 39.3775
74.1843 55.9302
2
58.9454 39.3504
0 0 0.980827 -0.194879
3
34.2224 39.0893
41.2641 22.0684
83.6685 39.6115
76.6268 56.6324
2
60.3914 41.0271
0 0 0.986388 -0.164433
3
35.6996 42.2959
41.6748 24.872
85.0832 39.7582
79.108 57.1821
2
61.9383 42.6111
0 0 0.991004 -0.133829
3
37.3723 45.405
42.2582 27.6448
86.5044 39.8172
81.6185 57.5773
2
63.5803 44.0963
0 0 0.994671 -0.103098
3
39.2341 48.4046
43.012 30.3762
87.9265 39.788
84.1486 57.8165
2
65.311 45.4772
0 0 0.997385 -0.0722671
3
41.278 51.2833
43.9334 33.0557
89.344 39.671
86.6887 57.8986
2
67.1238 46.7483
0 0 0.999144 -0.0413673
3
43.496 54.0301
45.0187 35.6731
90.7516 39.4665
89.229 57.8235
2
69.0118 47.9048
0 0 0.999946 -0.0104279
3
45.8797 56.6343
46.2639 38.2183
92.1439 39.1754
91.7597 57.5914
2
70.9677 48.9424
0 0 0.999789 0.0205215
3
48.42 59.0862
47.6641 40.6817
93.5155 38.7986
94.2713 57.2031
2
72.9198 48.8622
0 0 0.999789 0.0205215
3
50.3721 59.006
49.6162 40.6015
95.4676 38.7184
96.2234 57.1229
2
74.8719 48.7821
0 0 0.999789 0.0205215
3
52.3242 58.9258
51.5683 40.5213
97.4197 38.6383
98.1755 57.0428
2
76.824 48.7019
0 0 0.999789 0.0205215
3
54.2763 58.8457
53.5204 40.4412
99.3718 38.5581
100.128 56.9626
2
78.7761 48.6217
0 0 0.999789 0.0205215
3
56.2284 58.7655
55.4725 40.361
101.324 38.4779
102.08 56.8824
2
80.7282 48.5415
0 0 0.999789 0.0205215
3
58.1805 58.6853
57.4246 40.2808
103.276 38.3978
104.032 56.8023
2
82.6803 48.4614
0 0 0.999789 0.0205215
3
60.1326 58.6052
59.3767 40.2007
105.228 38.3176
105.984 56.7221
2
84.6324 48.3812
0 0 0.999789 0.0205215
3
62.0847 58.525
61.3288 40.1205
107.18 38.2374
107.936 56.6419
2
86.5845 48.301
0 0 0.999789 0.0205215
3
64.0368 58.4448
63.2809 40.0403
109.132 38.1573
109.888 56.5617
2
88.5366 48.2209
0 0 0.999789 0.0205215
3
65.9889 58.3646
65.233 39.9602
111.084 38.0771
111.84 56.4816
2
90.4887 48.1407
0 0 0.999789 0.0205215
3
67.941 58.2845
67.1851 39.88
113.036 37.9969
113.792 56.4014
2
92.4408 48.0605
0 0 0.999789 0.0205215
3
69.8931 58.2043
69.1372 39.7998
114.989 37.9168
115.744 56.3212
2
94.3929 47.9804
0 0 0.999789 0.0205215
3
71.8452 58.1241
71.0893 39.7196
116.941 37.8366
117.697 56.2411
2
96.345 47.9002
0 0 0.999789 0.0205215
3
73.7973 58.044
73.0414 39.6395
118.893 37.7564
119.649 56.1609
2
98.2971 47.82
0 0 0.999789 0.0205215
3
75.7494 57.9638
74.9935 39.5593
120.845 37.6762
121.601 56.0807
2
100.232 46.7432
0 0 0.999946 -0.0104279
3
77.0996 55.4727
77.4838 37.0567
123.364 38.0137
122.98 56.4297
2
102.185 46.7839
0 0 0.999946 -0.0104279
3
79.0529 55.5134
79.4371 37.0974
125.317 38.0545
124.933 56.4705
2
104.138 46.8247
0 0 0.999946 -0.0104279
3
81.0063 55.5542
81.3904 37.1382
127.27 38.0952
126.886 56.5112
2
106.092 46.8654
0 0 0.999946 -0.0104279
3
82.9596 55.5949
83.3437 37.1789
129.224 38.1359
128.84 56.5519
2
108.045 46.9062
0 0 0.999946 -0.0104279
3
84.9129 55.6357
85.2971 37.2197
131.177 38.1767
130.793 56.5927
2
109.998 46.9469
0 0 0.999946 -0.0104279
3
86.8662 55.6764
87.2504 37.2604
133.13 38.2174
132.746 56.6334
2
111.952 46.9877
0 0 0.999946 -0.0104279
3
88.8196 55.7172
89.2037 37.3012
135.084 38.2582
134.7 56.6742
2
113.905 47.0284
0 0 0.999946 -0.0104279
3
90.7729 55.7579
91.157 37.3419
137.037 38.2989
136.653 56.7149
2
115.858 47.0692
0 0 0.999946 -0.0104279
3
92.7262 55.7986
93.1104 37.3826
138.99 38.3397
138.606 56.7557
2
117.812 47.1099
0 0 0.999946 -0.0104279
3
94.6795 55.8394
95.0637 37.4234
140.944 38.3804
140.56 56.7964
2
119.765 47.1506
0 0 0.999946 -0.0104279
3
96.6329 55.8801
97.017 37.4641
142.897 38.4212
142.513 56.8372
2
121.718 47.1914
0 0 0.999946 -0.0104279
3
98.5862 55.9209
98.9703 37.5049
144.85 38.4619
144.466 56.8779
2
123.672 47.2321
0 0 0.999946 -0.0104279
3
100.54 55.9616
100.924 37.5456
146.804 38.5027
146.42 56.9186
2
125.625 47.2729
0 0 0.999946 -0.0104279
3
102.493 56.0024
102.877 37.5864
148.757 38.5434
148.373 56.9594
2
127.578 47.3136
0 0 0.999946 -0.0104279
3
104.446 56.0431
104.83 37.6271
150.71 38.5841
150.326 57.0001
2
129.532 47.3544
0 0 0.999946 -0.0104279
3
106.399 56.0839
106.784 37.6679
152.664 38.6249
152.28 57.0409
2
131.485 47.3951
0 0 0.999946 -0.0104279
3
108.353 56.1246
108.737 37.7086
154.617 38.6656
154.233 57.0816
2
133.438 47.4359
0 0 0.999946 -0.0104279
3
110.306 56.1653
110.69 37.7494
156.57 38.7064
156.186 57.1224
2
135.392 47.4766
0 0 0.999946 -0.0104279
3
112.259 56.2061
112.644 37.7901
158.524 38.7471
158.139 57.1631
2
137.345 47.5173
0 0 0.999946 -0.0104279
3
114.213 56.2468
114.597 37.8308
160.477 38.7879
160.093 57.2039
2
139.298 47.5581
0 0 0.999946 -0.0104279
3
116.166 56.2876
116.55 37.8716
162.43 38.8286
162.046 57.2446
2
141.252 47.5988
0 0 0.999946 -0.0104279
3
118.119 56.3283
118.504 37.9123
164.384 38.8694
163.999 57.2853
2
143.205 47.6396
0 0 0.999946 -0.0104279
3
120.073 56.3691
120.457 37.9531
166.337 38.9101
165.953 57.3261
2
145.158 47.6803
0 0 0.999946 -0.0104279
3
122.026 56.4098
122.41 37.9938
168.29 38.9508
167.906 57.3668
2
147.111 47.7211
0 0 0.999946 -0.0104279
3
123.979 56.4506
124.364 38.0346
170.244 38.9916
169.859 57.4076
2
149.065 47.7618
0 0 0.999946 -0.0104279
3
125.933 56.4913
126.317 38.0753
172.197 39.0323
171.813 57.4483
2
151.018 47.8026
0 0 0.999946 -0.0104279
3
127.886 56.5321
128.27 38.1161
174.15 39.0731
173.766 57.4891
2
152.971 47.8433
0 0 0.999946 -0.0104279
3
129.839 56.5728
130.224 38.1568
176.104 39.1138
175.719 57.5298
2
154.925 47.8841
0 0 0.999946 -0.0104279
3
131.793 56.6135
132.177 38.1975
178.057 39.1546
177.673 57.5706
2
156.878 47.9248
0 0 0.999946 -0.0104279
3
133.746 56.6543
134.13 38.2383
180.01 39.1953
179.626 57.6113
2
158.831 47.9655
0 0 0.999946 -0.0104279
3
135.699 56.695
136.083 38.279
181.963 39.2361
181.579 57.6521
2
160.785 48.0063
0 0 0.999946 -0.0104279
3
137.653 56.7358
138.037 38.3198
183.917 39.2768
183.533 57.6928
2
162.738 48.047
0 0 0.999946 -0.0104279
3
139.606 56.7765
139.99 38.3605
185.87 39.3175
185.486 57.7335
2
164.691 48.0878
0 0 0.999946 -0.0104279
3
141.559 56.8173
141.943 38.4013
187.823 39.3583
187.439 57.7743
2
166.645 48.1285
0 0 0.999946 -0.0104279
3
143.513 56.858
143.897 38.442
189.777 39.399
189.393 57.815
2
168.598 48.1693
0 0 0.999946 -0.0104279
3
145.466 56.8988
145.85 38.4828
191.73 39.4398
191.346 57.8558
2
170.551 48.21
0 0 0.999946 -0.0104279
3
147.419 56.9395
147.803 38.5235
193.683 39.4805
193.299 57.8965
2
172.505 48.2508
0 0 0.999946 -0.0104279
3
149.373 56.9802
149.757 38.5642
195.637 39.5213
195.253 57.9373
2
174.458 48.2915
0 0 0.999946 -0.0104279
3
151.326 57.021
151.71 38.605
197.59 39.562
197.206 57.978
2
176.411 48.3322
0 0 0.999946 -0.0104279
3
153.279 57.0617
153.663 38.6457
199.543 39.6028
199.159 58.0188
2
178.365 48.373
0 0 0.999946 -0.0104279
3
155.233 57.1025
155.617 38.6865
201.497 39.6435
201.113 58.0595
2
180.318 48.4137
0 0 0.999946 -0.0104279
3
157.186 57.1432
157.57 38.7272
203.45 39.6843
203.066 58.1002
2
182.271 48.4545
0 0 0.999946 -0.0104279
3
159.139 57.184
159.523 38.768
205.403 39.725
205.019 58.141
2
184.225 48.4952
0 0 0.999946 -0.0104279
3
161.093 57.2247
161.477 38.8087
207.357 39.7657
206.973 58.1817
2
186.178 48.536
0 0 0.999946 -0.0104279
3
163.046 57.2655
163.43 38.8495
209.31 39.8065
208.926 58.2225
2
188.131 48.5767
0 0 0.999946 -0.0104279
3
164.999 57.3062
165.383 38.8902
211.263 39.8472
210.879 58.2632
2
190.085 48.6175
0 0 0.999946 -0.0104279
3
166.953 57.3469
167.337 38.931
213.217 39.888
212.833 58.304
2
192.038 48.6582
0 0 0.999946 -0.0104279
3
168.906 57.3877
169.29 38.9717
215.17 39.9287
214.786 58.3447
2
193.991 48.6989
0 0 0.999946 -0.0104279
3
170.859 57.4284
171.243 39.0124
217.123 39.9695
216.739 58.3855
2
195.945 48.7397
0 0 0.999946 -0.0104279
3
172.812 57.4692
173.197 39.0532
219.077 40.0102
218.692 58.4262
2
197.898 48.7804
0 0 0.999946 -0.0104279
3
174.766 57.5099
175.15 39.0939
221.03 40.051
220.646 58.4669
2
199.851 48.8212
0 0 0.999946 -0.0104279
3
176.719 57.5507
177.103 39.1347
222.983 40.0917
222.599 58.5077
2
201.805 48.8619
0 0 0.999946 -0.0104279
3
178.672 57.5914
179.057 39.1754
224.937 40.1324
224.552 58.5484
2
203.758 48.9027
0 0 0.999946 -0.0104279
3
180.626 57.6322
181.01 39.2162
226.89 40.1732
226.506 58.5892
2
205.711 48.9434
0 0 0.999946 -0.0104279
3
182.579 57.6729
182.963 39.2569
228.843 40.2139
228.459 58.6299
2
207.665 48.9842
0 0 0.999946 -0.0104279
3
184.532 57.7136
184.917 39.2977
230.797 40.2547
230.412 58.6707
2
209.618 49.0249
0 0 0.999946 -0.0104279
3
186.486 57.7544
186.87 39.3384
232.75 40.2954
232.366 58.7114
2
211.571 49.0657
0 0 0.999946 -0.0104279
3
188.439 57.7951
188.823 39.3791
234.703 40.3362
234.319 58.7522
2
213.524 49.1064
0 0 0.999946 -0.0104279
3
190.392 57.8359
190.777 39.4199
236.657 40.3769
236.272 58.7929
2
215.48 50.1439
0 0 0.999789 0.0205215
3
192.933 60.2877
192.177 41.8832
238.028 40.0002
238.784 58.4047
2
217.497 51.0585
0 0 0.998676 0.0514512
3
195.62 62.5777
193.727 44.2552
239.374 39.5393
241.267 57.8618
2
219.566 51.8466
0 0 0.996605 0.0823317
3
198.443 64.6971
195.42 46.5268
240.688 38.9961
243.711 57.1663
2
221.68 52.5051
0 0 0.99358 0.113133
3
201.393 66.6377
197.251 48.6893
241.967 38.3725
246.108 56.321
2
223.83 53.0317
0 0 0.989603 0.143826
3
204.456 68.3922
199.213 50.7343
243.204 37.6711
248.448 55.3291
2
226.009 53.4242
0 0 0.984678 0.174382
3
207.623 69.9538
201.297 52.6541
244.396 36.8945
250.722 54.1943
2
228.208 53.6811
0 0 0.97881 0.20477
3
210.879 71.3165
203.496 54.4413
245.537 36.0457
252.921 52.9209
2
230.419 53.8015
0 0 0.972004 0.234963
3
214.214 72.4752
205.801 56.089
246.624 35.1279
255.037 51.514
2
232.633 53.7849
0 0 0.964268 0.26493
3
217.615 73.4253
208.203 57.591
247.652 34.1446
257.063 49.9789
2
234.842 53.6314
0 0 0.955607 0.294643
3
221.067 74.1632
210.694 58.9415
248.616 33.0996
258.989 48.3213
2
237.037 53.3415
0 0 0.946032 0.324074
3
224.559 74.6861
213.264 60.1352
249.515 31.9969
260.81 46.5478
2
239.21 52.9164
0 0 0.93555 0.353195
3
228.076 74.9921
215.903 61.1678
250.343 30.8408
262.517 44.6651
2
241.352 52.3577
0 0 0.924172 0.381978
3
231.605 75.0799
218.6 62.0351
251.099 29.6356
264.104 42.6804
2
243.456 51.6676
0 0 0.911908 0.410394
3
235.133 74.9492
221.346 62.7339
251.778 28.386
265.565 40.6012
2
242.746 53.6074
0 0 0.898771 0.438418
3
235.879 77.3592
221.363 66.0202
249.612 29.8555
264.128 41.1945
2
242.157 55.5874
0 0 0.884774 0.466021
3
236.773 79.7185
221.583 69.2993
247.541 31.4563
262.731 41.8755
2
241.691 57.6
0 0 0.869928 0.493178
3
237.811 82.018
222.005 72.5584
245.572 33.1821
261.378 42.6417
2
241.352 59.6376
0 0 0.85425 0.519863
3
238.989 84.2489
222.629 75.7852
243.714 35.0264
260.075 43.4901
2
241.139 61.6923
0 0 0.837753 0.546049
3
240.303 86.4026
223.45 78.9672
241.974 36.982
258.827 44.4175
2
241.053 63.7563
0 0 0.820454 0.571713
3
241.747 88.471
224.467 82.0923
240.358 39.0416
257.639 45.4203
2
241.095 65.8216
0 0 0.802368 0.596829
3
243.317 90.446
225.675 85.1486
238.873 41.1972
256.515 46.4946
2
241.265 67.8803
0 0 0.783515 0.621373
3
245.006 92.3201
227.07 88.1242
237.524 43.4406
255.46 47.6365
2
241.562 69.9246
0 0 0.76391 0.645323
3
246.808 94.0861
228.647 91.0078
236.316 45.7631
254.477 48.8414
2
241.985 71.9466
0 0 0.743574 0.668653
3
248.715 95.7373
230.399 93.7883
235.254 48.1559
253.571 50.1049
2
242.532 73.9386
0 0 0.722526 0.691344
3
250.721 97.2673
232.319 96.4552
234.342 50.6098
252.745 51.4219
2
243.201 75.8929
0 0 0.700785 0.713372
3
252.818 98.6703
234.401 98.9982
233.584 53.1154
252.001 52.7876
2
243.99 77.802
0 0 0.678374 0.734717
3
254.998 99.9409
236.636 101.407
232.982 55.6632
251.344 54.1966
2
244.896 79.6587
0 0 0.655312 0.755358
3
257.252 101.074
239.016 103.674
232.54 58.2432
250.775 55.6436
2
245.171 81.5929
0 0 0.655312 0.755358
3
257.527 103.008
239.292 105.608
232.815 60.1774
251.051 57.5778
2
245.447 83.5271
0 0 0.655312 0.755358
3
257.803 104.943
239.568 107.542
233.091 62.1116
251.327 59.512
2
245.723 85.4613
0 0 0.655312 0.755358
3
258.079 106.877
239.843 109.476
233.367 64.0458
251.602 61.4462
2
245.247 87.4715
0 0 0.678374 0.734717
3
256.255 109.61
237.893 111.077
234.239 65.3326
252.601 63.866
2
244.648 89.4484
0 0 0.700785 0.713372
3
254.265 112.226
235.848 112.554
235.031 66.671
253.448 66.3431
2
243.927 91.3844
0 0 0.722526 0.691344
3
252.117 114.713
233.715 113.901
235.738 68.0557
254.14 68.8678
2
243.088 93.2722
0 0 0.743574 0.668653
3
249.819 117.063
231.502 115.114
236.358 69.4815
254.674 71.4304
2
243.635 95.2641
0 0 0.722526 0.691344
3
251.825 118.593
233.423 117.781
235.446 71.9354
253.848 72.7475
2
243.549 97.216
0 0 0.722526 0.691344
3
251.739 120.545
233.337 119.733
235.36 73.8872
253.762 74.6993
2
242.711 99.1037
0 0 0.743574 0.668653
3
249.441 122.894
231.125 120.945
235.98 75.3131
254.297 77.262
2
241.757 100.936
0 0 0.76391 0.645323
3
247.002 125.097
228.842 122.019
236.511 76.7745
254.671 79.8528
2
240.691 102.706
0 0 0.783515 0.621373
3
244.432 127.145
226.496 122.95
236.95 78.2659
254.885 82.4618
2
239.518 104.406
0 0 0.802368 0.596829
3
241.74 129.03
224.098 123.733
237.296 79.7817
254.938 85.0791
2
238.242 106.031
0 0 0.820454 0.571713
3
238.937 130.745
221.656 124.367
237.547 81.316
254.828 87.6946
2
236.868 107.573
0 0 0.837753 0.546049
3
236.032 132.284
219.18 124.848
237.704 82.8629
254.556 90.2983
2
235.401 109.028
0 0 0.85425 0.519863
3
233.039 133.639
216.678 125.175
237.764 84.4165
254.124 92.8803
2
233.847 110.389
0 0 0.869928 0.493178
3
229.967 134.807
214.161 125.347
237.728 85.9709
253.534 95.4305
2
232.212 111.651
0 0 0.884774 0.466021
3
226.828 135.782
211.638 125.363
237.596 87.5201
252.786 97.9393
2
230.502 112.81
0 0 0.898771 0.438418
3
223.636 136.562
209.119 125.223
237.368 89.0581
251.885 100.397
2
228.724 113.861
0 0 0.911908 0.410394
3
220.401 137.142
206.614 124.927
237.046 90.5791
250.833 102.794
2
226.883 114.799
0 0 0.924172 0.381978
3
217.137 137.522
204.132 124.477
236.63 92.0773
249.635 105.122
2
224.989 115.622
0 0 0.93555 0.353195
3
213.855 137.698
201.682 123.874
236.123 93.5468
248.296 107.371
2
223.047 116.327
0 0 0.946032 0.324074
3
210.569 137.671
199.274 123.121
235.525 94.9822
246.82 109.533
2
221.065 116.91
0 0 0.955607 0.294643
3
207.29 137.441
196.918 122.22
234.84 96.3778
245.212 111.6
2
219.051 117.369
0 0 0.964268 0.26493
3
204.032 137.009
194.621 121.175
234.069 97.7283
243.481 113.563
2
217.012 117.702
0 0 0.972004 0.234963
3
200.808 136.376
192.394 119.99
233.217 99.0286
241.631 115.415
2
214.957 117.909
0 0 0.97881 0.20477
3
197.628 135.545
190.244 118.669
232.286 100.274
239.67 117.149
2
212.893 117.988
0 0 0.984678 0.174382
3
194.506 134.518
188.18 117.218
231.279 101.459
237.605 118.759
2
210.828 117.94
0 0 0.989603 0.143826
3
191.454 133.3
186.21 115.643
230.202 102.579
235.445 120.237
2
208.769 117.764
0 0 0.99358 0.113133
3
188.482 131.896
184.341 113.948
229.056 103.631
233.198 121.58
2
206.726 117.461
0 0 0.996605 0.0823317
3
185.603 130.311
182.581 112.141
227.849 104.61
230.871 122.78
2
208.84 118.119
0 0 0.99358 0.113133
3
188.553 132.252
184.412 114.303
229.127 103.987
233.268 121.935
2
210.99 118.646
0 0 0.989603 0.143826
3
191.616 134.006
186.373 116.348
230.364 103.285
235.608 120.943
2
213.169 119.038
0 0 0.984678 0.174382
3
194.783 135.568
188.457 118.268
231.556 102.509
237.882 119.808
2
215.368 119.295
0 0 0.97881 0.20477
3
198.04 136.931
190.656 120.055
232.697 101.66
240.081 118.535
2
217.579 119.415
0 0 0.972004 0.234963
3
201.375 138.089
192.961 121.703
233.784 100.742
242.198 117.128
2
219.793 119.399
0 0 0.964268 0.26493
3
204.775 139.039
195.364 123.205
234.812 99.7585
244.223 115.593
2
222.002 119.245
0 0 0.955607 0.294643
3
208.227 139.777
197.855 124.555
235.777 98.7136
246.149 113.935
2
220.838 120.952
0 0 0.946032 0.324074
3
208.36 142.297
197.065 127.746
233.316 99.6073
244.611 114.158
2
219.782 122.727
0 0 0.93555 0.353195
3
208.648 144.803
196.475 130.979
230.916 100.652
243.089 114.476
2
218.838 124.565
0 0 0.924172 0.381978
3
209.091 147.287
196.086 134.242
228.584 101.842
241.589 114.887
2
218.009 126.457
0 0 0.911908 0.410394
3
209.686 149.738
195.899 137.523
226.331 103.175
240.118 115.39
2
217.298 128.396
0 0 0.898771 0.438418
3
210.432 152.148
195.916 140.809
224.165 104.645
238.681 115.984
2
216.71 130.376
0 0 0.884774 0.466021
3
211.326 154.508
196.136 144.088
222.093 106.245
237.283 116.665
2
216.244 132.389
0 0 0.869928 0.493178
3
212.364 156.807
196.558 147.348
220.125 107.971
235.93 117.431
2
215.904 134.427
0 0 0.85425 0.519863
3
213.542 159.038
197.181 150.574
218.267 109.815
234.628 118.279
2
215.691 136.481
0 0 0.837753 0.546049
3
214.856 161.192
198.003 153.756
216.527 111.771
233.38 119.207
2
215.606 138.545
0 0 0.820454 0.571713
3
216.3 163.26
199.02 156.881
214.911 113.831
232.191 120.209
2
215.648 140.611
0 0 0.802368 0.596829
3
217.87 165.235
200.228 159.938
213.426 115.986
231.068 121.284
2
215.818 142.669
0 0 0.783515 0.621373
3
219.559 167.109
201.623 162.913
212.077 118.23
230.012 122.426
2
216.115 144.714
0 0 0.76391 0.645323
3
221.361 168.875
203.2 165.797
210.869 120.552
229.03 123.631
2
216.538 146.736
0 0 0.743574 0.668653
3
223.268 170.526
204.952 168.577
209.807 122.945
228.124 124.894
2
217.085 148.728
0 0 0.722526 0.691344
3
225.274 172.056
206.872 171.244
208.895 125.399
227.297 126.211
2
217.754 150.682
0 0 0.700785 0.713372
3
227.371 173.459
208.954 173.787
208.137 127.905
226.554 127.577
2
218.543 152.591
0 0 0.678374 0.734717
3
229.551 174.73
211.189 176.197
207.535 130.452
225.897 128.986
2
219.448 154.448
0 0 0.655312 0.755358
3
231.805 175.863
213.569 178.463
207.092 133.032
225.328 130.433
2
220.467 156.245
0 0 0.631623 0.775276
3
234.124 176.855
216.084 180.578
206.81 135.635
224.85 131.912
2
221.595 157.976
0 0 0.607329 0.794451
3
236.501 177.701
218.726 182.533
206.689 138.25
224.464 133.418
2
222.828 159.633
0 0 0.582453 0.812865
3
238.925 178.399
221.483 184.321
206.73 140.867
224.172 134.945
2
223.136 157.441
0 0 0.557019 0.8305
3
240.364 175.175
223.321 182.164
205.908 139.707
222.95 132.717
2
223.307 155.233
0 0 0.531051 0.84734
3
241.599 171.868
225.022 179.898
205.015 138.599
221.593 130.568
2
223.342 153.019
0 0 0.504575 0.863368
3
242.628 168.49
226.58 177.531
204.056 137.549
220.105 128.508
2
223.24 150.808
0 0 0.477616 0.878569
3
243.446 165.056
227.988 175.072
203.034 136.56
218.493 126.543
2
223.001 148.607
0 0 0.450198 0.892929
3
244.05 161.578
229.241 172.531
201.953 135.636
216.762 124.682
2
222.627 146.424
0 0 0.42235 0.906433
3
244.438 158.068
230.334 169.917
200.816 134.781
214.92 122.932
2
222.118 144.27
0 0 0.394097 0.919069
3
244.608 154.542
231.264 167.24
199.629 133.997
212.972 121.299
2
221.477 142.15
0 0 0.365467 0.930824
3
244.559 151.012
232.026 164.511
198.395 133.289
210.928 119.79
2
220.706 140.075
0 0 0.336487 0.941688
3
244.292 147.491
232.619 161.74
197.12 132.658
208.794 118.41
2
219.808 138.051
0 0 0.307184 0.95165
3
243.808 143.994
233.038 158.938
195.809 132.108
206.578 117.164
2
218.787 136.087
0 0 0.277587 0.960701
3
243.108 140.534
233.284 156.115
194.466 131.64
204.29 116.058
2
217.646 134.189
0 0 0.247724 0.968831
3
242.196 137.123
233.354 153.283
193.096 131.255
201.938 115.096
2
216.39 132.366
0 0 0.217624 0.976033
3
241.074 133.776
233.249 150.451
191.706 130.956
199.531 114.281
2
215.023 130.624
0 0 0.187315 0.9823
3
239.747 130.504
232.969 147.631
190.299 130.744
197.078 113.617
2
213.552 128.97
0 0 0.156827 0.987626
3
238.221 127.321
232.515 144.835
188.882 130.619
194.588 113.105
2
211.98 127.41
0 0 0.126189 0.992006
3
236.501 124.238
231.889 142.071
187.46 130.582
192.072 112.749
2
210.316 125.95
0 0 0.0954298 0.995436
3
234.593 121.267
231.093 139.352
186.039 130.633
189.539 112.548
2
208.564 124.596
0 0 0.0645792 0.997913
3
232.505 118.42
230.131 136.687
184.623 130.772
186.997 112.506
2
206.732 123.353
0 0 0.0336668 0.999433
3
230.245 115.708
229.005 134.086
183.219 130.998
184.459 112.62
2
204.826 122.226
0 0 0.00272215 0.999996
3
227.821 113.141
227.721 131.56
181.831 131.311
181.932 112.891
2
202.855 121.218
0 0 0.0282252 -0.999602
3
225.243 110.728
226.283 129.119
180.466 131.708
179.426 113.318
2
200.824 120.335
0 0 0.0591454 -0.998249
3
222.521 108.48
224.696 126.771
179.127 132.19
176.952 113.899
2
198.979 121.558
0 0 0.0282252 -0.999602
3
221.368 111.068
222.407 129.459
176.59 132.048
175.551 113.657
2
197.061 122.665
0 0 0.00272211 0.999996
3
220.056 113.58
219.956 131.999
174.066 131.749
174.167 113.33
2
195.079 123.65
0 0 0.0336668 0.999433
3
218.591 116.005
217.352 134.383
171.566 131.295
172.805 112.917
2
193.129 123.519
0 0 0.0336668 0.999433
3
216.642 115.874
215.402 134.252
169.616 131.164
170.856 112.786
2
191.18 123.387
0 0 0.0336668 0.999433
3
214.693 115.742
213.453 134.121
167.667 131.032
168.907 112.654
2
189.231 123.256
0 0 0.0336668 0.999433
3
212.743 115.611
211.504 133.989
165.718 130.901
166.957 112.523
2
187.281 123.124
0 0 0.0336668 0.999433
3
210.794 115.479
209.554 133.858
163.768 130.769
165.008 112.391
2
185.332 122.993
0 0 0.0336668 0.999433
3
208.845 115.348
207.605 133.726
161.819 130.638
163.059 112.26
2
183.383 122.861
0 0 0.0336668 0.999433
3
206.895 115.216
205.656 133.595
159.87 130.506
161.109 112.128
2
181.433 122.73
0 0 0.0336668 0.999433
3
204.946 115.085
203.706 133.463
157.92 130.375
159.16 111.997
2
179.484 122.598
0 0 0.0336668 0.999433
3
202.997 114.953
201.757 133.332
155.971 130.243
157.211 111.865
2
177.535 122.467
0 0 0.0336668 0.999433
3
201.047 114.822
199.808 133.2
154.022 130.112
155.261 111.734
2
175.585 122.336
0 0 0.0336668 0.999433
3
199.098 114.69
197.858 133.069
152.072 129.981
153.312 111.602
2
173.636 122.204
0 0 0.0336668 0.999433
3
197.149 114.559
195.909 132.937
150.123 129.849
151.363 111.471
2
171.687 122.073
0 0 0.0336668 0.999433
3
195.199 114.428
193.96 132.806
148.174 129.718
149.413 111.339
2
169.737 121.941
0 0 0.0336668 0.999433
3
193.25 114.296
192.01 132.674
146.225 129.586
147.464 111.208
2
167.788 121.81
0 0 0.0336668 0.999433
3
191.301 114.165
190.061 132.543
144.275 129.455
145.515 111.076
2
165.839 121.678
0 0 0.0336668 0.999433
3
189.351 114.033
188.112 132.411
142.326 129.323
143.565 110.945
