0
80 109
0
81 109
0
82 109
0
83 109
0
84 109
0
85 109
0
86 109
0
87 109
0
88 109
0
89 109
0
90 109
0
91 109
0
92 109
0
93 109
0
94 109
0
95 109
0
96 109
0
97 109
0
98 109
0
99 109
0
100 110
0
101 111
0
102 112
0
103 113
0
104 114
0
105 115
0
106 116
0
107 117
0
108 118
0
109 119
0
110 119
0
111 119
0
112 119
0
113 119
0
114 119
0
115 119
0
116 119
0
117 119
0
118 119
0
119 119
0
120 119
0
121 119
0
122 119
0
123 119
0
124 119
0
125 119
0
126 119
0
127 119
0
128 119
0
129 119
0
130 119
0
131 119
0
132 119
0
133 119
0
134 119
0
135 119
0
136 119
0
137 119
0
138 119
0
139 119
0
140 120
0
141 120
0
142 120
0
143 120
0
144 120
0
145 120
0
146 120
0
147 120
0
148 120
0
149 121
0
150 121
0
151 121
0
152 121
0
153 121
0
154 121
0
155 121
0
156 121
0
157 121
0
158 121
0
159 121
0
160 121
0
161 120
0
162 119
0
163 119
0
164 118
0
165 117
0
166 116
0
167 115
0
167 114
0
168 113
0
168 112
0
168 111
0
169 110
0
169 109
0
169 108
0
170 107
0
170 106
0
170 105
0
171 104
0
171 103
0
171 102
0
171 101
0
172 100
0
172 99
0
172 98
0
172 97
0
173 96
0
173 95
0
173 94
0
173 93
0
174 92
0
174 91
0
174 90
0
175 89
0
175 88
0
176 87
0
176 86
0
177 85
0
177 84
0
178 83
0
178 82
0
178 81
0
179 80
1
80 109.353 0.239023
1
81.8982 109.816 0.239023
1
83.7964 110.278 0.239023
1
85.6946 110.741 0.239023
1
87.5928 111.203 0.239023
1
89.491 111.666 0.239023
1
91.3892 112.129 0.239023
1
93.2874 112.591 0.239023
1
95.1856 113.054 0.239023
1
97.0838 113.516 0.239023
1
99.007 113.86 0.300925
1
100.905 114.323 0.362827
1
102.685 115.128 0.300925
1
104.512 115.822 0.239023
1
106.435 116.166 0.300925
1
108.333 116.628 0.362827
1
110.199 117.207 0.424729
1
112.026 117.901 0.486632
1
113.806 118.706 0.548534
1
115.533 119.62 0.610436
1
117.2 120.638 0.672338
1
118.801 121.758 0.73424
1
120.168 123.155 0.672338
1
121.618 124.464 0.610436
1
123.146 125.68 0.548534
1
124.747 126.8 0.486632
1
126.414 127.819 0.424729
1
128.141 128.733 0.362827
1
129.922 129.538 0.300925
1
131.748 130.231 0.239023
1
133.614 130.81 0.177121
1
135.512 131.273 0.115219
1
137.435 131.617 0.053317
1
139.376 131.842 6.2746
1
141.325 131.704 0.0533168
1
143.279 131.687 0.115219
1
145.202 132.032 0.0533168
1
147.143 132.256 6.2746
1
149.092 132.119 0.0533168
1
151.045 132.102 0.115219
1
152.996 132.206 0.177121
1
154.937 132.431 0.239023
1
156.803 133.01 0.177121
1
158.701 133.472 0.115219
1
160.652 133.576 0.177121
1
162.593 133.801 0.239023
1
164.516 134.145 0.300925
1
166.414 134.608 0.362827
1
168.28 135.187 0.424729
1
170.107 135.88 0.486631
1
171.887 136.685 0.548533
1
173.614 137.599 0.610435
1
175.281 138.618 0.672337
1
176.882 139.738 0.734239
1
178.411 140.955 0.796142
1
179.861 142.264 0.858044
1
178.494 140.867 0.919946
1
177.217 139.389 0.981848
1
176.033 137.835 1.04375
1
174.948 136.21 1.10565
1
173.965 134.522 1.16755
1
173.089 132.776 1.22946
1
172.322 130.979 1.29136
1
171.668 129.137 1.35326
1
171.129 127.26 1.41516
1
170.707 125.352 1.47706
1
170.405 123.422 1.53897
1
170.463 121.469 1.47706
1
170.161 119.539 1.53897
1
169.978 117.594 1.60087
1
169.916 115.641 1.66277
1
169.974 113.688 1.72467
1
170.154 111.742 1.78657
1
170.453 109.812 1.84848
1
170.871 107.903 1.91038
1
171.407 106.024 1.97228
1
172.28 104.277 1.91038
1
173.044 102.478 1.84848
1
173.695 100.636 1.78657
1
173.994 98.7054 1.84848
1
174.412 96.797 1.91038
1
175.063 94.9548 1.91038
1
175.714 93.1126 1.91038
1
176.365 91.2704 1.91038
1
177.016 89.4283 1.91038
1
177.666 87.5861 1.91038
1
178.317 85.7439 1.91038
1
178.968 83.9017 1.91038
1
179.619 82.0595 1.91038
2
93.7526 112.704
0 0 0.119227 0.992867
3
118.226 109.189
113.865 127.085
69.2794 116.22
73.6404 98.324
2
95.6508 113.167
0 0 0.119227 0.992867
3
120.124 109.651
115.763 127.548
71.1776 116.683
75.5386 98.7866
2
97.549 113.63
0 0 0.119227 0.992867
3
122.022 110.114
117.661 128.01
73.0758 117.145
77.4368 99.2491
2
99.4472 114.092
0 0 0.119227 0.992867
3
123.92 110.576
119.559 128.473
74.974 117.608
79.335 99.7117
2
101.345 114.555
0 0 0.119227 0.992867
3
125.819 111.039
121.458 128.935
76.8722 118.071
81.2332 100.174
2
103.244 115.017
0 0 0.119227 0.992867
3
127.717 111.501
123.356 129.398
78.7704 118.533
83.1314 100.637
2
105.142 115.48
0 0 0.119227 0.992867
3
129.615 111.964
125.254 129.86
80.6686 118.996
85.0296 101.099
2
107.04 115.942
0 0 0.119227 0.992867
3
131.513 112.427
127.152 130.323
82.5668 119.458
86.9278 101.562
2
108.938 116.405
0 0 0.119227 0.992867
3
133.411 112.889
129.05 130.785
84.465 119.921
88.826 102.024
2
110.836 116.867
0 0 0.119227 0.992867
3
135.31 113.352
130.949 131.248
86.3632 120.383
90.7242 102.487
2
112.526 118.056
0 0 0.149896 0.988702
3
137.17 116.061
131.71 133.653
87.8821 120.051
93.3419 102.459
2
114.139 119.347
0 0 0.18042 0.98359
3
138.859 118.88
132.321 136.101
89.4187 119.814
95.9563 102.593
2
116.204 119.324
0 0 0.149896 0.988702
3
140.848 117.329
135.388 134.921
91.5605 121.319
97.0202 103.727
2
118.264 119.173
0 0 0.119227 0.992867
3
142.738 115.657
138.377 133.553
93.7913 122.689
98.1523 104.792
2
119.954 120.361
0 0 0.149896 0.988702
3
144.598 118.366
139.138 135.959
95.3102 122.357
100.77 104.764
2
121.567 121.652
0 0 0.18042 0.98359
3
146.287 121.185
139.749 138.406
96.8468 122.119
103.384 104.898
2
123.097 123.04
0 0 0.210772 0.977535
3
147.798 124.104
140.208 140.887
98.3951 121.977
105.985 105.194
2
124.538 124.52
0 0 0.240922 0.970544
3
149.126 127.11
140.512 143.392
99.9492 121.931
108.563 105.649
2
125.884 126.087
0 0 0.270841 0.962624
3
150.265 130.192
140.661 145.91
101.503 121.981
111.108 106.264
2
127.132 127.734
0 0 0.300501 0.953782
3
151.212 133.34
140.653 148.433
103.051 122.128
113.61 107.034
2
128.274 129.454
0 0 0.329873 0.944025
3
151.962 136.539
140.49 150.95
104.587 122.369
116.059 107.958
2
129.309 131.242
0 0 0.358929 0.933365
3
152.513 139.779
140.171 153.453
106.105 122.706
118.447 109.032
2
131.242 131.971
0 0 0.329873 0.944025
3
154.93 139.055
143.457 153.467
107.554 124.886
119.027 110.474
2
133.216 132.578
0 0 0.300501 0.953782
3
157.297 138.184
146.738 153.277
109.136 126.972
119.695 111.878
2
135.225 133.061
0 0 0.270841 0.962624
3
159.606 137.167
150.001 152.885
110.844 128.956
120.448 113.238
2
137.259 133.42
0 0 0.240922 0.970544
3
161.848 136.009
153.233 152.291
112.671 130.831
121.285 114.549
2
139.312 133.652
0 0 0.210772 0.977535
3
164.013 134.715
156.423 151.499
114.61 132.589
122.201 115.805
2
141.375 133.757
0 0 0.18042 0.98359
3
166.095 133.29
159.557 150.511
116.655 134.223
123.192 117.003
2
143.44 133.734
0 0 0.149896 0.988702
3
168.084 131.738
162.625 149.331
118.797 135.729
124.256 118.136
2
145.501 133.583
0 0 0.119227 0.992867
3
169.974 130.067
165.613 147.963
121.028 137.098
125.389 119.202
2
147.548 133.305
0 0 0.0884449 0.996081
3
171.756 128.281
168.511 146.413
123.339 138.328
126.584 120.196
2
149.573 132.9
0 0 0.0575777 0.998341
3
173.425 126.389
171.307 144.687
125.722 139.411
127.839 121.114
2
151.57 132.372
0 0 0.0266554 0.999645
3
174.974 124.397
173.992 142.791
128.167 140.346
129.149 121.952
2
153.531 131.72
0 0 0.00429263 -0.999991
3
176.396 122.314
176.554 140.733
130.666 141.127
130.508 122.708
2
155.46 132.459
0 0 0.0266552 0.999645
3
178.863 124.484
177.882 142.878
132.057 140.433
133.038 122.039
2
157.34 133.315
0 0 0.0575776 0.998341
3
181.192 126.804
179.074 145.102
133.488 139.826
135.606 121.528
2
159.337 132.786
0 0 0.0266552 0.999645
3
182.74 124.812
181.758 143.206
135.934 140.76
136.915 122.366
2
161.297 132.135
0 0 0.00429263 -0.999991
3
184.162 122.728
184.32 141.147
138.432 141.541
138.274 123.122
2
163.227 132.873
0 0 0.0266552 0.999645
3
186.63 124.899
185.648 143.293
139.823 140.847
140.805 122.453
2
165.107 133.729
0 0 0.0575776 0.998341
3
188.958 127.218
186.841 145.516
141.255 140.24
143.372 121.942
2
166.93 134.7
0 0 0.0884447 0.996081
3
191.139 129.677
187.893 147.809
142.721 139.723
145.967 121.591
2
168.69 135.782
0 0 0.119227 0.992867
3
193.163 132.266
188.802 150.162
144.217 139.298
148.578 121.401
2
170.737 135.504
0 0 0.0884447 0.996081
3
194.945 130.481
191.7 148.613
146.528 140.527
149.773 122.395
2
172.762 135.1
0 0 0.0575776 0.998341
3
196.614 128.589
194.496 146.886
148.911 141.611
151.028 123.313
2
174.586 136.07
0 0 0.0884447 0.996081
3
198.795 131.047
195.549 149.179
150.377 141.094
153.623 122.962
2
176.346 137.152
0 0 0.119227 0.992867
3
200.819 133.636
196.458 151.533
151.872 140.668
156.233 122.772
2
178.035 138.341
0 0 0.149895 0.988702
3
202.679 136.346
197.219 153.938
153.391 140.336
158.851 122.744
2
179.648 139.632
0 0 0.18042 0.98359
3
204.368 139.165
197.83 156.386
154.928 140.099
161.465 122.878
2
181.178 141.02
0 0 0.210772 0.977535
3
205.879 142.083
198.289 158.867
156.476 139.956
164.067 123.173
2
182.619 142.5
0 0 0.240922 0.970545
3
207.207 145.089
198.593 161.371
158.03 139.911
166.644 123.629
2
183.965 144.066
0 0 0.270841 0.962624
3
208.347 148.172
198.742 163.89
159.584 139.961
169.189 124.243
2
185.213 145.713
0 0 0.300501 0.953782
3
209.293 151.319
198.734 166.412
161.132 140.107
171.691 125.014
2
186.356 147.434
0 0 0.329873 0.944025
3
210.043 154.519
198.571 168.93
162.668 140.349
174.14 125.938
2
187.39 149.222
0 0 0.358929 0.933365
3
210.594 157.759
198.252 171.433
164.186 140.685
176.528 127.011
2
188.312 151.071
0 0 0.387641 0.921811
3
210.943 161.026
197.779 173.911
165.68 141.115
178.844 128.231
2
189.117 152.973
0 0 0.415981 0.909373
3
211.089 164.31
197.153 176.355
167.145 141.636
181.081 129.591
2
187.07 152.129
0 0 0.443924 0.896065
3
208.299 164.803
193.645 175.963
165.842 139.454
180.496 128.294
2
185.08 151.16
0 0 0.471441 0.881898
3
205.484 165.123
190.167 175.355
164.676 137.196
179.992 126.964
2
183.153 150.069
0 0 0.498506 0.866886
3
202.654 165.268
186.734 174.533
163.652 134.87
179.572 125.605
2
181.297 148.861
0 0 0.525094 0.851044
3
199.821 165.238
183.358 173.5
162.773 132.485
179.236 124.223
2
179.52 147.541
0 0 0.551179 0.834387
3
196.995 165.032
180.052 172.26
162.045 130.051
178.987 122.823
2
177.827 146.114
0 0 0.576736 0.81693
3
194.187 164.652
176.829 170.818
161.468 127.576
178.825 121.41
2
176.226 144.584
0 0 0.601741 0.798691
3
191.408 164.099
173.702 169.18
161.045 125.07
178.75 119.989
2
174.723 142.959
0 0 0.626169 0.779687
3
188.668 163.375
170.682 167.351
160.778 122.542
178.764 118.567
2
173.323 141.243
0 0 0.649997 0.759936
3
185.979 162.483
167.781 165.339
160.668 120.003
178.865 117.148
2
172.032 139.445
0 0 0.673203 0.739458
3
183.349 161.427
165.01 163.151
160.715 117.462
179.054 115.738
2
170.855 137.57
0 0 0.695764 0.71827
3
180.791 160.21
162.38 160.796
160.92 114.929
179.33 114.343
2
171.788 135.562
0 0 0.673203 0.739458
3
183.105 157.544
164.766 159.268
160.471 113.579
178.81 111.855
2
170.611 133.687
0 0 0.695764 0.71827
3
180.547 156.327
162.136 156.913
160.675 111.046
179.086 110.46
2
169.552 131.742
0 0 0.717658 0.696395
3
178.068 154.954
159.656 154.4
161.036 108.531
179.448 109.084
2
168.615 129.736
0 0 0.738865 0.673853
3
175.679 153.43
157.337 151.738
161.552 106.042
179.894 107.734
2
167.805 127.676
0 0 0.759365 0.650665
3
173.389 151.761
155.187 148.938
162.22 103.59
180.423 106.413
2
167.123 125.569
0 0 0.779136 0.626854
3
171.207 149.954
153.214 146.01
163.039 101.184
181.032 105.128
2
166.573 123.425
0 0 0.798162 0.602443
3
169.14 148.015
151.426 142.966
164.006 98.8337
181.72 103.883
2
166.157 121.25
0 0 0.816423 0.577454
3
167.198 145.952
149.83 139.817
165.115 96.5475
182.483 102.683
2
165.875 119.054
0 0 0.833902 0.551913
3
165.387 143.773
148.431 136.575
166.364 94.3342
183.32 101.532
2
167.565 117.623
0 0 0.816423 0.577454
3
168.607 142.326
151.239 136.19
166.524 92.9208
183.892 99.0564
2
169.164 116.091
0 0 0.798162 0.602443
3
171.731 140.682
154.017 135.632
166.596 91.5003
184.311 96.5497
2
170.664 114.463
0 0 0.779136 0.626854
3
174.748 138.848
156.755 134.904
166.58 90.078
184.573 94.0219
2
170.114 112.318
0 0 0.798162 0.602443
3
172.681 136.909
154.967 131.86
167.546 87.7274
185.261 92.7768
2
169.697 110.144
0 0 0.816423 0.577454
3
170.739 134.846
153.371 128.711
168.656 85.4411
186.024 91.5767
2
170.348 108.301
0 0 0.816423 0.577454
3
171.389 133.004
154.021 126.868
169.307 83.599
186.675 89.7345
2
170.999 106.459
0 0 0.816423 0.577454
3
172.04 131.162
154.672 125.026
169.958 81.7568
187.326 87.8924
2
171.65 104.617
0 0 0.816423 0.577454
3
172.691 129.32
155.323 123.184
170.609 79.9146
187.977 86.0502
2
172.301 102.775
0 0 0.816423 0.577454
3
173.342 127.477
155.974 121.342
171.259 78.0724
188.627 84.208
2
172.951 100.933
0 0 0.816423 0.577454
3
173.993 125.635
156.625 119.5
171.91 76.2303
189.278 82.3658
2
173.602 99.0906
0 0 0.816423 0.577454
3
174.643 123.793
157.275 117.657
172.561 74.3881
189.929 80.5237
2
174.253 97.2484
0 0 0.816423 0.577454
3
175.294 121.951
157.926 115.815
173.212 72.5459
190.58 78.6815
2
174.904 95.4062
0 0 0.816423 0.577454
3
175.945 120.109
158.577 113.973
173.863 70.7037
191.231 76.8393
