0
40 60
0
41 61
0
42 62
0
43 63
0
44 64
0
45 65
0
46 66
0
47 67
0
48 68
0
49 69
0
50 70
0
51 71
0
52 72
0
53 73
0
54 74
0
55 75
0
56 76
0
57 77
0
58 78
0
59 79
0
60 80
0
61 81
0
62 82
0
63 83
0
64 84
0
65 85
0
65 86
0
65 87
0
65 88
0
65 89
0
65 90
0
65 91
0
65 92
0
65 93
0
65 94
0
65 95
0
65 96
0
65 97
0
65 98
0
65 99
0
65 100
0
65 101
0
65 102
0
65 103
0
65 104
0
65 105
0
65 106
0
65 107
0
65 108
0
65 109
0
65 110
0
65 111
0
65 112
0
65 113
0
65 114
0
65 115
0
65 116
0
65 117
0
65 118
0
65 119
0
65 120
0
65 121
0
65 122
0
65 123
0
65 124
0
65 125
0
65 126
0
65 127
0
65 128
0
65 129
0
65 130
0
65 131
0
65 132
0
65 133
0
65 134
0
65 135
0
65 136
0
65 137
0
65 138
0
65 139
0
65 140
0
65 141
0
65 142
0
65 143
0
65 144
0
65 145
0
65 146
0
65 147
0
65 148
0
65 149
0
65 150
0
65 151
0
65 152
0
65 153
0
65 154
0
65 155
0
65 156
0
65 157
0
65 158
0
65 159
0
65 160
0
65 161
0
65 162
0
65 163
0
65 164
0
65 165
0
65 166
0
65 167
0
65 168
0
65 169
0
65 170
0
65 171
0
65 172
0
65 173
0
65 174
0
65 175
0
65 176
0
65 177
0
65 178
0
65 179
0
65 180
0
65 181
0
65 182
0
65 183
0
65 184
0
65 185
0
65 186
0
65 187
0
65 188
0
65 189
0
65 190
0
65 191
0
65 192
0
65 193
0
65 194
0
65 195
0
65 196
0
65 197
0
65 198
0
65 199
0
65 200
0
65 201
0
65 202
0
65 203
0
65 204
0
66 205
0
66 206
0
66 207
0
66 208
0
66 209
0
67 210
0
67 211
0
68 212
0
69 213
0
70 214
0
71 214
0
72 215
0
73 216
0
74 216
0
75 216
0
76 217
0
77 217
0
78 217
0
79 217
0
80 216
0
81 216
0
82 216
0
83 215
0
84 214
0
85 214
0
86 213
0
87 212
0
88 211
0
89 210
0
90 209
0
91 208
0
92 207
0
93 206
0
94 205
0
95 204
0
96 203
0
97 202
0
98 201
0
99 200
0
100 199
0
101 198
0
102 197
0
103 196
0
104 195
0
105 194
0
106 193
0
107 192
0
108 191
0
109 190
0
110 189
0
111 188
0
112 187
0
113 186
0
114 185
0
115 184
0
116 183
0
117 182
0
118 181
0
119 180
0
120 179
0
121 178
0
122 177
0
123 176
0
124 175
0
125 174
0
126 173
0
127 172
0
128 171
0
129 170
0
130 169
0
131 168
0
132 167
0
133 166
0
134 165
0
135 164
0
136 163
0
137 162
0
138 161
0
138 160
0
138 159
0
138 158
0
138 157
0
138 156
0
138 155
0
138 154
0
138 153
0
138 152
0
138 151
0
138 150
0
138 149
0
138 148
0
138 147
0
138 146
0
138 145
0
138 144
0
138 143
0
138 142
0
138 141
0
138 140
0
138 139
0
138 138
0
138 137
0
138 136
0
138 135
0
138 134
0
138 133
0
138 132
0
138 131
0
138 130
0
138 129
0
138 128
0
138 127
0
138 126
0
138 125
0
138 124
0
138 123
0
138 122
0
138 121
0
138 120
0
138 119
0
138 118
0
138 117
0
138 116
0
138 115
0
138 114
0
138 113
0
138 112
0
138 111
0
138 110
0
138 109
0
138 108
0
138 107
0
138 106
0
138 105
0
138 104
0
138 103
0
138 102
0
138 101
0
138 100
0
138 99
0
138 98
0
138 97
0
138 96
0
138 95
0
138 94
0
138 93
0
138 92
0
138 91
0
138 90
0
138 89
0
138 88
0
138 87
0
138 86
0
138 85
0
138 84
0
138 83
0
138 82
0
138 81
0
138 80
0
138 79
0
138 78
0
138 77
0
138 76
0
138 75
0
138 74
0
138 73
0
138 72
0
138 71
0
139 70
0
139 69
0
139 68
0
139 67
0
139 66
0
140 65
0
140 64
0
141 63
0
142 62
0
143 61
0
144 60
0
145 60
0
146 59
0
147 59
0
148 58
0
149 58
0
150 58
0
151 58
0
152 58
0
153 58
0
154 58
0
155 58
0
156 59
0
157 60
0
158 61
0
159 62
0
160 63
0
161 64
0
162 65
0
163 66
0
164 67
0
165 68
0
166 69
0
167 70
0
168 71
0
169 72
0
170 73
0
171 74
0
172 75
0
173 76
0
174 77
0
175 78
0
176 79
0
177 80
0
178 81
0
179 82
0
180 83
0
181 84
0
181 85
0
181 86
0
181 87
0
181 88
0
181 89
0
181 90
0
181 91
0
181 92
0
181 93
0
181 94
0
181 95
0
181 96
0
181 97
0
181 98
0
181 99
0
181 100
0
181 101
0
181 102
0
181 103
0
181 104
0
181 105
0
181 106
0
181 107
0
181 108
0
181 109
0
181 110
0
181 111
0
181 112
0
181 113
0
181 114
0
181 115
0
181 116
0
181 117
0
181 118
0
181 119
0
181 120
0
181 121
0
181 122
0
181 123
0
181 124
0
181 125
0
181 126
0
181 127
0
181 128
0
181 129
0
181 130
0
181 131
0
181 132
0
181 133
0
181 134
0
181 135
0
181 136
0
181 137
0
181 138
0
181 139
0
181 140
0
181 141
0
181 142
0
181 143
0
181 144
0
181 145
0
181 146
0
181 147
0
181 148
0
181 149
0
181 150
0
181 151
0
181 152
0
181 153
0
181 154
0
181 155
0
181 156
0
181 157
0
181 158
0
181 159
0
181 160
0
181 161
0
181 162
0
181 163
0
181 164
0
181 165
0
181 166
0
181 167
0
181 168
0
181 169
0
181 170
0
181 171
0
181 172
0
181 173
0
181 174
0
181 175
0
181 176
0
181 177
0
181 178
0
181 179
0
181 180
0
181 181
0
181 182
0
181 183
0
181 184
0
181 185
0
181 186
0
182 187
0
183 188
0
184 189
0
185 190
0
186 191
0
187 192
0
188 193
0
189 194
0
190 195
0
191 196
0
192 197
0
193 197
0
194 198
0
195 199
0
196 199
0
197 199
0
198 199
0
199 199
0
200 199
0
201 199
0
202 199
0
203 199
0
204 199
0
205 200
0
206 200
0
207 200
0
208 200
0
209 200
0
210 200
0
211 200
0
212 200
0
213 200
0
214 200
0
215 200
0
216 200
0
217 200
0
218 200
0
219 200
0
220 200
0
221 200
0
222 200
0
223 200
0
224 200
0
225 200
0
226 200
0
227 200
0
228 200
0
229 200
0
230 200
0
231 200
0
232 200
0
233 200
0
234 200
0
235 200
0
236 200
0
237 200
0
238 200
0
239 200
0
240 200
0
241 200
0
242 200
0
243 200
0
244 200
0
245 200
0
246 200
0
247 200
0
248 200
0
249 200
0
250 200
0
251 200
0
252 200
0
253 200
0
254 200
0
255 200
0
256 200
0
257 200
0
258 200
0
259 200
0
260 200
0
261 200
0
262 200
0
263 200
0
264 200
0
265 200
0
266 200
0
267 200
0
268 200
0
269 200
0
270 200
0
271 200
0
272 200
0
273 200
0
274 200
0
275 200
0
276 200
0
277 200
0
278 200
0
279 200
0
280 200
0
281 200
0
282 200
0
283 200
0
284 200
0
285 200
0
286 200
0
287 200
0
288 200
0
289 200
0
290 200
0
291 200
0
292 200
0
293 200
0
294 200
0
295 200
0
296 200
0
297 200
0
298 200
0
299 200
0
300 200
0
301 200
0
302 200
0
303 200
0
304 200
0
305 200
0
306 200
0
307 200
0
308 200
0
309 200
0
310 200
0
311 200
0
312 200
0
313 200
0
314 200
0
315 200
0
316 200
0
317 200
0
318 200
0
319 200
0
320 200
0
321 200
0
322 200
0
323 200
0
324 200
0
325 200
0
326 200
0
327 200
0
328 200
0
329 200
0
330 200
0
331 200
0
332 200
0
333 200
0
334 200
0
335 200
0
336 200
0
337 199
0
338 199
0
339 199
0
340 199
0
341 199
0
342 199
0
343 199
0
344 199
0
345 199
0
346 199
0
347 199
0
348 198
0
349 197
0
350 197
0
351 196
0
352 195
0
352 194
0
353 193
0
354 192
0
354 191
0
354 190
0
355 189
0
355 188
0
355 187
0
355 186
0
355 185
0
355 184
0
355 183
0
355 182
0
355 181
0
355 180
0
355 179
0
355 178
0
355 177
0
355 176
0
355 175
0
355 174
0
355 173
0
354 172
0
353 171
0
352 170
0
351 169
0
350 168
0
349 167
0
348 166
0
347 165
0
346 164
0
345 163
0
344 162
0
343 161
0
342 160
0
341 159
0
340 158
0
339 157
0
338 156
0
337 155
0
336 154
0
335 153
0
334 152
0
333 151
0
332 150
0
331 149
0
330 148
0
329 147
0
328 146
0
327 145
0
326 144
0
325 143
0
324 142
0
323 141
0
322 140
0
321 139
0
320 138
0
319 137
0
318 136
0
317 135
0
316 134
0
315 133
0
314 132
0
313 131
0
312 130
0
311 129
0
310 128
0
309 127
0
308 126
0
307 125
0
306 124
0
305 123
0
304 122
0
303 121
0
302 120
0
301 119
0
300 118
0
299 117
0
298 116
0
297 115
0
296 114
0
295 113
0
294 112
0
293 111
0
292 110
0
291 109
0
290 108
0
289 107
0
288 106
0
287 105
0
286 104
0
285 103
0
284 102
0
283 101
0
282 100
0
281 99
0
280 98
0
279 97
0
278 96
0
277 95
0
277 94
0
276 93
0
276 92
0
275 91
0
275 90
0
275 89
0
275 88
0
275 87
0
275 86
0
276 85
0
276 84
0
277 83
0
277 82
0
278 81
0
279 80
0
280 79
0
281 78
0
282 77
0
283 76
0
284 75
0
285 74
0
286 73
0
287 72
0
288 71
0
289 70
0
290 69
0
291 68
0
292 67
0
293 66
0
294 65
0
295 64
0
296 63
0
297 62
0
298 61
0
299 60
0
300 59
0
301 59
0
302 58
0
303 58
0
304 57
0
305 57
0
306 56
0
307 56
0
308 55
0
309 55
0
310 55
0
311 54
0
312 54
0
313 53
0
314 53
0
315 52
0
316 52
0
317 51
0
318 51
0
319 50
0
320 50
1
40 60 1.57075
1
40.1208 58.05 1.50885
1
40.1207 56.0962 1.44695
1
40.2416 58.0462 1.38504
1
40.483 59.985 1.32314
1
40.8438 61.9052 1.26124
1
41.3227 63.7993 1.19934
1
41.9179 65.6602 1.13744
1
42.6271 67.4807 1.07553
1
43.4475 69.2538 1.01363
1
42.519 67.5349 0.95173
1
41.4859 65.8766 0.889827
1
42.7158 67.3946 0.889827
1
44.0374 68.8336 0.95173
1
45.2673 70.3516 1.01363
1
46.4011 71.9427 1.07553
1
47.4342 73.601 1.13744
1
48.3627 75.32 1.19934
1
49.1831 77.0931 1.26124
1
49.8923 78.9136 1.32314
1
50.4875 80.7745 1.38504
1
50.9664 82.6687 1.44695
1
51.3272 84.5888 1.50885
1
51.5686 86.5276 1.57075
1
51.6895 88.4776 1.63265
1
51.6896 90.4314 1.69455
1
51.5689 92.3814 1.75646
1
51.3277 94.3202 1.81836
1
50.967 96.2403 1.88026
1
50.4883 98.1345 1.94216
1
49.8933 99.9955 2.00406
1
49.1843 101.816 2.06597
1
48.364 103.589 2.12787
1
47.4356 105.308 2.18977
1
46.2058 106.826 2.12787
1
45.0722 108.418 2.06597
1
44.0393 110.076 2.00406
1
43.1109 111.795 1.94216
1
42.2906 113.568 1.88026
1
41.5816 115.389 1.81836
1
40.9866 117.25 1.75646
1
40.5079 119.144 1.69455
1
40.3871 121.094 1.75646
1
40.1459 123.033 1.81836
1
39.7853 124.953 1.88026
1
39.3065 126.847 1.94216
1
38.7115 128.708 2.00406
1
38.0025 130.529 2.06597
1
36.9696 132.187 2.00406
1
36.0412 133.906 1.94216
1
35.2209 135.679 1.88026
1
34.5119 137.5 1.81836
1
33.9169 139.361 1.75646
1
33.4382 141.255 1.69455
1
33.0775 143.175 1.63265
1
32.8363 145.114 1.57075
1
32.9573 147.064 1.63265
1
32.9574 149.018 1.69455
1
32.8366 150.968 1.75646
1
32.5954 152.907 1.81836
1
32.2348 154.827 1.88026
1
31.6398 156.688 1.88026
1
31.0448 158.549 1.88026
1
30.4498 160.41 1.88026
1
29.8547 162.271 1.88026
1
29.2597 164.132 1.88026
1
28.6647 165.993 1.88026
1
28.0697 167.854 1.88026
1
27.3607 169.674 1.81836
1
26.7657 171.535 1.75646
1
26.287 173.429 1.69455
1
25.9263 175.349 1.63265
1
25.6851 177.288 1.57075
1
25.5644 179.238 1.50885
1
25.5644 181.192 1.44695
1
25.6854 183.142 1.38504
1
25.9268 185.081 1.32314
1
26.2876 187.001 1.26124
1
26.7665 188.895 1.19934
1
27.3617 190.756 1.13744
1
28.0709 192.576 1.07553
1
28.8913 194.35 1.01363
1
29.8198 196.069 0.95173
1
30.8529 197.727 0.889827
1
31.9866 199.318 0.827925
1
33.2166 200.836 0.766023
1
34.5381 202.275 0.704121
1
35.9462 203.629 0.642219
1
37.4353 204.894 0.580317
1
38.9998 206.064 0.518415
1
40.6337 207.136 0.456513
1
42.3307 208.104 0.394611
1
44.0844 208.965 0.332709
1
45.888 209.716 0.270807
1
47.7705 210.239 0.270807
1
49.6531 210.761 0.270807
1
51.5356 211.284 0.270807
1
53.4182 211.807 0.270807
1
55.3007 212.329 0.270807
1
57.1833 212.852 0.270807
1
59.0658 213.375 0.270807
1
60.9483 213.897 0.270807
1
62.8309 214.42 0.270807
1
64.7134 214.943 0.270807
1
66.596 215.465 0.270807
1
68.4426 216.103 0.208905
1
70.3251 216.626 0.147003
1
72.2364 217.031 0.0851007
1
74.1691 217.317 0.0231986
1
76.1158 217.483 6.24448
1
78.069 217.529 6.18258
1
80.0213 217.453 6.12068
1
81.9652 217.257 6.05878
1
83.8932 216.941 5.99687
1
85.7979 216.506 5.93497
1
87.6722 215.954 5.87307
1
89.5086 215.288 5.81117
1
91.3004 214.509 5.74927
1
93.0405 213.62 5.68736
1
94.7223 212.626 5.62546
1
96.3394 211.53 5.56356
1
97.8856 210.335 5.50166
1
99.2724 208.959 5.50166
1
100.742 207.671 5.43976
1
102.129 206.295 5.37785
1
103.428 204.836 5.31595
1
104.634 203.299 5.25405
1
105.743 201.69 5.19215
1
106.645 199.957 5.19215
1
107.546 198.224 5.19215
1
108.448 196.491 5.19215
1
109.35 194.758 5.19215
1
110.143 192.972 5.25405
1
111.045 191.239 5.31595
1
112.153 189.63 5.31595
1
113.161 187.956 5.37785
1
114.46 186.497 5.31595
1
115.666 184.96 5.25405
1
116.775 183.351 5.19215
1
117.782 181.677 5.13025
1
118.684 179.944 5.06834
1
119.477 178.159 5.00644
1
120.158 176.327 4.94454
1
120.724 174.457 4.88264
1
121.174 172.556 4.82073
1
121.505 170.631 4.75883
1
121.716 168.688 4.69693
1
121.807 166.737 4.63503
1
121.776 164.783 4.57313
1
121.625 162.835 4.51122
1
121.354 160.9 4.44932
1
120.964 158.986 4.38742
1
120.456 157.099 4.32552
1
119.832 155.248 4.26362
1
119.095 153.439 4.20171
1
118.247 151.678 4.13981
1
117.292 149.974 4.07791
1
116.234 148.332 4.01601
1
115.076 146.758 3.95411
1
113.647 145.426 4.01601
1
112.303 144.007 4.07791
1
111.05 142.508 4.13981
1
109.892 140.935 4.20171
1
108.833 139.293 4.26362
1
107.878 137.588 4.32552
1
107.031 135.828 4.38742
1
106.294 134.018 4.44932
1
105.67 132.167 4.51122
1
105.162 130.28 4.57313
1
105.011 128.333 4.51122
1
104.74 126.398 4.44932
1
104.349 124.483 4.38742
1
103.841 122.597 4.32552
1
102.994 120.837 4.38742
1
102.256 119.027 4.44932
1
101.633 117.176 4.51122
1
101.125 115.289 4.57313
1
100.734 113.375 4.63503
1
100.704 111.421 4.57313
1
100.553 109.473 4.51122
1
100.163 107.559 4.51122
1
99.7722 105.645 4.51122
1
99.2642 103.758 4.57313
1
98.8738 101.844 4.63503
1
98.6026 99.9089 4.69693
1
98.4516 97.961 4.75883
1
98.4214 96.0075 4.82073
1
98.5121 94.0559 4.88264
1
98.7234 92.1136 4.94454
1
99.0544 90.1881 5.00644
1
99.5039 88.2867 5.06834
1
100.07 86.4168 5.13025
1
100.751 84.5856 5.19215
1
101.544 82.7999 5.25405
1
102.446 81.0667 5.31595
1
103.453 79.3926 5.37785
1
104.562 77.7841 5.43976
1
105.768 76.2472 5.50166
1
107.067 74.7879 5.56356
1
108.454 73.4117 5.62546
1
110 72.2174 5.62546
1
111.469 70.9297 5.68736
1
113.016 69.7353 5.74927
1
114.633 68.6389 5.81117
1
116.315 67.6446 5.87307
1
118.055 66.7563 5.93497
1
119.846 65.9773 5.99687
1
121.683 65.3106 6.05878
1
123.611 64.9945 5.99687
1
125.516 64.5597 5.93497
1
127.352 63.8931 5.93497
1
129.189 63.2264 5.93497
1
130.98 62.4474 5.99687
1
132.817 61.7808 6.05878
1
134.722 61.346 6.05878
1
136.626 60.9112 6.05878
1
138.531 60.4765 6.05878
1
140.405 59.9247 6.12068
1
142.31 59.4899 6.18258
1
144.238 59.1738 6.24448
1
146.182 58.9776 0.0231988
1
148.134 58.902 0.0851008
1
150.081 59.0681 0.0851008
1
152.028 59.2341 0.0851008
1
153.981 59.2795 0.147003
1
155.928 59.4455 0.208905
1
157.86 59.7317 0.270807
1
159.772 60.1369 0.332709
1
161.654 60.6595 0.394611
1
163.501 61.2976 0.456513
1
165.304 62.0488 0.518415
1
167.058 62.91 0.580317
1
168.755 63.8781 0.642219
1
170.389 64.9493 0.704121
1
171.953 66.1196 0.766024
1
173.442 67.3844 0.827926
1
174.851 68.7388 0.889828
1
176.172 70.1778 0.95173
1
177.402 71.6958 1.01363
1
178.536 73.287 1.07553
1
179.569 74.9453 1.13744
1
180.497 76.6643 1.19934
1
181.318 78.4374 1.26124
1
182.027 80.2579 1.32314
1
182.622 82.1188 1.38504
1
183.101 84.0129 1.44695
1
183.462 85.9331 1.50885
1
183.703 87.8719 1.57075
1
183.824 89.8219 1.63265
1
183.583 91.7607 1.57075
1
183.462 93.7107 1.50885
1
183.462 95.6644 1.44695
1
183.823 97.5846 1.50885
1
184.065 99.5234 1.57075
1
184.186 101.473 1.63265
1
184.186 103.427 1.69455
1
184.065 105.377 1.75646
1
183.586 107.271 1.69455
1
183.225 109.191 1.63265
1
183.105 111.141 1.63265
1
182.984 113.092 1.63265
1
182.863 115.042 1.63265
1
182.742 116.992 1.63265
1
182.622 118.942 1.63265
1
182.501 120.892 1.63265
1
182.38 122.842 1.63265
1
182.259 124.792 1.63265
1
182.018 126.73 1.57075
1
182.018 128.684 1.57075
1
182.018 130.638 1.57075
1
182.018 132.592 1.57075
1
182.018 134.545 1.57075
1
182.019 136.499 1.57075
1
182.019 138.453 1.57075
1
182.019 140.407 1.57075
1
182.019 142.36 1.57075
1
182.019 144.314 1.57075
1
182.019 146.268 1.57075
1
182.019 148.222 1.57075
1
182.019 150.175 1.57075
1
182.019 152.129 1.57075
1
182.019 154.083 1.57075
1
182.019 156.037 1.57075
1
182.02 157.99 1.57075
1
182.02 159.944 1.57075
1
182.02 161.898 1.57075
1
182.02 163.852 1.57075
1
182.02 165.805 1.57075
1
181.899 167.755 1.50885
1
181.899 169.709 1.44695
1
182.02 171.659 1.38504
1
182.262 173.598 1.32314
1
182.622 175.518 1.26124
1
183.218 177.379 1.26124
1
183.813 179.24 1.26124
1
184.408 181.101 1.26124
1
185.003 182.962 1.26124
1
185.482 184.856 1.19934
1
186.077 186.717 1.13744
1
186.898 188.49 1.13744
1
187.718 190.263 1.13744
1
188.427 192.083 1.07553
1
189.248 193.857 1.01363
1
190.176 195.576 0.95173
1
191.209 197.234 0.889828
1
192.343 198.825 0.827926
1
193.573 200.343 0.766024
1
194.895 201.782 0.704121
1
196.303 203.136 0.642219
1
197.792 204.401 0.580317
1
199.356 205.572 0.518415
1
200.99 206.643 0.456513
1
202.687 207.611 0.394611
1
204.441 208.472 0.332709
1
206.244 209.223 0.270807
1
208.091 209.861 0.208905
1
209.973 210.384 0.147003
1
211.885 210.789 0.0851008
1
213.817 211.075 0.0231987
1
215.764 211.241 6.24448
1
217.717 211.287 6.18258
1
219.645 210.971 6.24448
1
221.589 210.774 0.0231988
1
223.542 210.699 0.0851008
1
225.495 210.744 0.147003
1
227.441 210.91 0.208905
1
229.374 211.196 0.270807
1
231.285 211.602 0.332709
1
233.168 212.124 0.394611
1
234.971 212.875 0.394611
1
236.775 213.626 0.394611
1
238.579 214.377 0.394611
1
240.382 215.129 0.394611
1
242.186 215.88 0.394611
1
243.99 216.631 0.394611
1
245.793 217.382 0.394611
1
247.597 218.133 0.394611
1
249.4 218.884 0.394611
1
251.204 219.635 0.394611
1
253.008 220.386 0.394611
1
254.811 221.138 0.394611
1
256.615 221.889 0.394611
1
258.418 222.64 0.394611
1
260.222 223.391 0.394611
1
262.026 224.142 0.394611
1
263.829 224.893 0.394611
1
265.633 225.644 0.394611
1
267.436 226.395 0.394611
1
269.24 227.146 0.394611
1
271.043 227.898 0.394611
1
272.847 228.649 0.394611
1
274.651 229.4 0.394611
1
276.454 230.151 0.394611
1
278.258 230.902 0.394611
1
280.061 231.653 0.394611
1
281.865 232.404 0.394611
1
283.669 233.155 0.394611
1
285.472 233.906 0.394611
1
287.276 234.658 0.394611
1
289.029 235.519 0.332709
1
290.833 236.27 0.270807
1
292.68 236.908 0.208905
1
294.562 237.431 0.147003
1
296.473 237.836 0.0851008
1
298.406 238.122 0.0231988
1
300.353 238.288 6.24448
1
302.297 238.092 0.0231988
1
304.249 238.016 0.0851008
1
306.202 238.062 0.147003
1
308.149 238.228 0.208905
1
310.032 238.75 0.147003
1
311.943 239.155 0.0851008
1
313.875 239.442 0.0231988
1
315.822 239.608 6.24448
1
317.775 239.653 6.18258
1
319.728 239.577 6.12068
1
321.672 239.381 6.05878
1
323.6 239.065 5.99687
1
325.504 238.63 5.93497
1
327.379 238.079 5.87307
1
329.215 237.412 5.81117
1
331.007 236.633 5.74927
1
332.747 235.745 5.68736
1
334.429 234.75 5.62546
1
336.046 233.654 5.56356
1
337.592 232.46 5.50166
1
339.061 231.172 5.43976
1
340.448 229.796 5.37785
1
341.747 228.336 5.31595
1
342.953 226.799 5.25405
1
344.062 225.191 5.19215
1
345.07 223.517 5.13025
1
345.971 221.784 5.06834
1
346.764 219.998 5.00644
1
347.331 218.128 5.00644
1
347.897 216.258 5.00644
1
348.463 214.388 5.00644
1
349.029 212.518 5.00644
1
349.596 210.649 5.00644
1
350.162 208.779 5.00644
1
350.728 206.909 5.00644
1
351.294 205.039 5.00644
1
351.861 203.169 5.00644
1
352.427 201.299 5.00644
1
353.108 199.468 4.94454
1
353.674 197.598 4.88264
1
353.885 195.656 4.94454
1
354.216 193.73 5.00644
1
354.897 191.899 4.94454
1
355.463 190.029 4.88264
1
355.913 188.128 4.82073
1
356.244 186.202 4.75883
1
356.455 184.26 4.69693
1
356.546 182.308 4.63503
1
356.516 180.355 4.57313
1
356.365 178.407 4.51122
1
356.093 176.472 4.44932
1
355.703 174.558 4.38742
1
355.195 172.671 4.32552
1
354.571 170.82 4.26362
1
353.834 169.01 4.20171
1
352.879 167.306 4.20171
1
352.031 165.545 4.13981
1
351.077 163.841 4.07791
1
350.018 162.199 4.01601
1
348.86 160.625 3.95411
1
347.607 159.126 3.8922
1
346.263 157.708 3.8303
1
344.834 156.375 3.7684
1
343.326 155.134 3.7065
1
341.744 153.988 3.6446
1
340.093 152.942 3.58269
1
338.382 152 3.52079
1
336.525 151.39 3.58269
1
334.71 150.667 3.6446
1
332.944 149.833 3.7065
1
331.294 148.787 3.7065
1
329.711 147.641 3.6446
1
327.999 146.699 3.6446
1
326.288 145.757 3.6446
1
324.576 144.816 3.6446
1
322.864 143.874 3.6446
1
321.152 142.932 3.6446
1
319.441 141.99 3.6446
1
317.729 141.048 3.6446
1
316.017 140.107 3.6446
1
314.305 139.165 3.6446
1
312.594 138.223 3.6446
1
310.882 137.281 3.6446
1
309.17 136.339 3.6446
1
307.403 135.505 3.7065
1
305.692 134.563 3.7684
1
304.041 133.517 3.8303
1
302.459 132.371 3.8922
1
300.951 131.13 3.95411
1
299.697 129.631 3.8922
1
298.354 128.212 3.8303
1
296.771 127.066 3.8922
1
295.263 125.825 3.95411
1
293.834 124.492 4.01601
1
292.491 123.074 4.07791
1
291.238 121.575 4.13981
1
290.079 120.001 4.20171
1
289.021 118.359 4.26362
1
288.173 116.599 4.26362
1
289.021 118.359 4.26362
1
289.869 120.119 4.26362
1
290.716 121.88 4.26362
1
291.564 123.64 4.26362
1
292.411 125.4 4.26362
1
293.259 127.161 4.26362
1
293.996 128.97 4.20171
1
294.844 130.73 4.13981
1
295.799 132.435 4.07791
1
296.857 134.077 4.01601
1
295.699 132.503 3.95411
1
294.446 131.005 3.8922
1
292.938 129.763 3.95411
1
291.509 128.43 4.01601
1
290.165 127.012 4.07791
1
288.912 125.513 4.13981
1
287.754 123.939 4.20171
1
286.695 122.297 4.26362
1
285.741 120.593 4.32552
1
284.893 118.832 4.38742
1
284.269 116.981 4.38742
1
283.645 115.129 4.38742
1
283.022 113.278 4.38742
1
282.514 111.391 4.32552
1
281.776 109.582 4.32552
1
280.929 107.822 4.38742
1
280.305 105.97 4.38742
1
279.681 104.119 4.38742
1
278.944 102.309 4.44932
1
278.436 100.423 4.44932
1
277.928 98.5364 4.44932
1
277.42 96.6498 4.44932
1
276.796 94.7983 4.51122
1
276.288 92.9118 4.57313
1
275.898 90.9975 4.63503
1
275.626 89.0626 4.69693
1
275.475 87.1147 4.75883
1
275.445 85.1612 4.82073
1
275.536 83.2095 4.88264
1
275.747 81.2673 4.94454
1
276.078 79.3418 5.00644
1
276.528 77.4404 5.06834
1
277.094 75.5705 5.13025
1
277.775 73.7393 5.19215
1
278.568 71.9536 5.25405
1
279.47 70.2204 5.31595
1
280.477 68.5463 5.37785
1
281.586 66.9378 5.43976
1
282.792 65.4009 5.50166
1
284.091 63.9416 5.56356
1
285.478 62.5654 5.62546
1
286.947 61.2777 5.68736
1
288.493 60.0833 5.74927
1
290.11 58.9869 5.81117
1
291.792 57.9926 5.87307
1
293.532 57.1043 5.93497
1
295.324 56.3253 5.99687
1
297.161 55.6586 6.05878
1
299.089 55.3425 5.99687
1
300.993 54.9078 5.93497
1
302.868 54.356 5.87307
1
304.704 53.6893 5.81117
1
306.386 52.6951 5.87307
1
308.126 51.8067 5.93497
1
309.918 51.0277 5.99687
1
311.754 50.3611 6.05878
1
313.629 49.8093 6.12068
1
315.533 49.3745 6.18258
1
317.461 49.0584 6.24448
2
40.0007 74.155
0 0 0.70709 0.707123
3
49.2117 97.0996
30.7917 97.1004
30.7896 51.2104
49.2096 51.2096
2
40.9971 72.1778
0 0 0.684869 0.728666
3
51.6099 94.5086
33.2253 95.649
30.3843 49.847
48.7689 48.7067
2
41.8693 70.1428
0 0 0.661992 0.749511
3
53.8432 91.7743
35.5643 94.0498
29.8954 48.5113
48.1743 46.2358
2
42.8559 71.9577
0 0 0.63848 0.769638
3
56.1451 92.8071
38.0419 96.209
29.5667 51.1084
47.6698 47.7065
2
43.9528 73.7082
0 0 0.614357 0.789028
3
58.5063 93.6955
40.6483 98.2108
29.3993 53.7209
47.2573 49.2056
2
45.1559 75.3874
0 0 0.589646 0.807662
3
60.9181 94.4361
43.3736 100.047
29.3938 56.3387
46.9383 50.7273
2
46.4607 76.9889
0 0 0.564369 0.825523
3
63.371 95.026
46.2072 101.712
29.5503 58.9518
46.7141 52.2658
2
47.8619 78.5067
0 0 0.538552 0.842592
3
65.8557 95.4632
49.1385 103.198
29.8682 61.5502
46.5854 53.8153
2
49.3544 79.9349
0 0 0.512219 0.858855
3
68.3627 95.7457
52.156 104.5
30.3462 64.124
46.5529 55.3697
2
50.9324 81.268
0 0 0.485396 0.874295
3
70.8824 95.8727
55.2483 105.613
30.9825 66.6633
46.6166 56.9232
2
50.7328 79.063
0 0 0.458107 0.888897
3
71.548 92.4055
56.5464 103.094
29.9175 65.7204
44.9192 55.0318
2
50.3971 76.8745
0 0 0.43038 0.902648
3
71.9979 88.9038
57.6862 100.5
28.7963 64.8452
43.108 53.249
2
51.6271 78.3925
0 0 0.43038 0.902648
3
73.2278 90.4218
58.9162 102.018
30.0263 66.3632
44.338 54.767
2
52.2512 80.3617
0 0 0.458107 0.888897
3
73.0664 93.7042
58.0648 104.393
31.4359 67.0192
46.4376 56.3305
2
52.7523 82.3657
0 0 0.485396 0.874295
3
72.7022 96.9704
57.0681 106.711
32.8023 67.7611
48.4364 58.0209
2
53.1284 84.3969
0 0 0.512219 0.858855
3
72.1367 100.208
55.9299 108.962
34.1201 68.5861
50.3269 59.8317
2
53.3782 86.4475
0 0 0.538552 0.842592
3
71.3719 103.404
54.6547 111.139
35.3844 69.491
52.1017 61.7561
2
53.5006 88.5096
0 0 0.564369 0.825523
3
70.4109 106.547
53.2472 113.233
36.5903 70.4725
53.754 63.7865
2
53.4953 90.5753
0 0 0.589646 0.807662
3
69.2574 109.624
51.7129 115.235
37.7331 71.5266
55.2776 65.9152
2
53.3621 92.6368
0 0 0.614357 0.789028
3
67.9157 112.624
50.0576 117.139
38.8086 72.6495
56.6666 68.1342
2
53.1017 94.686
0 0 0.63848 0.769638
3
66.3909 115.535
48.2878 118.937
39.8125 73.8367
57.9157 70.4348
2
52.715 96.7152
0 0 0.661992 0.749511
3
64.689 118.347
46.4101 120.622
40.7411 75.0837
59.02 72.8083
2
52.2036 98.7167
0 0 0.684869 0.728666
3
62.8164 121.047
44.4317 122.188
41.5907 76.3859
59.9754 75.2455
2
51.5692 100.683
0 0 0.70709 0.707123
3
60.7803 123.627
42.3603 123.628
42.3582 77.738
60.7782 77.7372
2
50.8145 102.606
0 0 0.728634 0.684903
3
58.5886 126.076
40.2038 124.937
43.0405 79.1351
61.4253 80.2737
2
49.9423 104.478
0 0 0.749481 0.662026
3
56.2495 128.385
37.9704 126.111
43.6351 80.5717
61.9143 82.8455
2
48.9559 106.293
0 0 0.769609 0.638516
3
53.7721 130.544
35.6687 127.144
44.1397 82.0423
62.2432 85.4425
2
47.8591 108.044
0 0 0.789 0.614394
3
51.1659 132.546
33.3075 128.032
44.5524 83.5413
62.4108 88.055
2
46.6562 109.723
0 0 0.807635 0.589683
3
48.4408 134.383
30.8958 128.773
44.8715 85.063
62.4165 90.6728
2
45.3516 111.325
0 0 0.825496 0.564407
3
45.6073 136.048
28.4429 129.363
45.0959 86.6015
62.2603 93.2859
2
43.9505 112.843
0 0 0.842567 0.538591
3
42.6762 137.534
25.9583 129.801
45.2247 88.151
61.9426 95.8844
2
42.4581 114.271
0 0 0.858831 0.512259
3
39.6588 138.836
23.4513 130.083
45.2574 89.7054
61.4649 98.4582
2
40.8802 115.604
0 0 0.874272 0.485436
3
36.5666 139.949
20.9316 130.211
45.1938 91.2589
60.8288 100.998
2
39.2229 116.837
0 0 0.888876 0.458148
3
33.4115 140.869
18.4089 130.182
45.0343 92.8055
60.0369 103.493
2
38.722 118.841
0 0 0.874272 0.485436
3
34.4084 143.187
18.7734 133.448
43.0356 94.4961
58.6706 104.235
2
38.346 120.873
0 0 0.858831 0.512259
3
35.5468 145.438
19.3392 136.685
41.1453 96.3071
57.3528 105.06
2
38.0965 122.923
0 0 0.842567 0.538591
3
36.8222 147.615
20.1043 139.881
39.3707 98.2316
56.0886 105.965
2
37.9742 124.985
0 0 0.825496 0.564407
3
38.2299 149.708
21.0655 143.024
37.7185 100.262
54.8829 106.947
2
37.9798 127.051
0 0 0.807635 0.589683
3
39.7644 151.711
22.2194 146.101
36.1951 102.391
53.7401 108.001
2
38.1131 129.112
0 0 0.789 0.614394
3
41.4198 153.615
23.5614 149.101
34.8063 104.61
52.6648 109.124
2
38.3737 131.162
0 0 0.769609 0.638516
3
43.1899 155.412
25.0864 152.012
33.5575 106.911
51.6609 110.311
2
38.7606 133.191
0 0 0.749481 0.662026
3
45.0677 157.097
26.7886 154.823
32.4534 109.284
50.7325 111.558
2
37.7742 135.006
0 0 0.769609 0.638516
3
42.5904 159.257
24.4869 155.856
32.958 110.755
51.0614 114.155
2
36.6774 136.756
0 0 0.789 0.614394
3
39.9841 161.259
22.1257 156.745
33.3706 112.254
51.229 116.768
2
35.4744 138.436
0 0 0.807635 0.589683
3
37.259 163.096
19.714 157.486
33.6898 113.776
51.2347 119.385
2
34.1698 140.037
0 0 0.825496 0.564407
3
34.4255 164.76
17.2612 158.076
33.9141 115.314
51.0785 121.999
2
32.7687 141.555
0 0 0.842567 0.538591
3
31.4945 166.247
14.7765 158.513
34.0429 116.864
50.7609 124.597
2
31.2763 142.984
0 0 0.858831 0.512259
3
28.4771 167.549
12.2695 158.796
34.0756 118.418
50.2831 127.171
2
31.0267 145.034
0 0 0.842567 0.538591
3
29.7525 169.726
13.0346 161.992
32.301 120.343
49.0189 128.076
2
30.9045 147.096
0 0 0.825496 0.564407
3
31.1602 171.819
13.9958 165.135
30.6488 122.373
47.8131 129.058
2
30.91 149.162
0 0 0.807635 0.589683
3
32.6947 173.822
15.1497 168.212
29.1254 124.502
46.6704 130.112
2
31.0434 151.223
0 0 0.789 0.614394
3
34.3501 175.726
16.4917 171.212
27.7366 126.721
45.595 131.235
2
31.304 153.273
0 0 0.769609 0.638516
3
36.1202 177.523
18.0167 174.123
26.4878 129.022
44.5912 132.422
2
31.6908 155.302
0 0 0.749481 0.662026
3
37.998 179.208
19.7189 176.934
25.3837 131.395
43.6628 133.669
2
32.2025 157.303
0 0 0.728634 0.684903
3
39.9765 180.774
21.5917 179.635
24.4285 133.833
42.8133 134.971
2
32.837 159.269
0 0 0.70709 0.707123
3
42.0481 182.214
23.6281 182.215
23.6259 136.325
42.0459 136.324
2
32.0823 161.192
0 0 0.728634 0.684903
3
39.8563 184.662
21.4715 183.524
24.3083 137.722
42.693 138.86
2
31.2101 163.065
0 0 0.749481 0.662026
3
37.5172 186.971
19.2381 184.697
24.9029 139.158
43.182 141.432
2
30.2237 164.88
0 0 0.769609 0.638516
3
35.0399 189.13
16.9364 185.73
25.4075 140.629
43.5109 144.029
2
29.1269 166.63
0 0 0.789 0.614394
3
32.4336 191.132
14.5752 186.619
25.8201 142.128
43.6786 146.642
2
27.9239 168.309
0 0 0.807635 0.589683
3
29.7086 192.969
12.1636 187.36
26.1393 143.65
43.6843 149.259
2
27.3289 170.17
0 0 0.807635 0.589683
3
29.1135 194.83
11.5685 189.221
25.5443 145.51
43.0893 151.12
2
26.7339 172.031
0 0 0.807635 0.589683
3
28.5185 196.691
10.9735 191.082
24.9492 147.371
42.4942 152.981
2
26.1389 173.892
0 0 0.807635 0.589683
3
27.9235 198.552
10.3785 192.942
24.3542 149.232
41.8992 154.842
2
25.5439 175.753
0 0 0.807635 0.589683
3
27.3285 200.413
9.78351 194.803
23.7592 151.093
41.3042 156.703
2
24.9489 177.614
0 0 0.807635 0.589683
3
26.7335 202.274
9.1885 196.664
23.1642 152.954
40.7092 158.564
2
24.3538 179.475
0 0 0.807635 0.589683
3
26.1385 204.135
8.59349 198.525
22.5692 154.815
40.1142 160.425
2
23.7588 181.336
0 0 0.807635 0.589683
3
25.5435 205.996
7.99848 200.386
21.9742 156.676
39.5192 162.286
2
23.8922 183.398
0 0 0.789 0.614394
3
27.1989 207.9
9.34049 203.386
20.5854 158.895
38.4438 163.409
2
24.1528 185.447
0 0 0.769609 0.638516
3
28.969 209.698
10.8655 206.297
19.3366 161.196
37.44 164.596
2
24.5396 187.476
0 0 0.749481 0.662026
3
30.8468 211.382
12.5677 209.109
18.2325 163.57
36.5116 165.843
2
25.0513 189.477
0 0 0.728634 0.684903
3
32.8253 212.948
14.4405 211.809
17.2773 166.007
35.6621 167.146
2
25.6858 191.443
0 0 0.70709 0.707123
3
34.8968 214.388
16.4768 214.389
16.4747 168.499
34.8947 168.498
2
26.4407 193.366
0 0 0.684869 0.728666
3
37.0535 215.697
18.6688 216.837
15.8278 171.035
34.2125 169.895
2
27.3131 195.239
0 0 0.661992 0.749511
3
39.287 216.87
21.0081 219.146
15.3391 173.607
33.618 171.332
2
28.2996 197.053
0 0 0.63848 0.769638
3
41.5888 217.903
23.4857 221.305
15.0104 176.204
33.1136 172.802
2
29.3966 198.804
0 0 0.614357 0.789028
3
43.9501 218.791
26.0921 223.306
14.8431 178.817
32.7011 174.301
2
30.5997 200.483
0 0 0.589646 0.807662
3
46.3618 219.532
28.8174 225.143
14.8376 181.434
32.3821 175.823
2
31.9044 202.085
0 0 0.564369 0.825523
3
48.8147 220.122
31.651 226.808
14.9941 184.047
32.1578 177.361
2
33.3057 203.602
0 0 0.538552 0.842592
3
51.2995 220.559
34.5822 228.294
15.3119 186.646
32.0292 178.911
2
34.7982 205.031
0 0 0.512219 0.858855
3
53.8065 220.841
37.5997 229.596
15.7899 189.22
31.9967 180.465
2
36.3762 206.364
0 0 0.485396 0.874295
3
56.3261 220.968
40.692 230.709
16.4262 191.759
32.0603 182.019
2
38.0336 207.597
0 0 0.458107 0.888897
3
58.8488 220.939
43.8472 231.628
17.2184 194.254
32.22 183.565
2
39.7642 208.725
0 0 0.43038 0.902648
3
61.3649 220.754
47.0533 232.35
18.1634 196.695
32.475 185.099
2
41.5612 209.744
0 0 0.40224 0.915534
3
63.8647 220.414
50.2978 232.873
19.2576 199.074
32.8245 186.614
2
43.4177 210.649
0 0 0.373716 0.927543
3
66.3387 219.919
53.5685 233.194
20.4968 201.379
33.267 188.105
2
45.3268 211.438
0 0 0.344833 0.938664
3
68.7773 219.272
56.8528 233.312
21.8763 203.604
33.8008 189.565
2
47.281 212.108
0 0 0.31562 0.948886
3
71.1712 218.476
60.1381 233.226
23.3909 205.74
34.424 190.989
2
49.2729 212.655
0 0 0.286104 0.958199
3
73.5113 217.534
63.4118 232.938
25.0345 207.777
35.134 192.373
2
51.2949 213.078
0 0 0.256315 0.966593
3
75.7886 216.448
66.6614 232.448
26.8011 209.709
35.9283 193.709
2
53.3391 213.376
0 0 0.22628 0.974062
3
77.9944 215.223
69.8745 231.757
28.6838 211.528
36.8038 194.994
2
55.3978 213.546
0 0 0.196028 0.980598
3
80.1202 213.865
73.0387 230.869
30.6755 213.227
37.757 196.222
2
57.4631 213.588
0 0 0.165588 0.986195
3
82.1579 212.377
76.1418 229.787
32.7684 214.799
38.7844 197.389
2
59.5271 213.503
0 0 0.13499 0.990847
3
84.0996 210.766
79.1721 228.515
34.9546 216.239
39.8821 198.49
2
61.4097 214.025
0 0 0.13499 0.990847
3
85.9822 211.289
81.0547 229.038
36.8371 216.762
41.7646 199.013
2
63.2922 214.548
0 0 0.13499 0.990847
3
87.8647 211.812
82.9372 229.56
38.7197 217.284
43.6472 199.536
2
65.1747 215.071
0 0 0.13499 0.990847
3
89.7473 212.334
84.8198 230.083
40.6022 217.807
45.5297 200.058
2
67.0573 215.593
0 0 0.13499 0.990847
3
91.6298 212.857
86.7023 230.606
42.4848 218.33
47.4123 200.581
2
68.9398 216.116
0 0 0.13499 0.990847
3
93.5124 213.38
88.5849 231.128
44.3673 218.852
49.2948 201.104
2
70.8224 216.639
0 0 0.13499 0.990847
3
95.3949 213.902
90.4674 231.651
46.2498 219.375
51.1774 201.626
2
72.7049 217.161
0 0 0.13499 0.990847
3
97.2775 214.425
92.3499 232.174
48.1324 219.898
53.0599 202.149
2
74.5875 217.684
0 0 0.13499 0.990847
3
99.16 214.948
94.2325 232.696
50.0149 220.42
54.9425 202.672
2
76.47 218.207
0 0 0.13499 0.990847
3
101.043 215.47
96.115 233.219
51.8975 220.943
56.825 203.194
2
78.3526 218.729
0 0 0.13499 0.990847
3
102.925 215.993
97.9976 233.742
53.78 221.466
58.7075 203.717
2
80.2351 219.252
0 0 0.13499 0.990847
3
104.808 216.515
99.8801 234.264
55.6626 221.988
60.5901 204.239
2
82.2898 219.039
0 0 0.104263 0.99455
3
106.646 214.788
102.826 232.807
57.9337 223.29
61.7538 205.271
2
84.3275 218.699
0 0 0.0734352 0.9973
3
108.374 212.949
105.676 231.171
60.2809 224.449
62.979 206.228
2
86.3402 218.234
0 0 0.0425375 0.999095
3
109.985 211.008
108.419 229.361
62.6954 225.461
64.2611 207.107
2
88.3203 217.646
0 0 0.011599 0.999933
3
111.473 208.97
111.045 227.385
65.1678 226.321
65.5951 207.906
2
90.2602 216.936
0 0 0.0193504 -0.999813
3
112.832 206.845
113.544 225.251
67.6887 227.027
66.976 208.62
2
92.1524 216.107
0 0 0.0502814 -0.998735
3
114.056 204.639
115.906 222.966
70.2485 227.575
68.3984 209.248
2
93.9898 215.163
0 0 0.0811643 -0.996701
3
115.142 202.362
118.123 220.539
72.8372 227.964
69.857 209.787
2
95.7652 214.107
0 0 0.111969 -0.993712
3
116.085 200.022
120.184 217.98
75.4451 228.192
71.3461 210.234
2
97.472 212.943
0 0 0.142667 -0.989771
3
116.882 197.628
122.084 215.298
78.062 228.258
72.8599 210.588
2
99.1034 211.676
0 0 0.173228 -0.984882
3
117.529 195.19
123.814 212.504
80.6781 228.163
74.3929 210.848
2
100.653 210.31
0 0 0.203624 -0.979049
3
118.023 192.716
125.368 209.608
83.2832 227.905
75.9389 211.013
2
102.116 208.852
0 0 0.233824 -0.972279
3
118.364 190.216
126.74 206.622
85.8674 227.487
77.4922 211.081
2
103.485 207.305
0 0 0.2638 -0.964577
3
118.55 187.7
127.924 203.556
88.4209 226.91
79.0467 211.054
2
104.756 205.677
0 0 0.293524 -0.955952
3
118.579 185.177
128.916 200.423
90.9337 226.176
80.5966 210.93
2
105.924 203.973
0 0 0.322966 -0.946411
3
118.452 182.657
129.713 197.235
93.3963 225.288
82.1358 210.711
2
106.985 202.2
0 0 0.352099 -0.935963
3
118.17 180.15
130.311 194.003
95.7992 224.249
83.6585 210.397
2
107.933 200.365
0 0 0.380895 -0.924618
3
117.733 177.666
130.708 190.741
98.1333 223.064
85.1589 209.989
2
109.32 198.989
0 0 0.380895 -0.924618
3
119.12 176.289
132.095 189.365
99.5201 221.688
86.5457 208.613
2
110.153 197.099
0 0 0.409326 -0.912388
3
118.531 173.837
132.289 186.084
101.776 220.361
88.018 208.113
2
110.868 195.16
0 0 0.437365 -0.899284
3
117.79 171.425
132.28 182.798
103.946 218.896
89.4566 207.523
2
111.462 193.182
0 0 0.464984 -0.885319
3
116.902 169.063
132.068 179.518
106.021 217.3
90.8559 206.845
2
111.932 191.17
0 0 0.492159 -0.870505
3
115.87 166.761
131.653 176.258
107.994 215.579
92.2105 206.082
2
112.276 189.133
0 0 0.518862 -0.854858
3
114.697 164.528
131.037 173.03
109.856 213.739
93.5154 205.237
2
113.178 187.4
0 0 0.518862 -0.854858
3
115.598 162.795
131.939 171.297
110.758 212.006
94.4172 203.504
2
114.08 185.667
0 0 0.518862 -0.854858
3
116.5 161.061
132.841 169.563
111.659 210.273
95.319 201.771
2
114.982 183.934
0 0 0.518862 -0.854858
3
117.402 159.328
133.742 167.83
112.561 208.54
96.2208 200.037
2
115.883 182.201
0 0 0.518862 -0.854858
3
118.304 157.595
134.644 166.097
113.463 206.806
97.1226 198.304
2
117.441 180.843
0 0 0.492159 -0.870505
3
121.378 156.434
137.162 165.931
113.503 205.252
97.7194 195.755
2
119.079 179.585
0 0 0.464984 -0.885319
3
124.519 155.466
139.685 165.921
113.638 203.703
98.4728 193.248
2
120.188 177.976
0 0 0.464984 -0.885319
3
125.628 153.858
140.793 164.313
114.747 202.095
99.5817 191.64
2
121.9 176.821
0 0 0.437365 -0.899284
3
128.822 153.086
143.312 164.459
114.978 200.557
100.489 189.184
2
122.494 174.843
0 0 0.464984 -0.885319
3
127.934 150.724
143.1 161.179
117.054 198.961
101.888 188.506
2
122.964 172.831
0 0 0.492159 -0.870505
3
126.902 148.422
142.685 157.919
119.026 197.24
103.243 187.743
2
123.308 170.794
0 0 0.518862 -0.854858
3
125.729 146.189
142.069 154.691
120.888 195.4
104.548 186.898
2
123.526 168.74
0 0 0.545068 -0.838392
3
124.42 144.032
141.255 151.507
122.633 193.449
105.798 185.974
2
123.617 166.676
0 0 0.570752 -0.821123
3
122.98 141.96
140.246 148.379
124.254 191.393
106.988 184.974
2
123.58 164.611
0 0 0.595889 -0.803067
3
121.415 139.982
139.044 145.32
125.744 189.241
108.115 183.902
2
123.414 162.552
0 0 0.620455 -0.784242
3
119.73 138.104
137.656 142.341
127.098 187
109.173 182.763
2
123.122 160.507
0 0 0.644427 -0.764666
3
117.933 136.333
136.087 139.454
128.312 184.681
110.158 181.56
2
122.704 158.484
0 0 0.667782 -0.744357
3
116.029 134.678
134.341 136.669
129.379 182.29
111.067 180.299
2
122.162 156.491
0 0 0.690497 -0.723335
3
114.027 133.143
132.427 133.998
130.297 179.839
111.896 178.983
2
121.497 154.535
0 0 0.712551 -0.70162
3
111.933 131.735
130.351 131.45
131.061 177.335
112.643 177.62
2
120.713 152.624
0 0 0.733922 -0.679234
3
109.757 130.459
128.122 129.036
131.668 174.789
113.303 176.212
2
119.811 150.765
0 0 0.75459 -0.656196
3
107.506 129.321
125.747 126.764
132.117 172.21
113.876 174.766
2
118.797 148.966
0 0 0.774535 -0.632531
3
105.188 128.324
123.237 124.643
132.406 169.608
114.357 173.288
2
117.673 147.232
0 0 0.793739 -0.608259
3
102.813 127.472
120.6 122.682
132.533 166.993
114.747 171.783
2
116.444 145.572
0 0 0.812182 -0.583404
3
100.391 126.768
117.846 120.887
132.498 164.375
115.042 170.256
2
115.115 143.991
0 0 0.829847 -0.557991
3
97.9288 126.216
114.987 119.266
132.301 161.765
115.243 168.715
2
113.691 142.495
0 0 0.846717 -0.532043
3
95.4377 125.817
112.034 117.826
131.944 159.172
115.347 167.163
2
112.176 141.09
0 0 0.862776 -0.505586
3
92.9266 125.574
108.996 116.57
131.426 156.606
115.356 165.609
2
110.578 139.781
0 0 0.878009 -0.478644
3
90.4053 125.485
105.887 115.506
130.751 154.076
115.268 164.056
2
108.902 138.574
0 0 0.892401 -0.451244
3
87.8833 125.553
102.718 114.635
129.92 151.594
115.085 162.512
2
107.154 137.472
0 0 0.905937 -0.423412
3
85.3704 125.777
99.5017 113.962
128.938 149.167
114.806 160.983
2
105.341 136.481
0 0 0.918606 -0.395174
3
82.8761 126.156
96.2494 113.489
127.807 146.806
114.434 159.473
2
104.567 134.566
0 0 0.905937 -0.423412
3
82.7836 122.871
96.9148 111.056
126.351 146.261
112.219 158.077
2
103.913 132.607
0 0 0.892401 -0.451244
3
82.8944 119.587
97.7295 108.668
124.931 145.627
110.096 156.546
2
103.381 130.611
0 0 0.878009 -0.478644
3
83.2082 116.315
98.6904 106.335
123.554 144.906
108.071 154.886
2
102.973 128.586
0 0 0.862776 -0.505586
3
83.7238 113.07
99.7937 104.067
122.223 144.102
106.153 153.105
2
102.692 126.539
0 0 0.846717 -0.532043
3
84.4392 109.862
101.035 101.87
120.945 143.216
104.349 151.208
2
102.538 124.479
0 0 0.829847 -0.557991
3
85.3516 106.705
102.41 99.7551
119.724 142.254
102.666 149.203
2
102.511 122.414
0 0 0.812182 -0.583404
3
86.4576 103.61
103.914 97.729
118.565 141.217
101.109 147.098
2
102.613 120.35
0 0 0.793739 -0.608259
3
87.753 100.59
105.539 95.7998
117.473 140.111
99.6863 144.901
2
102.842 118.297
0 0 0.774535 -0.632531
3
89.2327 97.6554
107.281 93.9749
116.451 138.939
98.402 142.62
2
103.197 116.262
0 0 0.75459 -0.656196
3
90.8911 94.8181
109.133 92.2612
115.503 137.707
97.2612 140.264
2
102.183 114.463
0 0 0.774535 -0.632531
3
88.5736 93.8209
106.622 90.1404
115.791 135.105
97.7429 138.786
2
101.059 112.73
0 0 0.793739 -0.608259
3
86.1989 92.969
103.985 88.1791
115.919 132.49
98.1323 137.28
2
99.8299 111.069
0 0 0.812182 -0.583404
3
83.7761 92.2657
101.232 86.3846
115.884 129.873
98.4278 135.754
2
98.5006 109.488
0 0 0.829847 -0.557991
3
81.3143 91.7136
98.373 84.7638
115.687 127.262
98.6283 134.212
2
98.4742 107.422
0 0 0.812182 -0.583404
3
82.4204 88.6189
99.8763 82.7377
114.528 126.226
97.0721 132.107
2
98.5755 105.359
0 0 0.793739 -0.608259
3
83.7157 85.5985
101.502 80.8085
113.435 125.12
95.649 129.91
2
98.8043 103.306
0 0 0.774535 -0.632531
3
85.1954 82.6641
103.244 78.9836
112.413 123.948
94.3647 127.629
2
99.1597 101.271
0 0 0.75459 -0.656196
3
86.8538 79.8268
105.095 77.2698
111.466 122.716
93.2239 125.272
2
99.6402 99.2621
0 0 0.733922 -0.679234
3
88.6845 77.0975
107.049 75.674
110.596 121.427
92.231 122.85
2
98.7391 97.4033
0 0 0.75459 -0.656196
3
86.4332 75.9589
104.675 73.402
111.045 118.848
92.8033 121.405
2
97.7247 95.6038
0 0 0.774535 -0.632531
3
84.1158 74.9617
102.164 71.2812
111.334 116.246
93.285 119.926
2
97.3343 93.6894
0 0 0.774535 -0.632531
3
83.7254 73.0474
101.774 69.3669
110.943 114.331
92.8947 118.012
2
96.9439 91.7751
0 0 0.774535 -0.632531
3
83.335 71.133
101.384 67.4525
110.553 112.417
92.5043 116.098
2
97.2993 89.7402
0 0 0.75459 -0.656196
3
84.9934 68.2958
103.235 65.7388
109.605 111.185
91.3635 113.741
2
97.7799 87.7311
0 0 0.733922 -0.679234
3
86.8241 65.5665
105.189 64.1429
108.736 109.896
90.3707 111.319
2
98.3838 85.7556
0 0 0.712551 -0.70162
3
88.8202 62.9557
107.238 62.671
107.947 108.556
89.5296 108.84
2
99.1088 83.8213
0 0 0.690497 -0.723335
3
90.974 60.4734
109.374 61.3286
107.244 107.169
88.8434 106.314
2
99.952 81.9355
0 0 0.667782 -0.744357
3
93.2772 58.1291
111.589 60.121
106.627 105.742
88.3149 103.75
2
100.91 80.1055
0 0 0.644427 -0.764666
3
95.721 55.9318
113.875 59.0526
106.1 104.279
87.946 101.158
2
101.98 78.3383
0 0 0.620455 -0.784242
3
98.296 53.8899
116.222 58.1278
105.664 102.787
87.7381 98.5488
2
103.157 76.6406
0 0 0.595889 -0.803067
3
100.992 52.0111
118.622 57.3499
105.321 101.27
87.6921 95.9314
2
104.437 75.019
0 0 0.570752 -0.821123
3
103.8 50.3028
121.065 56.7219
105.073 99.7353
87.808 93.3162
2
105.814 73.4797
0 0 0.545068 -0.838392
3
106.708 48.7714
123.543 56.2463
104.921 98.188
88.0856 90.7131
2
107.284 72.0286
0 0 0.518862 -0.854858
3
109.705 47.4229
126.045 55.9249
104.864 96.6342
88.5236 88.1322
2
108.842 70.6711
0 0 0.492159 -0.870505
3
112.779 46.2623
128.563 55.7589
104.904 95.08
89.1204 85.5834
2
110.48 69.4127
0 0 0.464984 -0.885319
3
115.92 45.2942
131.086 55.749
105.039 93.5311
89.8738 83.0763
2
112.193 68.2579
0 0 0.437365 -0.899284
3
119.114 44.5222
133.604 55.8951
105.271 91.9936
90.7809 80.6206
2
113.974 67.2113
0 0 0.409326 -0.912388
3
122.351 43.9493
136.109 56.1968
105.596 90.4734
91.8381 78.2258
2
115.816 66.2769
0 0 0.380895 -0.924618
3
125.616 43.5777
138.59 56.6529
106.016 88.9762
93.0414 75.901
2
117.712 65.4583
0 0 0.352099 -0.935963
3
128.898 43.4088
141.039 57.2616
106.527 87.5078
94.3863 73.655
2
119.656 64.7586
0 0 0.322966 -0.946411
3
132.184 43.4432
143.445 58.0205
107.128 86.0739
95.8675 71.4966
2
121.202 63.5642
0 0 0.322966 -0.946411
3
133.73 42.2489
144.991 56.8262
108.674 84.8795
97.4137 70.3022
2
123.185 62.986
0 0 0.293524 -0.955952
3
137.008 42.4865
147.345 57.7326
109.363 83.4855
99.0256 68.2395
2
125.201 62.5317
0 0 0.2638 -0.964577
3
140.265 42.9266
149.639 58.7828
110.136 82.1368
100.762 66.2805
2
127.24 62.2028
0 0 0.233824 -0.972279
3
143.488 43.5672
151.864 59.973
110.992 80.8385
102.616 64.4326
2
129.296 62.0008
0 0 0.203624 -0.979049
3
146.666 44.406
154.01 61.2985
111.926 79.5956
104.581 62.703
2
131.36 61.9263
0 0 0.173228 -0.984882
3
149.785 45.4398
156.071 62.7543
112.935 78.4128
106.65 61.0983
2
133.425 61.9797
0 0 0.142667 -0.989771
3
152.835 46.6646
158.037 64.3347
114.015 77.2948
108.813 59.6246
2
135.483 62.1607
0 0 0.111969 -0.993712
3
155.803 48.0757
159.902 66.0338
115.163 76.2457
111.064 58.2876
2
137.19 60.9969
0 0 0.142667 -0.989771
3
156.6 45.6818
161.802 63.352
117.78 76.312
112.578 58.6419
2
138.821 59.7298
0 0 0.173228 -0.984882
3
157.246 43.2433
163.532 60.5578
120.396 76.2163
114.111 58.9018
2
140.658 59.0631
0 0 0.173228 -0.984882
3
159.083 42.5766
165.368 59.8911
122.232 75.5497
115.947 58.2352
2
142.494 58.3965
0 0 0.173228 -0.984882
3
160.919 41.91
167.205 59.2245
124.069 74.883
117.784 57.5685
2
144.559 58.4498
0 0 0.142667 -0.989771
3
163.969 43.1347
169.171 60.8049
125.149 73.765
119.947 56.0948
2
146.617 58.6309
0 0 0.111969 -0.993712
3
166.937 44.5458
171.036 62.504
126.297 72.7159
122.198 54.7578
2
148.522 58.1961
0 0 0.111969 -0.993712
3
168.842 44.1111
172.941 62.0692
128.202 72.2811
124.103 54.323
2
150.426 57.7613
0 0 0.111969 -0.993712
3
170.747 43.6763
174.846 61.6344
130.106 71.8464
126.007 53.8882
2
152.331 57.3266
0 0 0.111969 -0.993712
3
172.651 43.2415
176.75 61.1997
132.011 71.4116
127.912 53.4535
2
154.374 57.6345
0 0 0.0811643 -0.996701
3
175.526 44.8335
178.507 63.0108
133.221 70.4355
130.241 52.2582
2
156.394 58.0683
0 0 0.0502814 -0.998735
3
178.298 46.6003
180.148 64.9272
134.49 69.5362
132.64 51.2093
2
158.383 58.6261
0 0 0.0193504 -0.999813
3
180.954 48.5352
181.667 66.9414
135.811 68.7171
135.098 50.3108
2
160.333 59.306
0 0 0.0115991 0.999933
3
183.486 50.6307
183.058 69.0457
137.181 67.9812
137.608 49.5662
2
162.238 60.1052
0 0 0.0425376 0.999095
3
185.883 52.8788
184.317 71.2321
138.593 67.3315
140.159 48.9782
2
164.185 60.2712
0 0 0.0425376 0.999095
3
187.83 53.0448
186.264 71.3982
140.54 67.4976
142.106 49.1443
2
166.131 60.4373
0 0 0.0425376 0.999095
3
189.776 53.2109
188.211 71.5642
142.487 67.6637
144.052 49.3103
2
167.983 61.3528
0 0 0.0734353 0.9973
3
192.03 55.603
189.332 73.8243
143.937 67.1026
146.635 48.8813
2
169.775 62.3811
0 0 0.104263 0.99455
3
194.131 58.1299
190.311 76.1494
145.419 66.6323
149.239 48.6128
2
171.499 63.5183
0 0 0.13499 0.990847
3
196.072 60.782
191.144 78.5306
146.927 66.2546
151.854 48.506
2
173.15 64.76
0 0 0.165588 0.986195
3
197.845 63.549
191.829 80.9589
148.456 65.971
154.472 48.5611
2
174.721 66.1014
0 0 0.196028 0.980598
3
199.444 66.4204
192.362 83.4248
149.999 65.7824
157.08 48.7781
2
176.206 67.5375
0 0 0.22628 0.974062
3
200.861 69.3853
192.741 85.919
151.551 65.6897
159.671 49.156
2
177.599 69.0626
0 0 0.256315 0.966593
3
202.093 72.4321
192.966 88.4318
153.106 65.6931
162.233 49.6934
2
178.896 70.6711
0 0 0.286104 0.958198
3
203.134 75.5493
193.035 90.9538
154.657 65.7928
164.757 50.3883
2
180.09 72.3566
0 0 0.31562 0.948886
3
203.98 78.725
192.947 93.4751
156.2 65.9882
167.233 51.238
2
181.178 74.1128
0 0 0.344833 0.938664
3
204.628 81.9469
192.704 95.9862
157.727 66.2787
169.652 52.2393
2
182.155 75.9329
0 0 0.373716 0.927543
3
205.075 85.2027
192.305 98.4775
159.234 66.6631
172.004 53.3883
2
183.017 77.8099
0 0 0.402241 0.915534
3
205.321 88.4799
191.754 100.939
160.713 67.1399
174.28 54.6806
2
183.762 79.7368
0 0 0.43038 0.902648
3
205.362 91.7661
191.051 103.362
162.161 67.7074
176.473 56.1112
2
184.386 81.706
0 0 0.458107 0.888897
3
205.201 95.0485
190.199 105.737
163.571 68.3634
178.572 57.6747
2
184.887 83.71
0 0 0.485396 0.874295
3
204.837 98.3147
189.203 108.055
164.937 69.1053
180.571 59.3652
2
185.263 85.7412
0 0 0.512219 0.858855
3
204.271 101.552
188.065 110.306
166.255 69.9303
182.462 61.176
2
185.513 87.7918
0 0 0.538552 0.842592
3
203.507 104.748
186.789 112.483
167.519 70.8353
184.236 63.1003
2
185.635 89.8539
0 0 0.564369 0.825523
3
202.546 107.891
185.382 114.577
168.725 71.8167
185.889 65.1307
2
185.63 91.9196
0 0 0.589646 0.807662
3
201.392 110.968
183.848 116.58
169.868 72.8709
187.412 67.2595
2
185.497 93.981
0 0 0.614357 0.789028
3
200.05 113.968
182.192 118.484
170.943 73.9937
188.801 69.4784
2
185.236 96.0303
0 0 0.63848 0.769638
3
198.526 116.88
180.422 120.282
171.947 75.181
190.05 71.779
2
184.85 98.0595
0 0 0.661992 0.749511
3
196.824 119.691
178.545 121.967
172.876 76.428
191.155 74.1525
2
184.338 100.061
0 0 0.684869 0.728666
3
194.951 122.392
176.566 123.532
173.725 77.7301
192.11 76.5898
2
183.704 102.027
0 0 0.70709 0.707123
3
192.915 124.971
174.495 124.972
174.493 79.0823
192.913 79.0814
2
182.949 103.95
0 0 0.728634 0.684903
3
190.723 127.42
172.338 126.282
175.175 80.4793
193.56 81.618
2
183.584 105.916
0 0 0.70709 0.707123
3
192.795 128.86
174.375 128.861
174.373 82.9711
192.793 82.9702
2
184.339 107.839
0 0 0.684869 0.728666
3
194.951 130.169
176.567 131.31
173.726 85.5077
192.11 84.3674
2
185.211 109.711
0 0 0.661992 0.749511
3
197.185 131.343
178.906 133.618
173.237 88.0795
191.516 85.804
2
184.699 111.712
0 0 0.684869 0.728666
3
195.312 134.043
176.928 135.184
174.087 89.3816
192.471 88.2413
2
184.065 113.678
0 0 0.70709 0.707123
3
193.276 136.623
174.856 136.624
174.854 90.7338
193.274 90.7329
2
183.31 115.601
0 0 0.728634 0.684903
3
191.084 139.072
172.7 137.933
175.536 92.1308
193.921 93.2695
2
182.438 117.474
0 0 0.749481 0.662026
3
188.745 141.38
170.466 139.106
176.131 93.5674
194.41 95.8412
2
181.452 119.289
0 0 0.769609 0.638516
3
186.268 143.54
168.165 140.139
176.636 95.0381
194.739 98.4383
2
181.839 121.318
0 0 0.749481 0.662026
3
188.146 145.224
169.867 142.951
175.532 97.4116
193.811 99.6854
2
182.35 123.319
0 0 0.728634 0.684903
3
190.124 146.79
171.74 145.651
174.576 99.849
192.961 100.988
2
182.23 125.269
0 0 0.728634 0.684903
3
190.004 148.74
171.619 147.601
174.456 101.799
192.84 102.938
2
182.109 127.219
0 0 0.728634 0.684903
3
189.883 150.69
171.498 149.551
174.335 103.749
192.72 104.888
2
181.988 129.169
0 0 0.728634 0.684903
3
189.762 152.64
171.377 151.501
174.214 105.699
192.599 106.838
2
181.867 131.119
0 0 0.728634 0.684903
3
189.641 154.59
171.257 153.451
174.093 107.649
192.478 108.788
2
181.747 133.069
0 0 0.728634 0.684903
3
189.521 156.54
171.136 155.401
173.973 109.599
192.357 110.738
2
181.626 135.019
0 0 0.728634 0.684903
3
189.4 158.49
171.015 157.351
173.852 111.549
192.237 112.688
2
181.505 136.969
0 0 0.728634 0.684903
3
189.279 160.44
170.894 159.301
173.731 113.499
192.116 114.638
2
181.384 138.92
0 0 0.728634 0.684903
3
189.158 162.39
170.773 161.251
173.61 115.449
191.995 116.588
2
182.019 140.885
0 0 0.70709 0.707123
3
191.23 163.83
172.81 163.831
172.808 117.941
191.228 117.94
2
182.019 142.839
0 0 0.70709 0.707123
3
191.23 165.784
172.81 165.785
172.808 119.895
191.228 119.894
2
182.019 144.793
0 0 0.70709 0.707123
3
191.23 167.737
172.81 167.738
172.808 121.848
191.228 121.847
2
182.019 146.747
0 0 0.70709 0.707123
3
191.23 169.691
172.81 169.692
172.808 123.802
191.228 123.801
2
182.019 148.7
0 0 0.70709 0.707123
3
191.23 171.645
172.81 171.646
172.808 125.756
191.228 125.755
2
182.019 150.654
0 0 0.70709 0.707123
3
191.23 173.599
172.81 173.6
172.808 127.71
191.228 127.709
2
182.019 152.608
0 0 0.70709 0.707123
3
191.23 175.552
172.81 175.553
172.808 129.663
191.228 129.662
2
182.019 154.562
0 0 0.70709 0.707123
3
191.23 177.506
172.81 177.507
172.808 131.617
191.228 131.616
2
182.019 156.515
0 0 0.70709 0.707123
3
191.231 179.46
172.811 179.461
172.808 133.571
191.228 133.57
2
182.02 158.469
0 0 0.70709 0.707123
3
191.231 181.414
172.811 181.415
172.808 135.525
191.228 135.524
2
182.02 160.423
0 0 0.70709 0.707123
3
191.231 183.367
172.811 183.368
172.809 137.478
191.229 137.477
2
182.02 162.377
0 0 0.70709 0.707123
3
191.231 185.321
172.811 185.322
172.809 139.432
191.229 139.431
2
182.02 164.33
0 0 0.70709 0.707123
3
191.231 187.275
172.811 187.276
172.809 141.386
191.229 141.385
2
182.02 166.284
0 0 0.70709 0.707123
3
191.231 189.229
172.811 189.23
172.809 143.34
191.229 143.339
2
182.02 168.238
0 0 0.70709 0.707123
3
191.231 191.182
172.811 191.183
172.809 145.293
191.229 145.292
2
182.02 170.192
0 0 0.70709 0.707123
3
191.231 193.136
172.811 193.137
172.809 147.247
191.229 147.246
2
182.02 172.145
0 0 0.70709 0.707123
3
191.231 195.09
172.811 195.091
172.809 149.201
191.229 149.2
2
182.02 174.099
0 0 0.70709 0.707123
3
191.231 197.044
172.811 197.045
172.809 151.155
191.229 151.154
2
182.02 176.053
0 0 0.70709 0.707123
3
191.231 198.997
172.811 198.998
172.809 153.108
191.229 153.107
2
182.02 178.007
0 0 0.70709 0.707123
3
191.232 200.951
172.812 200.952
172.809 155.062
191.229 155.061
2
182.021 179.96
0 0 0.70709 0.707123
3
191.232 202.905
172.812 202.906
172.809 157.016
191.229 157.015
2
182.775 181.883
0 0 0.684869 0.728666
3
193.388 204.214
175.004 205.354
172.163 159.552
190.547 158.412
2
183.648 183.756
0 0 0.661992 0.749511
3
195.622 205.387
177.343 207.663
171.674 162.124
189.953 159.849
2
184.634 185.571
0 0 0.63848 0.769638
3
197.924 206.42
179.82 209.822
171.345 164.721
189.448 161.319
2
185.731 187.321
0 0 0.614357 0.789028
3
200.285 207.308
182.427 211.824
171.178 167.334
189.036 162.818
2
186.934 189
0 0 0.589646 0.807662
3
202.697 208.049
185.152 213.66
171.172 169.952
188.717 164.34
2
187.53 190.861
0 0 0.589646 0.807662
3
203.292 209.91
185.747 215.521
171.768 171.812
189.312 166.201
2
188.125 192.722
0 0 0.589646 0.807662
3
203.887 211.771
186.342 217.382
172.363 173.673
189.907 168.062
2
188.72 194.583
0 0 0.589646 0.807662
3
204.482 213.632
186.938 219.243
172.958 175.534
190.502 169.923
2
189.315 196.444
0 0 0.589646 0.807662
3
205.077 215.493
187.533 221.104
173.553 177.395
191.098 171.784
2
190.62 198.045
0 0 0.564369 0.825523
3
207.53 216.082
190.367 222.768
173.71 180.008
190.873 173.322
2
192.021 199.563
0 0 0.538552 0.842592
3
210.015 216.52
193.298 224.255
174.027 182.607
190.745 174.872
2
192.842 201.336
0 0 0.538552 0.842592
3
210.835 218.293
194.118 226.028
174.848 184.38
191.565 176.645
2
193.662 203.109
0 0 0.538552 0.842592
3
211.656 220.066
194.939 227.801
175.668 186.153
192.386 178.418
2
195.155 204.538
0 0 0.512219 0.858855
3
214.163 220.348
197.956 229.103
176.146 188.727
192.353 179.972
2
196.733 205.871
0 0 0.485396 0.874295
3
216.682 220.475
201.048 230.216
176.783 191.266
192.417 181.526
2
198.39 207.104
0 0 0.458107 0.888897
3
219.205 220.446
204.204 231.135
177.575 193.761
192.576 183.072
2
200.121 208.232
0 0 0.43038 0.902648
3
221.721 220.261
207.41 231.857
178.52 196.202
192.831 184.606
2
201.918 209.251
0 0 0.402241 0.915534
3
224.221 219.921
210.654 232.38
179.614 198.581
193.181 186.121
2
203.774 210.156
0 0 0.373716 0.927543
3
226.695 219.426
213.925 232.701
180.853 200.886
193.623 187.612
2
205.683 210.945
0 0 0.344833 0.938664
3
229.134 218.78
217.209 232.819
182.233 203.111
194.157 189.072
2
207.637 211.615
0 0 0.31562 0.948886
3
231.528 217.983
220.494 232.733
183.747 205.247
194.78 190.496
2
209.629 212.162
0 0 0.286104 0.958198
3
233.868 217.041
223.768 232.445
185.391 207.284
195.49 191.88
2
211.651 212.585
0 0 0.256315 0.966593
3
236.145 215.955
227.018 231.955
187.158 209.216
196.285 193.216
2
213.695 212.883
0 0 0.22628 0.974062
3
238.351 214.73
230.231 231.264
189.04 211.035
197.16 194.501
2
215.754 213.053
0 0 0.196028 0.980598
3
240.477 213.372
233.395 230.376
191.032 212.734
198.113 195.729
2
217.82 213.095
0 0 0.165588 0.986195
3
242.514 211.884
236.498 229.294
193.125 214.306
199.141 196.896
2
219.883 213.01
0 0 0.13499 0.990847
3
244.456 210.273
239.528 228.022
195.311 215.746
200.238 197.997
2
221.938 212.797
0 0 0.104263 0.99455
3
246.294 208.546
242.474 226.565
197.582 217.048
201.402 199.029
2
223.976 212.457
0 0 0.0734353 0.9973
3
248.022 206.707
245.324 224.929
199.929 218.207
202.627 199.986
2
225.989 211.992
0 0 0.0425376 0.999095
3
249.633 204.766
248.068 223.119
202.344 219.219
203.909 200.865
2
227.969 211.404
0 0 0.0115991 0.999933
3
251.121 202.728
250.694 221.143
204.816 220.079
205.243 201.664
2
229.909 210.694
0 0 0.0193504 -0.999813
3
252.48 200.603
253.193 219.009
207.337 220.785
206.624 202.378
2
231.801 209.865
0 0 0.0502814 -0.998735
3
253.705 198.397
255.555 216.724
209.897 221.333
208.047 203.006
2
233.79 210.423
0 0 0.0193504 -0.999813
3
256.361 200.332
257.074 218.738
211.218 220.514
210.506 202.108
2
235.74 211.103
0 0 0.0115991 0.999933
3
258.893 202.427
258.466 220.842
212.588 219.778
213.015 201.363
2
237.645 211.902
0 0 0.0425376 0.999095
3
261.29 204.676
259.724 223.029
214 219.128
215.566 200.775
2
239.497 212.817
0 0 0.0734353 0.9973
3
263.544 207.068
260.846 225.289
215.45 218.567
218.149 200.346
2
241.289 213.846
0 0 0.104263 0.99455
3
265.645 209.595
261.825 227.614
216.932 218.097
220.753 200.077
2
243.013 214.983
0 0 0.13499 0.990847
3
267.586 212.247
262.658 229.995
218.441 217.719
223.368 199.971
2
244.664 216.225
0 0 0.165588 0.986195
3
269.359 215.014
263.343 232.423
219.969 217.436
225.985 200.026
2
246.235 217.566
0 0 0.196028 0.980598
3
270.957 217.885
263.876 234.889
221.513 217.247
228.594 200.243
2
248.039 218.317
0 0 0.196028 0.980598
3
272.761 218.636
265.679 235.641
223.316 217.998
230.398 200.994
2
249.842 219.068
0 0 0.196028 0.980598
3
274.565 219.387
267.483 236.392
225.12 218.749
232.201 201.745
2
251.646 219.819
0 0 0.196028 0.980598
3
276.368 220.138
269.287 237.143
226.923 219.5
234.005 202.496
2
253.449 220.57
0 0 0.196028 0.980598
3
278.172 220.889
271.09 237.894
228.727 220.251
235.809 203.247
2
255.253 221.322
0 0 0.196028 0.980598
3
279.975 221.641
272.894 238.645
230.531 221.003
237.612 203.998
2
257.057 222.073
0 0 0.196028 0.980598
3
281.779 222.392
274.697 239.396
232.334 221.754
239.416 204.749
2
258.86 222.824
0 0 0.196028 0.980598
3
283.583 223.143
276.501 240.147
234.138 222.505
241.219 205.5
2
260.664 223.575
0 0 0.196028 0.980598
3
285.386 223.894
278.305 240.898
235.941 223.256
243.023 206.252
2
262.467 224.326
0 0 0.196028 0.980598
3
287.19 224.645
280.108 241.649
237.745 224.007
244.827 207.003
2
264.271 225.077
0 0 0.196028 0.980598
3
288.993 225.396
281.912 242.401
239.549 224.758
246.63 207.754
2
266.075 225.828
0 0 0.196028 0.980598
3
290.797 226.147
283.715 243.152
241.352 225.509
248.434 208.505
2
267.878 226.579
0 0 0.196028 0.980598
3
292.601 226.898
285.519 243.903
243.156 226.26
250.237 209.256
2
269.682 227.331
0 0 0.196028 0.980598
3
294.404 227.65
287.323 244.654
244.96 227.011
252.041 210.007
2
271.485 228.082
0 0 0.196028 0.980598
3
296.208 228.401
289.126 245.405
246.763 227.763
253.845 210.758
2
273.289 228.833
0 0 0.196028 0.980598
3
298.011 229.152
290.93 246.156
248.567 228.514
255.648 211.509
2
275.093 229.584
0 0 0.196028 0.980598
3
299.815 229.903
292.733 246.907
250.37 229.265
257.452 212.26
2
276.896 230.335
0 0 0.196028 0.980598
3
301.619 230.654
294.537 247.658
252.174 230.016
259.255 213.012
2
278.7 231.086
0 0 0.196028 0.980598
3
303.422 231.405
296.341 248.409
253.977 230.767
261.059 213.763
2
280.503 231.837
0 0 0.196028 0.980598
3
305.226 232.156
298.144 249.161
255.781 231.518
262.863 214.514
2
282.307 232.588
0 0 0.196028 0.980598
3
307.029 232.907
299.948 249.912
257.585 232.269
264.666 215.265
2
284.111 233.339
0 0 0.196028 0.980598
3
308.833 233.658
301.751 250.663
259.388 233.02
266.47 216.016
2
285.914 234.091
0 0 0.196028 0.980598
3
310.637 234.41
303.555 251.414
261.192 233.772
268.273 216.767
2
287.718 234.842
0 0 0.196028 0.980598
3
312.44 235.161
305.359 252.165
262.995 234.523
270.077 217.518
2
289.521 235.593
0 0 0.196028 0.980598
3
314.244 235.912
307.162 252.916
264.799 235.274
271.881 218.269
2
291.325 236.344
0 0 0.196028 0.980598
3
316.047 236.663
308.966 253.667
266.603 236.025
273.684 219.021
2
293.129 237.095
0 0 0.196028 0.980598
3
317.851 237.414
310.769 254.418
268.406 236.776
275.488 219.772
2
294.932 237.846
0 0 0.196028 0.980598
3
319.654 238.165
312.573 255.169
270.21 237.527
277.291 220.523
2
296.736 238.597
0 0 0.196028 0.980598
3
321.458 238.916
314.377 255.921
272.013 238.278
279.095 221.274
2
298.539 239.348
0 0 0.196028 0.980598
3
323.262 239.667
316.18 256.672
273.817 239.029
280.898 222.025
2
300.343 240.099
0 0 0.196028 0.980598
3
325.065 240.418
317.984 257.423
275.621 239.78
282.702 222.776
2
302.408 240.142
0 0 0.165588 0.986195
3
327.103 238.931
321.087 256.341
277.713 241.353
283.729 223.943
2
304.472 240.057
0 0 0.13499 0.990847
3
329.045 237.32
324.117 255.069
279.9 242.793
284.827 225.044
2
306.527 239.844
0 0 0.104263 0.99455
3
330.883 235.592
327.063 253.612
282.171 244.095
285.991 226.075
2
308.565 239.504
0 0 0.0734353 0.9973
3
332.611 233.754
329.913 251.976
284.518 245.254
287.216 227.033
2
310.577 239.039
0 0 0.0425376 0.999095
3
334.222 231.813
332.656 250.166
286.932 246.265
288.498 227.912
2
312.557 238.45
0 0 0.0115991 0.999933
3
335.71 229.775
335.283 248.19
289.405 247.126
289.832 228.711
2
314.497 237.74
0 0 0.0193504 -0.999813
3
337.069 227.649
337.781 246.056
291.926 247.831
291.213 229.425
2
316.448 238.42
0 0 0.0115991 0.999933
3
339.6 229.745
339.173 248.16
293.295 247.095
293.723 228.68
2
318.353 239.219
0 0 0.0425376 0.999095
3
341.998 231.993
340.432 250.346
294.708 246.446
296.274 228.092
2
320.205 240.135
0 0 0.0734353 0.9973
3
344.251 234.385
341.553 252.606
296.158 245.885
298.856 227.663
2
321.996 241.163
0 0 0.104263 0.99455
3
346.352 236.912
342.532 254.932
297.64 245.414
301.46 227.395
2
324.034 240.824
0 0 0.0734353 0.9973
3
348.08 235.074
345.382 253.295
299.987 246.573
302.685 228.352
2
326.047 240.359
0 0 0.0425376 0.999095
3
349.691 233.132
348.126 251.486
302.402 247.585
303.967 229.232
2
328.027 239.77
0 0 0.0115991 0.999933
3
351.179 231.095
350.752 249.51
304.874 248.445
305.301 230.03
2
329.967 239.06
0 0 0.0193504 -0.999813
3
352.538 228.969
353.251 247.375
307.395 249.151
306.682 230.745
2
331.859 238.231
0 0 0.0502814 -0.998735
3
353.763 226.763
355.613 245.09
309.955 249.699
308.105 231.372
2
333.696 237.287
0 0 0.0811643 -0.996701
3
354.849 224.486
357.829 242.664
312.544 250.088
309.563 231.911
2
335.472 236.231
0 0 0.111969 -0.993712
3
355.792 222.146
359.891 240.104
315.151 250.316
311.052 232.358
2
337.178 235.068
0 0 0.142667 -0.989771
3
356.588 219.752
361.79 237.423
317.768 250.383
312.566 232.712
2
338.81 233.8
0 0 0.173228 -0.984882
3
357.235 217.314
363.52 234.628
320.385 250.287
314.099 232.972
2
340.36 232.435
0 0 0.203624 -0.979049
3
357.73 214.84
365.074 231.733
322.99 250.03
315.645 233.137
2
341.822 230.976
0 0 0.233824 -0.972279
3
358.071 212.34
366.446 228.746
325.574 249.612
317.199 233.206
2
343.192 229.429
0 0 0.2638 -0.964577
3
358.256 209.824
367.63 225.68
328.127 249.034
318.753 233.178
2
344.463 227.801
0 0 0.293524 -0.955952
3
358.286 207.301
368.623 222.547
330.64 248.3
320.303 233.054
2
345.631 226.097
0 0 0.322966 -0.946411
3
358.159 204.782
369.419 219.359
333.103 247.412
321.842 232.835
2
346.691 224.324
0 0 0.352099 -0.935963
3
357.877 202.275
370.017 216.128
335.506 246.374
323.365 232.521
2
347.64 222.489
0 0 0.380895 -0.924618
3
357.44 199.79
370.414 212.865
337.84 245.188
324.865 232.113
2
348.473 220.599
0 0 0.409326 -0.912388
3
356.85 197.337
370.608 209.585
340.096 243.861
326.338 231.614
2
349.188 218.661
0 0 0.437365 -0.899284
3
356.11 194.925
370.599 206.298
342.266 242.397
327.776 231.024
2
349.781 216.682
0 0 0.464984 -0.885319
3
355.222 192.564
370.387 203.019
344.341 240.801
329.175 230.346
2
350.251 214.671
0 0 0.492159 -0.870505
3
354.189 190.262
369.972 199.758
346.313 239.08
330.53 229.583
2
350.596 212.634
0 0 0.518862 -0.854858
3
353.016 188.028
369.357 196.53
348.176 237.24
331.835 228.738
2
350.814 210.58
0 0 0.545068 -0.838392
3
351.707 185.871
368.543 193.346
349.92 235.288
333.085 227.813
2
350.904 208.516
0 0 0.570752 -0.821123
3
350.268 183.8
367.533 190.219
351.541 233.232
334.276 226.813
2
350.867 206.451
0 0 0.595889 -0.803067
3
348.702 181.821
366.332 187.16
353.031 231.08
335.402 225.741
2
351.433 204.581
0 0 0.595889 -0.803067
3
349.269 179.951
366.898 185.29
353.598 229.21
335.968 223.871
2
351.999 202.711
0 0 0.595889 -0.803067
3
349.835 178.081
367.464 183.42
354.164 227.34
336.534 222.002
2
352.566 200.841
0 0 0.595889 -0.803067
3
350.401 176.211
368.031 181.55
354.73 225.47
337.101 220.132
2
353.132 198.971
0 0 0.595889 -0.803067
3
350.967 174.342
368.597 179.68
355.296 223.601
337.667 218.262
2
353.698 197.101
0 0 0.595889 -0.803067
3
351.534 172.472
369.163 177.81
355.863 221.731
338.233 216.392
2
354.264 195.231
0 0 0.595889 -0.803067
3
352.1 170.602
369.729 175.94
356.429 219.861
338.799 214.522
2
354.831 193.361
0 0 0.595889 -0.803067
3
352.666 168.732
370.296 174.071
356.995 217.991
339.366 212.652
2
355.397 191.491
0 0 0.595889 -0.803067
3
353.232 166.862
370.862 172.201
357.561 216.121
339.932 210.782
2
355.963 189.622
0 0 0.595889 -0.803067
3
353.799 164.992
371.428 170.331
358.128 214.251
340.498 208.912
2
356.529 187.752
0 0 0.595889 -0.803067
3
354.365 163.122
371.994 168.461
358.694 212.381
341.065 207.042
2
356.364 185.693
0 0 0.620455 -0.784242
3
352.68 161.244
370.606 165.482
360.048 210.141
342.122 205.903
2
356.072 183.648
0 0 0.644427 -0.764666
3
350.883 159.474
369.037 162.595
361.262 207.821
343.108 204.7
2
357.142 181.88
0 0 0.620455 -0.784242
3
353.458 157.432
371.384 161.67
360.826 206.329
342.9 202.091
2
358.319 180.183
0 0 0.595889 -0.803067
3
356.154 155.553
373.784 160.892
360.483 204.812
342.854 199.473
2
358.154 178.124
0 0 0.620455 -0.784242
3
354.47 153.675
372.396 157.913
361.838 202.572
343.912 198.334
2
357.862 176.079
0 0 0.644427 -0.764666
3
352.672 151.905
370.826 155.026
363.051 200.252
344.897 197.131
2
357.443 174.056
0 0 0.667782 -0.744357
3
350.769 150.249
369.081 152.241
364.118 197.862
345.806 195.87
2
356.901 172.062
0 0 0.690497 -0.723335
3
348.766 148.715
367.166 149.57
365.036 195.41
346.636 194.555
2
356.236 170.107
0 0 0.712551 -0.70162
3
346.673 147.307
365.091 147.022
365.8 192.906
347.382 193.191
2
355.452 168.196
0 0 0.733922 -0.679234
3
344.496 146.031
362.861 144.607
366.408 190.36
348.043 191.784
2
354.551 166.337
0 0 0.75459 -0.656196
3
342.245 144.892
360.487 142.335
366.857 187.781
348.615 190.338
2
353.536 164.537
0 0 0.774535 -0.632531
3
339.927 143.895
357.976 140.215
367.145 185.179
349.097 188.86
2
352.413 162.804
0 0 0.793739 -0.608259
3
337.553 143.043
355.339 138.253
367.272 182.565
349.486 187.355
2
351.184 161.143
0 0 0.812182 -0.583404
3
335.13 142.34
352.586 136.459
367.237 179.947
349.782 185.828
2
349.854 159.562
0 0 0.829847 -0.557991
3
332.668 141.788
349.727 134.838
367.041 177.337
349.982 184.286
2
348.43 158.066
0 0 0.846717 -0.532043
3
330.177 141.389
346.773 133.397
366.683 174.743
350.087 182.735
2
346.916 156.661
0 0 0.862776 -0.505586
3
327.666 141.145
343.736 132.142
366.165 172.177
350.095 181.18
2
345.961 154.957
0 0 0.862776 -0.505586
3
326.711 139.441
342.781 130.438
365.21 170.473
349.14 179.476
2
344.362 153.648
0 0 0.878009 -0.478644
3
324.19 139.353
339.672 129.373
364.535 167.944
349.053 177.923
2
342.686 152.441
0 0 0.892401 -0.451244
3
321.668 139.421
336.503 128.502
363.704 165.461
348.869 176.38
2
340.938 151.34
0 0 0.905937 -0.423412
3
319.155 139.645
333.286 127.829
362.722 163.035
348.591 174.85
2
339.126 150.349
0 0 0.918606 -0.395174
3
316.661 140.024
330.034 127.357
361.591 160.673
348.218 173.34
2
337.256 149.472
0 0 0.930396 -0.366557
3
314.194 140.556
326.759 127.086
360.317 158.387
347.753 171.857
2
335.335 148.712
0 0 0.941293 -0.337589
3
311.766 141.24
323.473 127.019
358.903 156.184
347.196 170.405
2
333.37 148.073
0 0 0.95129 -0.308298
3
309.385 142.073
320.189 127.155
357.356 154.072
346.551 168.99
2
331.37 147.556
0 0 0.960375 -0.278712
3
307.059 143.052
316.92 127.494
355.681 152.06
345.82 167.618
2
329.342 147.164
0 0 0.96854 -0.248859
3
304.799 144.173
313.679 128.034
353.885 150.156
345.005 166.294
2
327.293 146.898
0 0 0.975777 -0.218767
3
302.612 145.431
310.477 128.774
351.974 148.366
344.11 165.023
2
325.232 146.76
0 0 0.98208 -0.188466
3
300.508 146.822
307.327 129.711
349.957 146.698
343.138 163.81
2
323.725 145.347
0 0 0.975777 -0.218767
3
299.044 143.879
306.909 127.223
348.406 146.815
340.542 163.472
2
322.309 143.844
0 0 0.96854 -0.248859
3
297.766 140.852
306.645 124.713
346.851 146.835
337.972 162.974
2
320.988 142.255
0 0 0.960375 -0.278712
3
296.677 137.751
306.538 122.193
345.299 146.759
335.438 162.318
2
319.338 141.209
0 0 0.960375 -0.278712
3
295.027 136.705
304.888 121.147
343.648 145.714
333.787 161.272
2
317.309 140.818
0 0 0.96854 -0.248859
3
292.767 137.826
301.646 121.687
341.852 143.809
332.973 159.948
2
315.598 139.876
0 0 0.96854 -0.248859
3
291.055 136.884
299.934 120.746
340.14 142.867
331.261 159.006
2
313.886 138.934
0 0 0.96854 -0.248859
3
289.343 135.942
298.223 119.804
338.429 141.926
329.549 158.064
2
312.174 137.992
0 0 0.96854 -0.248859
3
287.631 135
296.511 118.862
336.717 140.984
327.837 157.122
2
310.462 137.05
0 0 0.96854 -0.248859
3
285.92 134.059
294.799 117.92
335.005 140.042
326.126 156.18
2
308.751 136.108
0 0 0.96854 -0.248859
3
284.208 133.117
293.087 116.978
333.293 139.1
324.414 155.239
2
307.039 135.167
0 0 0.96854 -0.248859
3
282.496 132.175
291.376 116.037
331.582 138.158
322.702 154.297
2
305.327 134.225
0 0 0.96854 -0.248859
3
280.784 131.233
289.664 115.095
329.87 137.216
320.99 153.355
2
303.615 133.283
0 0 0.96854 -0.248859
3
279.073 130.291
287.952 114.153
328.158 136.275
319.279 152.413
2
301.904 132.341
0 0 0.96854 -0.248859
3
277.361 129.35
286.24 113.211
326.446 135.333
317.567 151.471
2
300.192 131.399
0 0 0.96854 -0.248859
3
275.649 128.408
284.529 112.269
324.735 134.391
315.855 150.529
2
298.48 130.458
0 0 0.96854 -0.248859
3
273.937 127.466
282.817 111.327
323.023 133.449
314.143 149.588
2
296.768 129.516
0 0 0.96854 -0.248859
3
272.226 126.524
281.105 110.386
321.311 132.507
312.432 148.646
2
295.447 127.927
0 0 0.960375 -0.278712
3
271.137 123.423
280.998 107.865
319.758 132.432
309.897 147.99
2
294.227 126.261
0 0 0.95129 -0.308298
3
270.242 120.261
281.046 105.343
318.213 132.26
307.408 147.178
2
293.113 124.521
0 0 0.941293 -0.337589
3
269.544 117.05
281.251 102.828
316.681 131.993
304.974 146.215
2
292.108 122.716
0 0 0.930396 -0.366557
3
269.047 113.801
281.611 100.331
315.169 131.632
302.605 145.102
2
291.217 120.853
0 0 0.918606 -0.395174
3
268.751 110.528
282.124 97.861
313.682 131.178
300.309 143.845
2
289.346 119.976
0 0 0.930396 -0.366557
3
266.285 111.061
278.849 97.5905
312.407 128.891
299.843 142.361
2
287.425 119.216
0 0 0.941293 -0.337589
3
263.857 111.745
275.563 97.5231
310.994 126.688
299.287 140.91
2
286.42 117.412
0 0 0.930396 -0.366557
3
263.359 108.496
275.923 95.026
309.481 126.327
296.917 139.797
2
285.529 115.548
0 0 0.918606 -0.395174
3
263.064 105.223
276.437 92.556
307.994 125.873
294.621 138.54
2
284.755 113.633
0 0 0.905937 -0.423412
3
262.971 101.938
277.102 90.1224
306.538 125.328
292.407 137.143
2
284.1 111.673
0 0 0.892401 -0.451244
3
263.082 98.6533
277.917 87.7347
305.119 124.694
290.284 135.612
2
283.568 109.677
0 0 0.878009 -0.478644
3
263.396 95.3819
278.878 85.402
303.741 123.973
288.259 133.953
2
283.161 107.652
0 0 0.862776 -0.505586
3
263.911 92.1362
279.981 83.1332
302.411 123.168
286.341 132.171
2
282.88 105.606
0 0 0.846717 -0.532043
3
264.627 88.9286
281.223 80.9369
301.133 122.283
284.536 130.275
2
282.032 103.845
0 0 0.846717 -0.532043
3
263.779 87.1683
280.375 79.1766
300.285 120.523
283.689 128.514
2
282.88 105.606
0 0 0.846717 -0.532043
3
264.627 88.9286
281.223 80.9369
301.133 122.283
284.536 130.275
2
283.727 107.366
0 0 0.846717 -0.532043
3
265.474 90.6889
282.07 82.6972
301.98 124.043
285.384 132.035
2
284.575 109.126
0 0 0.846717 -0.532043
3
266.322 92.4492
282.918 84.4575
302.828 125.804
286.232 133.795
2
285.423 110.887
0 0 0.846717 -0.532043
3
267.17 94.2095
283.766 86.2178
303.676 127.564
287.079 135.555
2
286.27 112.647
0 0 0.846717 -0.532043
3
268.017 95.9698
284.613 87.9781
304.523 129.324
287.927 137.316
2
287.118 114.407
0 0 0.846717 -0.532043
3
268.865 97.7301
285.461 89.7384
305.371 131.084
288.775 139.076
2
287.078 116.621
0 0 0.862776 -0.505586
3
267.828 101.105
283.898 92.1018
306.327 132.137
290.258 141.14
2
287.175 118.833
0 0 0.878009 -0.478644
3
267.002 104.537
282.484 94.5574
307.347 133.128
291.865 143.108
2
287.408 121.035
0 0 0.892401 -0.451244
3
266.39 108.014
281.225 97.0958
308.427 134.055
293.592 144.973
2
287.778 123.218
0 0 0.905937 -0.423412
3
265.994 111.523
280.125 99.7072
309.561 134.913
295.43 146.728
2
285.965 122.227
0 0 0.918606 -0.395174
3
263.5 111.902
276.873 99.2346
308.431 132.552
295.057 145.219
2
284.095 121.35
0 0 0.930396 -0.366557
3
261.034 112.434
273.598 98.9641
307.156 130.265
294.592 143.735
2
283.204 119.486
0 0 0.918606 -0.395174
3
260.738 109.161
274.111 96.4941
305.669 129.811
292.296 142.478
2
282.429 117.571
0 0 0.905937 -0.423412
3
260.646 105.876
274.777 94.0605
304.213 129.266
290.082 141.081
2
281.775 115.612
0 0 0.892401 -0.451244
3
260.757 102.591
275.592 91.6728
302.793 128.632
287.958 139.55
2
281.243 113.615
0 0 0.878009 -0.478644
3
261.07 99.32
276.552 89.3401
301.416 127.911
285.933 137.891
2
280.836 111.59
0 0 0.862776 -0.505586
3
261.586 96.0743
277.656 87.0712
300.085 127.106
284.015 136.109
2
280.554 109.544
0 0 0.846717 -0.532043
3
262.301 92.8667
278.897 84.875
298.807 126.221
282.211 134.213
2
280.4 107.484
0 0 0.829847 -0.557991
3
263.214 89.7095
280.272 82.7598
297.586 125.258
280.528 132.208
2
280.374 105.418
0 0 0.812182 -0.583404
3
264.32 86.6148
281.776 80.7337
296.427 124.222
278.971 130.103
2
279.75 103.567
0 0 0.812182 -0.583404
3
263.696 84.7633
281.152 78.8822
295.804 122.37
278.348 128.251
2
279.126 101.715
0 0 0.812182 -0.583404
3
263.072 82.9118
280.528 77.0307
295.18 120.519
277.724 126.4
2
278.502 99.8638
0 0 0.812182 -0.583404
3
262.448 81.0603
279.904 75.1792
294.556 118.667
277.1 124.548
2
277.173 98.2826
0 0 0.829847 -0.557991
3
259.987 80.5082
277.045 73.5585
294.359 116.057
277.301 123.007
2
276.436 96.4732
0 0 0.829847 -0.557991
3
259.25 78.6988
276.308 71.7491
293.622 114.248
276.563 121.197
2
276.409 94.4076
0 0 0.812182 -0.583404
3
260.356 75.6041
277.811 69.723
292.463 113.211
275.007 119.092
2
275.786 92.5562
0 0 0.812182 -0.583404
3
259.732 73.7526
277.188 67.8715
291.839 111.36
274.383 117.241
2
275.162 90.7047
0 0 0.812182 -0.583404
3
259.108 71.9011
276.564 66.02
291.216 109.508
273.76 115.389
2
275.263 88.6414
0 0 0.793739 -0.608259
3
260.403 68.8808
278.19 64.0908
290.123 108.402
272.337 113.192
2
274.755 86.7549
0 0 0.793739 -0.608259
3
259.895 66.9942
277.682 62.2043
289.615 106.516
271.829 111.305
2
274.247 84.8683
0 0 0.793739 -0.608259
3
259.387 65.1077
277.174 60.3177
289.107 104.629
271.321 109.419
2
273.739 82.9818
0 0 0.793739 -0.608259
3
258.879 63.2212
276.665 58.4312
288.599 102.742
270.813 107.532
2
273.968 80.9288
0 0 0.774535 -0.632531
3
260.359 60.2867
278.407 56.6062
287.577 101.571
269.528 105.251
2
274.323 78.8938
0 0 0.75459 -0.656196
3
262.017 57.4494
280.259 54.8925
286.629 100.338
268.387 102.895
2
274.804 76.8848
0 0 0.733922 -0.679234
3
263.848 54.7202
282.213 53.2966
285.759 99.0494
267.395 100.473
2
275.408 74.9093
0 0 0.712551 -0.70162
3
265.844 52.1094
284.262 51.8247
284.971 97.7092
266.553 97.9939
2
276.133 72.975
0 0 0.690497 -0.723335
3
267.998 49.6271
286.398 50.4823
284.267 96.3228
265.867 95.4676
2
276.976 71.0892
0 0 0.667782 -0.744357
3
270.301 47.2828
288.613 49.2747
283.651 94.8956
265.339 92.9037
2
277.934 69.2592
0 0 0.644427 -0.764666
3
272.745 45.0855
290.899 48.2063
283.124 93.4329
264.97 90.312
2
279.004 67.492
0 0 0.620455 -0.784242
3
275.32 43.0436
293.246 47.2815
282.688 91.9404
264.762 87.7025
2
280.181 65.7943
0 0 0.595889 -0.803067
3
278.016 41.1648
295.646 46.5035
282.345 90.4238
264.716 85.0851
2
281.461 64.1727
0 0 0.570752 -0.821123
3
280.824 39.4565
298.089 45.8756
282.097 88.889
264.832 82.4699
2
282.838 62.6334
0 0 0.545068 -0.838392
3
283.732 37.9251
300.567 45.4
281.945 87.3417
265.11 79.8668
2
284.308 61.1823
0 0 0.518862 -0.854858
3
286.729 36.5766
303.069 45.0786
281.888 85.7879
265.548 77.2859
2
285.866 59.8248
0 0 0.492159 -0.870505
3
289.803 35.416
305.587 44.9126
281.928 84.2336
266.144 74.737
2
287.504 58.5663
0 0 0.464984 -0.885319
3
292.944 34.4479
308.109 44.9027
282.063 82.6848
266.898 72.23
2
289.216 57.4116
0 0 0.437365 -0.899284
3
296.138 33.6759
310.628 45.0488
282.295 81.1473
267.805 69.7743
2
290.997 56.365
0 0 0.409326 -0.912388
3
299.374 33.103
313.133 45.3505
282.62 79.627
268.862 67.3795
2
292.84 55.4306
0 0 0.380895 -0.924618
3
302.64 32.7314
315.614 45.8066
283.04 78.1299
270.065 65.0547
2
294.736 54.612
0 0 0.352099 -0.935963
3
305.922 32.5624
318.063 46.4153
283.551 76.6615
271.41 62.8087
2
296.68 53.9122
0 0 0.322966 -0.946411
3
309.208 32.5969
320.469 47.1742
284.152 75.2276
272.891 60.6502
2
298.663 53.3341
0 0 0.293524 -0.955952
3
312.486 32.8346
322.823 48.0806
284.84 73.8336
274.503 58.5876
2
300.678 52.8797
0 0 0.2638 -0.964577
3
315.743 33.2746
325.117 49.1309
285.614 72.4848
276.24 56.6285
2
302.718 52.5509
0 0 0.233824 -0.972279
3
318.966 33.9152
327.341 50.321
286.469 71.1865
278.094 54.7807
2
304.773 52.3488
0 0 0.203624 -0.979049
3
322.144 34.754
329.488 51.6466
287.403 69.9436
280.059 53.0511
2
306.838 52.2743
0 0 0.173228 -0.984882
3
325.263 35.7878
331.548 53.1023
288.413 68.7609
282.127 51.4464
2
308.903 52.3277
0 0 0.142667 -0.989771
3
328.313 37.0126
333.515 54.6828
289.493 67.6428
284.291 49.9727
2
310.961 52.5087
0 0 0.111969 -0.993712
3
331.281 38.4237
335.38 56.3818
290.641 66.5938
286.542 48.6356
2
312.667 51.3449
0 0 0.142667 -0.989771
3
332.077 36.0298
337.279 53.7
293.258 66.6601
288.055 48.9899
2
314.299 50.0778
0 0 0.173228 -0.984882
3
332.724 33.5913
339.009 50.9058
295.874 66.5643
289.588 49.2498
2
315.849 48.7122
0 0 0.203624 -0.979049
3
333.219 31.1174
340.563 48.0099
298.479 66.307
291.134 49.4145
2
317.311 47.2533
0 0 0.233824 -0.972279
3
333.56 28.6177
341.935 45.0235
301.063 65.8889
292.688 49.4831
2
319.367 47.0512
0 0 0.203624 -0.979049
3
336.737 29.4565
344.082 46.349
301.997 64.646
294.653 47.7535
2
321.432 46.9768
0 0 0.173228 -0.984882
3
339.857 30.4902
346.142 47.8047
303.006 63.4633
296.721 46.1488
2
323.497 47.0301
0 0 0.142667 -0.989771
3
342.907 31.715
348.109 49.3852
304.087 62.3452
298.885 44.6751
2
325.554 47.2112
0 0 0.111969 -0.993712
3
345.875 33.1261
349.974 51.0843
305.234 61.2962
301.135 43.3381
2
327.597 47.5191
0 0 0.0811643 -0.996701
3
348.75 34.7181
351.73 52.8954
306.444 60.3201
303.464 42.1428
2
329.617 47.9529
0 0 0.0502814 -0.998735
3
351.521 36.4849
353.371 54.8118
307.713 59.4208
305.863 41.0939
2
331.606 48.5107
0 0 0.0193504 -0.999813
3
354.177 38.4198
354.89 56.826
309.034 58.6016
308.322 40.1954
