0
80 80
0
81 81
0
82 82
0
83 83
0
84 83
0
85 83
0
86 83
0
87 84
0
88 85
0
89 86
0
90 87
0
91 88
0
92 88
0
93 88
0
94 89
0
95 90
0
96 91
0
97 92
0
98 93
0
99 94
0
100 95
0
101 96
0
102 97
0
103 97
0
104 97
0
105 98
0
106 98
0
107 99
0
108 100
0
109 101
0
110 102
0
111 103
0
111 104
0
111 105
0
112 106
0
112 107
0
112 108
0
112 109
0
112 110
0
112 111
0
112 112
0
112 113
0
112 114
0
112 115
0
112 116
0
112 117
0
112 118
0
112 119
0
112 120
0
112 121
0
112 122
0
112 123
0
112 124
0
113 125
0
114 126
0
114 127
0
114 128
0
114 129
0
114 130
0
114 131
0
114 132
0
114 133
0
114 134
0
114 135
0
114 136
0
114 137
0
114 138
0
114 139
0
114 140
0
114 141
0
114 142
0
114 143
0
114 144
0
114 145
0
114 146
0
114 147
0
114 148
0
114 149
0
114 150
0
114 151
0
114 152
0
114 153
0
114 154
0
114 155
0
114 156
0
114 157
0
114 158
0
114 159
0
114 160
0
114 161
0
114 162
0
114 163
0
114 164
0
114 165
0
114 166
0
114 167
0
115 168
0
115 169
0
115 170
0
115 171
0
115 172
0
115 173
0
115 174
0
115 175
0
115 176
0
115 177
0
115 178
0
115 179
0
115 180
0
115 181
0
115 182
0
115 183
0
115 184
0
115 185
0
115 186
0
115 187
0
115 188
0
116 189
0
116 190
0
116 191
0
116 192
0
116 193
0
116 194
0
116 195
0
116 196
0
116 197
0
116 198
0
116 199
0
116 200
0
116 201
0
116 202
0
116 203
0
116 204
0
116 205
0
116 206
0
116 207
0
116 208
0
116 209
0
116 210
0
116 211
0
116 212
0
116 213
0
116 214
0
116 215
0
116 216
0
116 217
0
116 218
0
116 219
0
116 220
0
116 221
0
116 222
0
116 223
0
116 224
0
116 225
0
116 226
0
117 227
0
117 228
0
118 229
0
118 230
0
118 231
0
119 232
0
119 233
0
120 234
0
120 235
0
121 236
0
121 237
0
122 238
0
122 239
0
123 240
0
123 241
0
123 242
0
124 243
0
124 244
0
125 245
0
125 246
0
126 247
0
126 248
0
127 249
0
127 250
0
128 251
0
128 252
0
128 253
0
129 254
0
129 255
0
130 256
0
130 257
0
131 258
0
131 259
0
132 260
0
132 261
0
133 262
0
133 263
0
133 264
0
134 265
0
134 266
0
135 267
0
135 268
0
136 269
0
136 270
0
137 271
0
137 272
0
138 273
0
138 274
0
138 275
0
139 276
0
139 277
0
140 278
0
140 279
0
141 280
0
141 281
0
142 282
0
142 283
0
143 284
0
143 285
0
144 286
0
144 287
0
144 288
0
145 289
0
145 290
0
146 291
0
146 292
0
147 293
0
147 294
0
148 295
0
148 296
0
149 297
0
149 298
0
149 299
0
150 300
0
150 301
0
151 302
0
151 303
0
152 304
0
152 305
0
153 306
0
153 307
0
154 308
0
154 309
0
154 310
0
155 311
0
155 312
0
156 313
0
156 314
0
157 315
0
157 316
0
158 317
0
158 318
0
159 319
0
159 320
0
159 321
0
160 322
0
160 323
0
161 324
0
161 325
0
162 326
0
162 327
0
163 328
0
163 329
0
164 330
0
164 331
0
164 332
0
165 333
0
165 334
0
166 335
0
166 336
0
167 337
0
167 338
0
168 339
0
168 340
0
169 341
0
169 342
0
169 343
0
170 344
0
170 345
0
171 346
0
171 347
0
172 348
0
172 349
0
173 350
0
173 351
0
174 352
0
174 353
0
174 354
0
175 355
0
175 356
0
176 357
0
176 358
0
177 359
0
177 360
0
178 361
0
178 362
0
178 363
0
179 364
1
80 80 3.38198
1
78.1024 79.5349 3.38198
1
76.2373 78.9532 3.32008
1
74.3397 78.4881 3.25818
1
72.417 78.1412 3.19627
1
70.4662 78.0344 3.19627
1
68.5153 77.9276 3.19627
1
66.5645 77.8208 3.19627
1
64.6137 77.7141 3.19627
1
62.6608 77.6707 3.13128
1
60.7091 77.7543 3.06628
1
58.7671 77.9645 3.00128
1
56.8428 78.3004 2.93629
1
54.9443 78.7606 2.87129
1
53.0798 79.3431 2.80629
1
51.257 80.0455 2.74129
1
49.4837 80.8647 2.6763
1
47.7537 81.7724 2.67298
1
45.9831 82.5975 2.73798
1
44.1627 83.3059 2.80298
1
42.3001 83.8946 2.86797
1
40.4032 84.3611 2.93297
1
38.48 84.7033 2.99797
1
36.5387 84.92 3.06297
1
34.5873 85.01 3.12796
1
32.6343 84.9732 3.19296
1
30.6878 84.8095 3.25796
1
28.7559 84.5198 3.32295
1
26.847 84.1052 3.38795
1
24.9691 83.5676 3.45295
1
23.13 82.909 3.51795
1
21.3376 82.1324 3.58294
1
19.5995 81.2411 3.64794
1
17.9228 80.2387 3.71294
1
16.3149 79.1295 3.77793
1
14.7824 77.9183 3.84293
1
13.3317 76.61 3.90793
1
11.9692 75.2103 3.97293
1
10.7004 73.7251 4.03792
1
9.53071 72.1605 4.10292
1
8.46516 70.5233 4.16792
1
7.50819 68.8204 4.23291
1
6.66385 67.0589 4.29791
1
5.9357 65.2463 4.36291
1
5.32683 63.3902 4.42791
1
4.83979 61.4985 4.4929
1
4.47666 59.5791 4.5579
1
4.23895 57.6402 4.6229
1
4.12768 55.69 4.6879
1
4.14332 53.7367 4.75289
1
4.2858 51.7884 4.81789
1
4.55451 49.8536 4.88289
1
4.94833 47.9403 4.94788
1
5.46559 46.0566 5.01288
1
6.1041 44.2105 5.07788
1
6.86117 42.4098 5.14288
1
7.7336 40.662 5.20787
1
8.71771 38.9746 5.27287
1
9.80934 37.3547 5.33787
1
11.0039 35.8091 5.40286
1
12.2963 34.3444 5.46786
1
13.6811 32.9667 5.53286
1
15.1525 31.6818 5.59786
1
16.7042 30.4952 5.66285
1
18.3297 29.412 5.72785
1
20.0222 28.4366 5.79285
1
21.7744 27.5731 5.85784
1
23.579 26.8253 5.92284
1
25.4284 26.1963 5.98784
1
27.3147 25.6888 6.05284
1
29.23 25.3048 6.11783
1
31.1662 25.0461 6.18283
1
33.1151 24.9136 6.24783
1
35.0685 24.908 0.02964
1
37.0181 25.0293 0.094637
1
38.9558 25.277 0.159634
1
40.8732 25.65 0.224631
1
42.7624 26.1468 0.289629
1
44.6153 26.7652 0.354626
1
46.4242 27.5027 0.419623
1
48.1813 28.3561 0.48462
1
49.8793 29.3218 0.549617
1
51.511 30.3957 0.614614
1
53.0695 31.5734 0.679612
1
54.5482 32.8498 0.744609
1
55.9408 34.2196 0.809606
1
57.2416 35.6769 0.874603
1
58.445 37.2157 0.9396
1
59.5458 38.8293 1.0046
1
60.5396 40.5111 1.06959
1
61.422 42.2538 1.13459
1
62.1894 44.0502 1.19959
1
62.8384 45.8926 1.26459
1
63.3664 47.7733 1.32958
1
63.7712 49.6843 1.39458
1
64.0509 51.6176 1.45958
1
64.2249 53.5635 1.47244
1
64.4798 55.5002 1.40744
1
64.86 57.4162 1.34244
1
65.3638 59.3036 1.27744
1
65.9891 61.1542 1.21245
1
66.7333 62.9603 1.14745
1
67.5932 64.7142 1.08245
1
68.5652 66.4086 1.01746
1
69.6453 68.0363 0.952459
1
70.8288 69.5904 0.887462
1
72.1107 71.0643 0.822465
1
73.4856 72.4519 0.757467
1
74.9478 73.7472 0.69247
1
76.491 74.9448 0.627473
1
78.1087 76.0397 0.562476
1
79.7942 77.0272 0.497479
1
81.5402 77.9031 0.432481
1
83.3394 78.6637 0.367484
1
85.1627 79.3656 0.367484
1
87.0259 79.9534 0.429386
1
88.8492 80.6553 0.491288
1
90.6256 81.4687 0.55319
1
92.3483 82.3904 0.615092
1
94.0107 83.4169 0.676995
1
95.6063 84.5443 0.738897
1
97.1292 85.7682 0.800799
1
98.5734 87.084 0.862701
1
99.8441 88.5681 0.862701
1
101.115 90.0522 0.862701
1
102.386 91.5363 0.862701
1
103.656 93.0203 0.862701
1
104.927 94.5044 0.862701
1
106.198 95.9885 0.862701
1
107.468 97.4725 0.862701
1
108.739 98.9566 0.862701
1
110.01 100.441 0.862701
1
111.28 101.925 0.862701
1
112.64 103.327 0.924603
1
113.911 104.811 0.986505
1
115.088 106.371 1.04841
1
116.165 108.001 1.11031
1
117.14 109.694 1.17221
1
118.008 111.444 1.23411
1
118.767 113.245 1.29602
1
119.412 115.089 1.35792
1
119.942 116.969 1.41982
1
120.355 118.879 1.48172
1
120.649 120.811 1.54362
1
120.581 122.763 1.48172
1
120.634 124.716 1.41982
1
120.808 126.662 1.35792
1
121.102 128.594 1.29602
1
121.515 130.503 1.23411
1
122.045 132.384 1.17221
1
122.69 134.228 1.11031
1
123.448 136.028 1.04841
1
124.317 137.779 0.986505
1
125.291 139.472 0.924603
1
126.369 141.102 0.862701
1
127.729 142.504 0.924603
1
129 143.988 0.986505
1
130.176 145.548 1.04841
1
131.254 147.178 1.11031
1
132.229 148.871 1.17221
1
133.097 150.621 1.23411
1
133.855 152.422 1.29602
1
134.501 154.266 1.35792
1
135.031 156.146 1.41982
1
135.444 158.056 1.48172
1
135.618 160.002 1.48172
1
135.791 161.948 1.48172
1
135.965 163.894 1.48172
1
136.139 165.84 1.48172
1
136.313 167.786 1.48172
1
136.486 169.732 1.48172
1
136.66 171.678 1.48172
1
136.834 173.624 1.48172
1
137.008 175.57 1.48172
1
137.182 177.516 1.48172
1
137.355 179.462 1.48172
1
137.529 181.408 1.48172
1
137.703 183.354 1.48172
1
137.877 185.3 1.48172
1
138.051 187.246 1.48172
1
138.224 189.192 1.48172
1
138.398 191.138 1.48172
1
138.572 193.084 1.48172
1
138.746 195.03 1.48172
1
138.92 196.976 1.48172
1
139.093 198.922 1.48172
1
139.267 200.868 1.48172
1
139.441 202.814 1.48172
1
139.615 204.76 1.48172
1
139.789 206.706 1.48172
1
139.962 208.652 1.48172
1
140.136 210.598 1.48172
1
140.31 212.544 1.48172
1
140.484 214.49 1.48172
1
140.658 216.436 1.48172
1
140.831 218.382 1.48172
1
141.005 220.328 1.48172
1
141.179 222.274 1.48172
1
141.353 224.22 1.48172
1
141.527 226.166 1.48172
1
141.7 228.112 1.48172
1
141.874 230.058 1.48172
1
142.048 232.004 1.48172
1
142.222 233.95 1.48172
1
142.396 235.896 1.48172
1
142.569 237.842 1.48172
1
142.743 239.788 1.48172
1
142.917 241.734 1.48172
1
143.091 243.68 1.48172
1
143.265 245.626 1.48172
1
143.438 247.572 1.48172
1
143.612 249.518 1.48172
1
143.786 251.464 1.48172
1
143.96 253.41 1.48172
1
144.134 255.356 1.48172
1
144.307 257.302 1.48172
1
144.481 259.248 1.48172
1
144.655 261.194 1.48172
1
144.829 263.14 1.48172
1
145.003 265.086 1.48172
1
145.176 267.032 1.48172
1
145.35 268.978 1.48172
1
145.524 270.924 1.48172
1
145.698 272.87 1.48172
1
145.872 274.816 1.48172
1
145.925 276.769 1.41982
1
146.098 278.715 1.35792
1
146.392 280.647 1.29602
1
146.805 282.556 1.23411
1
147.335 284.437 1.17221
1
147.981 286.281 1.11031
1
148.739 288.081 1.04841
1
149.607 289.832 0.986505
1
150.784 291.391 1.04841
1
151.861 293.021 1.11031
1
152.836 294.714 1.17221
1
153.704 296.464 1.23411
1
154.463 298.265 1.29602
1
154.993 300.145 1.29602
1
155.523 302.026 1.29602
1
156.053 303.906 1.29602
1
156.583 305.787 1.29602
1
157.113 307.667 1.29602
1
157.643 309.548 1.29602
1
158.289 311.392 1.35792
1
158.819 313.272 1.41982
1
159.232 315.182 1.48172
1
159.525 317.113 1.54362
1
159.458 319.066 1.48172
1
159.511 321.019 1.41982
1
159.685 322.965 1.35792
1
159.978 324.897 1.29602
1
160.391 326.806 1.23411
1
160.921 328.687 1.17221
1
161.567 330.531 1.11031
1
162.325 332.331 1.04841
1
163.193 334.082 0.986505
1
164.168 335.775 0.924603
1
165.246 337.404 0.862701
1
166.564 338.846 0.797704
1
167.973 340.199 0.732706
1
169.466 341.458 0.667709
1
171.039 342.617 0.602712
1
172.683 343.672 0.537715
1
174.392 344.617 0.472718
1
176.16 345.449 0.407721
1
177.977 346.165 0.342723
1
179.837 346.762 0.277726
1
181.732 347.236 0.212729
1
183.654 347.586 0.147732
1
185.594 347.811 0.0827346
1
187.545 347.909 0.0177374
1
189.499 347.88 6.23593
1
191.446 347.724 6.17093
1
193.379 347.442 6.10593
1
195.289 347.036 6.04093
1
197.17 346.506 5.97594
1
199.031 345.913 6.00132
1
200.924 345.431 6.06632
1
202.844 345.073 6.13131
1
204.784 344.84 6.19631
1
206.734 344.734 6.26131
1
208.688 344.755 0.0431189
1
210.635 344.902 0.108116
1
212.57 345.176 0.173113
1
214.482 345.575 0.23811
1
216.364 346.097 0.303108
1
218.209 346.74 0.368105
1
220.007 347.502 0.433102
1
221.753 348.379 0.498099
1
223.438 349.368 0.563096
1
225.055 350.463 0.628094
1
226.597 351.662 0.693091
1
228.059 352.958 0.758088
1
229.433 354.347 0.823085
1
230.714 355.821 0.888082
1
231.896 357.376 0.95308
1
232.975 359.005 1.01808
1
233.946 360.7 1.08307
1
234.805 362.454 1.14807
1
235.548 364.261 1.21307
1
236.172 366.112 1.27807
1
236.675 367.999 1.34306
1
237.054 369.916 1.40806
1
237.307 371.852 1.47306
1
237.435 373.802 1.53805
1
237.435 375.755 1.60305
1
237.309 377.704 1.66805
1
237.056 379.641 1.73305
1
236.678 381.558 1.79804
1
236.176 383.446 1.86304
1
235.553 385.297 1.92804
1
234.811 387.104 1.99303
1
233.953 388.859 2.05803
1
232.983 390.554 2.12303
1
231.905 392.183 2.18803
1
230.723 393.739 2.25302
1
229.443 395.214 2.31802
1
228.069 396.603 2.38302
1
226.608 397.9 2.44801
1
225.067 399.099 2.51301
1
223.45 400.196 2.57801
1
221.766 401.185 2.64301
1
220.021 402.063 2.708
1
218.222 402.826 2.773
1
216.378 403.47 2.838
1
214.496 403.993 2.903
1
212.584 404.393 2.96799
1
210.65 404.668 3.03299
1
208.702 404.816 3.09799
1
206.749 404.838 3.16298
1
204.798 404.733 3.22798
1
202.859 404.501 3.29298
1
200.938 404.144 3.35798
1
199.045 403.663 3.42297
1
197.187 403.059 3.48797
1
195.372 402.337 3.55297
1
193.608 401.498 3.61796
1
191.902 400.546 3.68296
1
190.262 399.486 3.74796
1
188.694 398.321 3.81296
1
187.204 397.057 3.87795
1
185.8 395.699 3.94295
1
184.488 394.252 4.00795
1
183.272 392.723 4.07294
1
182.158 391.119 4.13794
1
181.15 389.445 4.20294
1
180.253 387.71 4.26794
1
179.471 385.92 4.33293
1
178.807 384.083 4.39793
1
178.263 382.207 4.46293
1
177.843 380.299 4.52793
1
177.547 378.368 4.59292
1
177.377 376.422 4.65792
1
177.335 374.469 4.72292
1
177.419 372.518 4.78791
1
177.629 370.576 4.85291
1
177.965 368.651 4.91791
1
178.426 366.753 4.98291
1
179.003 364.887 5.01908
2
66.252 76.63
0 0 0.992785 -0.119905
3
41.7741 80.1124
46.1595 62.2221
90.73 73.1475
86.3445 91.0379
2
64.3545 76.1648
0 0 0.992785 -0.119905
3
39.8765 79.6473
44.2619 61.7569
88.8324 72.6824
84.447 90.5727
2
62.3071 76.4401
0 0 0.99602 -0.0891247
3
38.0915 81.4302
41.3618 63.3028
86.5228 71.4501
83.2525 89.5775
2
60.2808 76.8415
0 0 0.998301 -0.0582591
3
36.4202 83.3201
38.5629 65.0251
84.1413 70.363
81.9987 88.658
2
58.2832 77.3676
0 0 0.999626 -0.0273376
3
34.8691 85.3097
35.8758 66.9173
81.6972 69.4254
80.6905 87.8178
2
56.3323 77.2608
0 0 0.999626 -0.0273376
3
32.9183 85.2029
33.925 66.8105
79.7464 69.3186
78.7397 87.7111
2
54.3815 77.154
0 0 0.999626 -0.0273376
3
30.9674 85.0962
31.9742 66.7037
77.7956 69.2118
76.7888 87.6043
2
52.4307 77.0472
0 0 0.999626 -0.0273376
3
29.0166 84.9894
30.0233 66.5969
75.8447 69.105
74.838 87.4975
2
50.4798 76.9404
0 0 0.999626 -0.0273376
3
27.0658 84.8826
28.0725 66.4901
73.8939 68.9982
72.8872 87.3907
2
48.5065 77.8167
0 0 0.999987 0.00515752
3
25.6577 87.2629
25.4677 68.8439
71.3553 68.3706
71.5453 86.7896
2
46.5943 78.8194
0 0 0.999291 0.0376472
3
24.4073 89.7297
23.0213 71.3619
68.7813 67.9091
70.1672 86.2769
2
44.7512 79.9441
0 0 0.99754 0.0700972
3
23.3197 92.2724
20.7437 74.0335
66.1827 67.6158
68.7587 85.8547
2
42.985 81.1862
0 0 0.994736 0.102473
3
22.3995 94.8805
18.6443 76.8473
63.5705 67.4919
67.3258 85.525
2
41.3033 82.5403
0 0 0.990881 0.134741
3
21.6507 97.5428
16.7322 79.7916
60.9559 67.5379
65.8745 85.289
2
39.7131 84.0008
0 0 0.98598 0.166866
3
21.0764 100.248
15.0153 82.8538
58.3497 67.7536
64.4109 85.1478
2
38.2211 85.5616
0 0 0.980037 0.198815
3
20.6791 102.985
13.5009 86.0212
55.7631 68.1382
62.9412 85.102
2
36.8336 87.2159
0 0 0.973059 0.230555
3
20.4603 105.742
12.1955 89.2801
53.2069 68.6899
61.4717 85.1517
2
35.1247 88.1654
0 0 0.972676 0.232167
3
18.8129 106.746
10.4935 90.3113
51.4365 69.5853
59.7558 86.0195
2
32.9655 88.1568
0 0 0.979706 0.200439
3
15.4814 105.638
8.24703 88.6983
50.4497 70.6753
57.684 87.6153
2
30.8115 88.008
0 0 0.985702 0.1685
3
12.2288 104.317
6.11003 86.9429
49.3942 71.699
55.513 89.0731
2
28.6717 87.7195
0 0 0.990656 0.136383
3
9.06896 102.787
4.09156 85.0523
48.2744 72.652
53.2518 90.3868
2
26.5551 87.2927
0 0 0.994565 0.104122
3
6.01514 101.055
2.20015 83.0346
47.0951 73.5303
50.9101 91.5509
2
24.4708 86.7293
0 0 0.997423 0.0717503
3
3.08026 99.1286
0.443793 80.8983
45.8613 74.33
48.4978 92.5604
2
22.4274 86.0318
0 0 0.999227 0.0393033
3
0.276704 97.0155
-1.17011 78.6525
44.5781 75.048
46.0249 93.4111
2
20.4337 85.2029
0 0 0.999977 0.00681474
3
-2.38368 94.7248
-2.63473 76.3065
43.251 75.6811
43.5021 94.0994
2
18.498 84.2464
0 0 0.99967 -0.0256809
3
-4.88966 92.2661
-3.94389 73.8704
41.8856 76.2266
40.9398 94.6223
2
16.6285 83.1661
0 0 0.998308 -0.0581495
3
-7.23065 89.6499
-5.09205 71.3544
40.4876 76.6824
38.349 94.9778
2
14.8331 81.9667
0 0 0.995891 -0.0905567
3
-9.39677 86.8871
-6.07437 68.7692
39.063 77.0463
35.7406 95.1642
2
13.1194 80.6532
0 0 0.992423 -0.122868
3
-11.3789 83.9894
-6.88671 66.1256
37.6177 77.317
33.1256 95.1808
2
11.4947 79.2312
0 0 0.987907 -0.15505
3
-13.1686 80.9691
-7.52562 63.4348
36.1579 77.4932
30.515 95.0275
2
9.96573 77.7066
0 0 0.982347 -0.187068
3
-14.7583 77.839
-7.98841 60.7082
34.6898 77.5742
27.9199 94.705
2
8.53903 76.086
0 0 0.97575 -0.218889
3
-16.1414 74.6122
-8.27313 57.9573
33.2195 77.5597
25.3512 94.2146
2
7.2206 74.3761
0 0 0.968122 -0.250478
3
-17.312 71.3024
-8.37857 55.1937
31.7532 77.4498
22.8198 93.5584
2
6.01602 72.5842
0 0 0.959472 -0.281803
3
-18.2652 67.9236
-8.30429 52.4291
30.2972 77.2448
20.3363 92.7392
2
4.93037 70.7178
0 0 0.949809 -0.31283
3
-18.9968 64.4899
-8.0506 49.6752
28.8576 76.9457
17.9113 91.7604
2
3.96824 68.7849
0 0 0.939143 -0.343527
3
-19.5039 61.016
-7.61858 46.9435
27.4404 76.5537
15.5551 90.6262
2
3.13368 66.7935
0 0 0.927485 -0.373861
3
-19.7843 57.5165
-7.01005 44.2457
26.0517 76.0705
13.2774 89.3413
2
2.43022 64.7522
0 0 0.914847 -0.4038
3
-19.8368 54.0062
-6.22757 41.5931
24.6973 75.4981
11.088 87.9112
2
1.86085 62.6694
0 0 0.901243 -0.433313
3
-19.6612 50.4999
-5.27445 38.997
23.3829 74.839
8.99615 86.3419
2
1.42795 60.5541
0 0 0.886688 -0.462368
3
-19.2583 47.0124
-4.15472 36.4682
22.1141 74.0958
7.01062 84.64
2
1.13336 58.4151
0 0 0.871196 -0.490935
3
-18.6296 43.5584
-2.87311 34.0175
20.8963 73.2719
5.13982 82.8128
2
0.978307 56.2616
0 0 0.854784 -0.518983
3
-17.778 40.1526
-1.43505 31.6552
19.7346 72.3705
3.39167 80.8679
2
0.96347 54.1025
0 0 0.83747 -0.546484
3
-16.7069 36.8092
0.153425 29.3913
18.6338 71.3957
1.77351 78.8136
2
1.0889 51.9469
0 0 0.819271 -0.573407
3
-15.4209 33.5425
1.88559 27.2354
17.5987 70.3514
0.29221 76.6585
2
1.35407 49.8041
0 0 0.800206 -0.599725
3
-13.9255 30.3662
3.75413 25.1965
16.6337 69.242
-1.04599 74.4118
2
1.75786 47.6831
0 0 0.780297 -0.625409
3
-12.2269 27.2938
5.75116 23.2833
15.7427 68.0723
-2.23543 72.0829
2
2.29856 45.5927
0 0 0.759564 -0.650433
3
-10.3324 24.3381
7.86823 21.5038
14.9295 66.8473
-3.2711 69.6816
2
2.9739 43.5419
0 0 0.738028 -0.67477
3
-8.24988 21.5118
10.0964 19.8656
14.1977 65.5719
-4.14862 67.2182
2
3.78101 41.5392
0 0 0.715713 -0.698394
3
-5.98818 18.8267
12.4263 18.3756
13.5502 64.2518
-4.86428 64.7029
2
4.71649 39.5933
0 0 0.692643 -0.721281
3
-3.55686 16.2941
14.848 17.04
12.9898 62.8924
-5.41505 62.1465
2
5.77639 37.7122
0 0 0.66884 -0.743406
3
-0.966176 13.9249
17.3514 15.8646
12.519 61.4994
-5.79863 59.5597
2
6.95623 35.9039
0 0 0.644332 -0.764746
3
1.77292 11.7289
19.9258 14.8542
12.1395 60.0788
-6.01337 56.9535
2
8.25104 34.176
0 0 0.619143 -0.785278
3
4.64887 9.7154
22.5605 14.0132
11.8532 58.6366
-6.05839 54.3388
2
9.65533 32.5359
0 0 0.5933 -0.804982
3
7.64952 7.89298
25.2441 13.3451
11.6611 57.1788
-5.93348 51.7267
2
11.1632 30.9905
0 0 0.56683 -0.823834
3
10.7622 6.26931
27.9655 12.8527
11.5642 55.7117
-5.63917 49.1282
2
12.7682 29.5463
0 0 0.539762 -0.841817
3
13.9738 4.85125
30.7132 12.5382
11.5627 54.2413
-5.17672 46.5544
2
14.4637 28.2093
0 0 0.512124 -0.858911
3
17.2707 3.64477
33.4755 12.4027
11.6567 52.7739
-4.54806 44.016
2
16.2424 26.9854
0 0 0.483945 -0.875098
3
20.639 2.65498
36.2407 12.4469
11.8459 51.3157
-3.75586 41.5238
2
18.0969 25.8795
0 0 0.455255 -0.890361
3
24.0644 1.88606
38.9972 12.6707
12.1293 49.8729
-2.80346 39.0883
2
20.0193 24.8964
0 0 0.426085 -0.904683
3
27.5326 1.34124
41.7334 13.073
12.5059 48.4516
-1.69489 36.7198
2
22.0014 24.0403
0 0 0.396464 -0.91805
3
31.0289 1.02285
44.4377 13.6522
12.974 47.0577
-0.434814 34.4284
2
24.035 23.3147
0 0 0.366424 -0.930448
3
34.5384 0.932208
47.0986 14.4058
13.5316 45.6972
0.97143 32.2236
2
26.1114 22.7227
0 0 0.335998 -0.941863
3
38.0464 1.06971
49.705 15.3307
14.1764 44.3757
2.51791 30.1148
2
28.2219 22.2669
0 0 0.305217 -0.952283
3
41.5381 1.43477
52.2458 16.4229
14.9057 43.099
4.19809 28.1109
2
30.3576 21.9491
0 0 0.274113 -0.961697
3
44.9987 2.02585
54.7103 17.6778
15.7164 41.8723
6.00489 26.2203
2
32.5093 21.7706
0 0 0.24272 -0.970096
3
48.4136 2.84046
57.088 19.0901
16.6051 40.7008
7.93065 24.4512
2
34.6682 21.7323
0 0 0.211071 -0.977471
3
51.7684 3.87514
59.3691 20.6539
17.5679 39.5895
9.96727 22.8108
2
36.8249 21.8343
0 0 0.179198 -0.983813
3
55.0489 5.12554
61.5437 22.3625
18.6009 38.5431
12.1061 21.3062
2
38.9705 22.0762
0 0 0.147137 -0.989116
3
58.2412 6.58638
63.6028 24.2088
19.6997 37.5661
14.3382 19.9436
2
41.0958 22.4569
0 0 0.11492 -0.993375
3
61.332 8.25147
65.5376 26.1849
20.8597 36.6624
16.6541 18.7289
2
43.1919 22.9749
0 0 0.0825817 -0.996584
3
64.308 10.1138
67.3399 28.2826
22.0758 35.836
19.0439 17.6673
2
45.25 23.6279
0 0 0.0501562 -0.998741
3
67.1568 12.1655
69.0022 30.4928
23.3431 35.0904
21.4977 16.763
2
47.2612 24.4132
0 0 0.0176777 -0.999844
3
69.8663 14.3979
70.5175 32.8064
24.6562 34.4286
24.005 16.0201
2
49.2173 25.3275
0 0 0.0148195 0.99989
3
72.4251 16.8016
71.8792 35.2135
26.0094 33.8535
26.5553 15.4416
2
51.1098 26.3669
0 0 0.0473008 0.998881
3
74.8224 19.3663
73.0818 37.7039
27.3971 33.3675
29.1378 15.0299
2
52.9308 27.527
0 0 0.0797323 0.996816
3
77.048 22.0814
74.1201 40.2672
28.8135 32.9727
31.7415 14.7869
2
54.6726 28.803
0 0 0.11208 0.993699
3
79.0926 24.9353
74.9896 42.8925
30.2526 32.6707
34.3556 14.7135
2
56.3279 30.1894
0 0 0.144309 0.989533
3
80.9475 27.916
75.6869 45.5688
31.7082 32.4628
36.9689 14.81
2
57.8896 31.6804
0 0 0.176385 0.984321
3
82.6049 31.0109
76.2088 48.2847
33.1742 32.3499
39.5704 15.076
2
59.3511 33.2696
0 0 0.208276 0.97807
3
84.0578 34.2068
76.5532 51.0288
34.6445 32.3324
42.1491 15.5105
2
60.7064 34.9505
0 0 0.239946 0.970786
3
85.3 37.4904
76.7186 53.7894
36.1128 32.4105
44.6942 16.1116
2
61.9496 36.7158
0 0 0.271363 0.962477
3
86.3263 40.8478
76.7044 56.555
37.5729 32.5838
47.1948 16.8766
2
63.0756 38.5581
0 0 0.302493 0.953152
3
87.1324 44.2647
76.5107 59.3138
39.0187 32.8516
49.6405 17.8025
2
64.0795 40.4697
0 0 0.333304 0.942819
3
87.7149 47.7267
76.1381 62.0541
40.4441 33.2127
52.0209 18.8853
2
64.9571 42.4425
0 0 0.363763 0.931492
3
88.0712 51.2193
75.5883 64.7645
41.843 33.6656
54.3259 20.1204
2
65.7047 44.4681
0 0 0.393838 0.91918
3
88.2 54.7277
74.8636 67.4335
43.2095 34.2084
56.5458 21.5026
2
66.3192 46.5379
0 0 0.423497 0.905898
3
88.1006 58.237
73.9672 70.0498
44.5378 34.8389
58.6713 23.0261
2
66.798 48.6433
0 0 0.452708 0.891659
3
87.7735 61.7324
72.9026 72.6023
45.8225 35.5542
60.6933 24.6844
2
67.139 50.7754
0 0 0.481442 0.876478
3
87.2201 65.1992
71.6746 75.0802
47.0579 36.3515
62.6034 26.4705
2
67.3408 52.9251
0 0 0.509667 0.860372
3
86.4426 68.6228
70.2882 77.4732
48.2389 37.2274
64.3934 28.377
2
67.4025 55.0834
0 0 0.537354 0.843357
3
85.4444 71.9886
68.7492 79.7711
49.3606 38.1782
66.0558 30.3957
2
67.3239 57.2411
0 0 0.564473 0.825452
3
84.2297 75.2825
67.0643 81.9642
50.4182 39.1997
67.5836 32.518
2
67.1054 59.3892
0 0 0.590996 0.806674
3
82.8037 78.4905
65.2405 84.0432
51.4071 40.2878
68.9703 34.7352
2
66.7478 61.5185
0 0 0.616895 0.787045
3
81.1723 81.5991
63.2855 85.9993
52.3233 41.4379
70.21 37.0377
2
66.2526 63.6201
0 0 0.642143 0.766585
3
79.3424 84.5952
61.2076 87.8244
53.1629 42.645
71.2976 39.4159
2
65.622 65.6851
0 0 0.666712 0.745315
3
77.3217 87.4662
59.0155 89.5106
53.9223 43.9041
72.2285 41.8597
2
65.615 67.6501
0 0 0.67149 0.741013
3
77.0337 89.5797
58.7027 91.3886
54.1963 45.7204
72.5272 43.9115
2
66.7819 69.4667
0 0 0.647058 0.762441
3
79.6008 90.6084
61.4261 93.6041
53.9629 48.325
72.1377 45.3294
2
68.0643 71.2038
0 0 0.621943 0.783063
3
82.2294 91.4682
64.2876 95.6381
53.8992 50.9393
71.841 46.7695
2
69.4568 72.8539
0 0 0.59617 0.802858
3
84.9082 92.1555
67.2751 97.4818
54.0055 53.5523
71.6386 48.2259
2
70.9536 74.41
0 0 0.569768 0.821805
3
87.626 92.6673
70.3761 99.1277
54.2812 56.1528
71.5311 49.6923
2
72.5483 75.8657
0 0 0.542765 0.839885
3
90.3714 93.0015
73.5775 100.569
54.7253 58.7299
71.5192 51.1627
2
74.2342 77.2147
0 0 0.515188 0.857077
3
93.1326 93.1567
76.8657 101.799
55.3358 61.2727
71.6027 52.6307
2
76.0041 78.4513
0 0 0.487067 0.873365
3
95.8981 93.1322
80.2268 102.812
56.1102 63.7705
71.7814 54.0902
2
77.8507 79.5704
0 0 0.458431 0.88873
3
98.6562 92.9281
83.6467 103.606
57.0452 66.2127
72.0546 55.5349
2
79.766 80.5672
0 0 0.429312 0.903156
3
101.395 92.5453
87.1109 104.175
58.1368 68.589
72.421 56.9589
2
81.742 81.4374
0 0 0.399739 0.916629
3
104.103 91.9855
90.6048 104.519
59.3805 70.8894
72.8791 58.3561
2
83.7703 82.1775
0 0 0.369744 0.929134
3
106.77 91.2509
94.1136 104.634
60.7709 73.1042
73.427 59.7206
2
85.8425 82.7843
0 0 0.339359 0.940657
3
109.383 90.3447
97.6225 104.522
62.3023 75.224
74.0624 61.0466
2
87.9496 83.2552
0 0 0.308615 0.951187
3
111.931 89.2706
101.117 104.182
63.9682 77.2398
74.7826 62.3286
2
90.083 83.5883
0 0 0.277545 0.960713
3
114.405 88.0334
104.581 103.616
65.7614 79.1432
75.5845 63.561
2
92.2334 83.7821
0 0 0.246182 0.969224
3
116.792 86.638
108.002 102.825
67.6745 80.9261
76.4647 64.7388
2
94.3919 83.8358
0 0 0.214559 0.976711
3
119.084 85.0906
111.364 101.815
69.6993 82.581
77.4196 65.8569
2
96.5493 83.7492
0 0 0.18271 0.983167
3
121.271 83.3975
114.654 100.588
71.8274 84.1008
78.4451 66.9107
2
98.3726 84.4511
0 0 0.18271 0.983167
3
123.095 84.0994
116.477 101.29
73.6507 84.8028
80.2684 67.6126
2
99.896 85.8463
0 0 0.213048 0.977042
3
124.592 87.0247
116.924 103.773
75.1996 84.668
82.8681 67.9201
2
101.33 87.3331
0 0 0.243181 0.969981
3
125.906 90.037
117.216 106.278
76.7539 84.6293
85.4438 68.3879
2
102.669 88.9058
0 0 0.273082 0.961991
3
127.031 93.1249
117.353 108.798
78.3077 84.6868
87.9856 69.0141
2
103.909 90.5583
0 0 0.302721 0.953079
3
127.963 96.2764
117.334 111.32
79.8548 84.8403
90.4838 69.7963
2
105.044 92.2844
0 0 0.33207 0.943255
3
128.698 99.4795
117.159 113.837
81.3896 85.0892
92.9288 70.7316
2
106.07 94.0773
0 0 0.361101 0.932527
3
129.234 102.722
116.828 116.338
82.906 85.4326
95.3113 71.8164
2
106.983 95.9303
0 0 0.389786 0.920905
3
129.568 105.991
116.344 118.814
84.3982 85.8692
97.6221 73.0464
2
107.78 97.8362
0 0 0.418098 0.908402
3
129.699 109.275
115.707 121.255
85.8606 86.3972
99.8524 74.4171
2
109.05 99.3203
0 0 0.418098 0.908402
3
130.969 110.759
116.978 122.739
87.1313 87.8813
101.123 75.9011
2
110.321 100.804
0 0 0.418098 0.908402
3
132.24 112.243
118.248 124.223
88.402 89.3654
102.394 77.3852
2
111.592 102.288
0 0 0.418098 0.908402
3
133.511 113.727
119.519 125.708
89.6727 90.8494
103.665 78.8693
2
112.862 103.772
0 0 0.418098 0.908402
3
134.782 115.211
120.79 127.192
90.9434 92.3335
104.935 80.3533
2
114.133 105.257
0 0 0.418098 0.908402
3
136.052 116.696
122.06 128.676
92.2141 93.8176
106.206 81.8374
2
115.404 106.741
0 0 0.418098 0.908402
3
137.323 118.18
123.331 130.16
93.4848 95.3016
107.477 83.3215
2
116.675 108.225
0 0 0.418098 0.908402
3
138.594 119.664
124.602 131.644
94.7555 96.7857
108.747 84.8056
2
117.945 109.709
0 0 0.418098 0.908402
3
139.864 121.148
125.872 133.128
96.0262 98.2698
110.018 86.2896
2
119.216 111.193
0 0 0.418098 0.908402
3
141.135 122.632
127.143 134.612
97.2969 99.7539
111.289 87.7737
2
120.487 112.677
0 0 0.418098 0.908402
3
142.406 124.116
128.414 136.096
98.5676 101.238
112.559 89.2578
2
121.164 114.628
0 0 0.446009 0.895028
3
142.333 127.402
127.627 138.493
99.9945 101.855
114.701 90.7638
2
121.719 116.618
0 0 0.473493 0.880798
3
142.058 130.676
126.694 140.837
101.38 102.56
116.745 92.3994
2
122.15 118.638
0 0 0.500524 0.865723
3
141.58 133.928
125.617 143.119
102.72 103.349
118.683 94.1582
2
122.456 120.681
0 0 0.527075 0.849819
3
140.903 137.144
124.401 145.329
104.009 104.219
120.51 96.0337
2
122.634 122.739
0 0 0.553121 0.833101
3
140.027 140.311
123.051 147.46
105.241 105.168
122.217 98.0186
2
122.685 124.805
0 0 0.578637 0.815585
3
138.958 143.419
121.572 149.504
106.412 106.19
123.797 100.105
2
122.607 126.869
0 0 0.603599 0.797288
3
137.698 146.454
119.969 151.452
107.517 107.284
125.246 102.286
2
122.403 128.924
0 0 0.627983 0.778227
3
136.253 149.406
118.248 153.297
108.553 108.443
126.557 104.552
2
122.071 130.963
0 0 0.651765 0.758421
3
134.627 152.262
116.417 155.033
109.515 109.665
127.725 106.894
2
121.614 132.978
0 0 0.674923 0.737888
3
132.829 155.013
114.482 156.651
110.4 110.943
128.747 109.305
2
121.033 134.96
0 0 0.697435 0.716648
3
130.863 157.647
112.45 158.147
111.203 112.274
129.617 111.774
2
121.84 136.862
0 0 0.674923 0.737888
3
133.055 158.897
114.708 160.535
110.626 114.827
128.973 113.189
2
122.763 138.71
0 0 0.651765 0.758421
3
135.319 160.009
117.109 162.779
110.207 117.411
128.417 114.641
2
123.799 140.498
0 0 0.627983 0.778227
3
137.648 160.979
119.644 164.871
109.949 120.016
127.953 116.125
2
124.943 142.218
0 0 0.603599 0.797288
3
140.033 161.803
122.304 166.801
109.852 122.632
127.581 117.634
2
126.191 143.864
0 0 0.578637 0.815585
3
142.464 162.478
125.078 168.563
109.918 125.249
127.304 119.164
2
127.538 145.429
0 0 0.553121 0.833101
3
144.932 163.001
127.956 170.15
110.145 127.857
127.121 120.708
2
128.98 146.908
0 0 0.527075 0.849819
3
147.427 163.371
130.926 171.556
110.533 130.446
127.035 122.261
2
130.511 148.296
0 0 0.500524 0.865723
3
149.941 163.585
133.978 172.776
111.081 133.006
127.044 123.815
2
132.125 149.585
0 0 0.473493 0.880798
3
152.463 163.644
137.099 173.804
111.786 135.527
127.15 125.367
2
133.815 150.773
0 0 0.446009 0.895028
3
154.984 163.546
140.278 174.638
112.645 138
127.352 126.908
2
135.575 151.854
0 0 0.418098 0.908402
3
157.494 163.293
143.503 175.273
113.656 140.415
127.648 128.435
2
136.253 153.805
0 0 0.446009 0.895028
3
157.422 166.578
142.716 177.67
115.083 141.032
129.789 129.941
2
136.808 155.795
0 0 0.473493 0.880798
3
157.147 169.853
141.782 180.014
116.469 141.737
131.833 131.576
2
137.239 157.815
0 0 0.500524 0.865723
3
156.669 173.105
140.706 182.295
117.809 142.526
133.772 133.335
2
137.544 159.858
0 0 0.527075 0.849819
3
155.991 176.32
139.49 184.506
119.097 143.396
135.599 135.21
2
137.723 161.916
0 0 0.553121 0.833101
3
155.116 179.488
138.14 186.637
120.329 144.344
137.305 137.195
2
137.773 163.981
0 0 0.578637 0.815585
3
154.046 182.596
136.66 188.681
121.5 145.367
138.886 139.282
2
137.696 166.046
0 0 0.603599 0.797288
3
152.786 185.631
135.057 190.629
122.606 146.46
140.335 141.462
2
137.491 168.101
0 0 0.627983 0.778227
3
151.341 188.582
133.337 192.474
123.642 147.62
141.646 143.728
2
137.16 170.14
0 0 0.651765 0.758421
3
149.716 191.439
131.506 194.209
124.604 148.841
142.814 146.071
2
136.703 172.155
0 0 0.674923 0.737888
3
147.918 194.189
129.571 195.828
125.488 150.12
143.835 148.481
2
136.877 174.101
0 0 0.674923 0.737888
3
148.091 196.135
129.744 197.774
125.662 152.066
144.009 150.427
2
137.05 176.047
0 0 0.674923 0.737888
3
148.265 198.081
129.918 199.72
125.836 154.012
144.183 152.373
2
137.224 177.993
0 0 0.674923 0.737888
3
148.439 200.027
130.092 201.666
126.01 155.958
144.357 154.319
2
137.398 179.939
0 0 0.674923 0.737888
3
148.613 201.973
130.266 203.612
126.183 157.904
144.53 156.265
2
137.572 181.885
0 0 0.674923 0.737888
3
148.787 203.919
130.44 205.558
126.357 159.85
144.704 158.211
2
137.746 183.831
0 0 0.674923 0.737888
3
148.96 205.865
130.613 207.504
126.531 161.796
144.878 160.157
2
137.919 185.777
0 0 0.674923 0.737888
3
149.134 207.811
130.787 209.45
126.705 163.742
145.052 162.103
2
138.093 187.723
0 0 0.674923 0.737888
3
149.308 209.757
130.961 211.396
126.879 165.688
145.226 164.049
2
138.267 189.669
0 0 0.674923 0.737888
3
149.482 211.703
131.135 213.342
127.052 167.634
145.399 165.995
2
138.441 191.615
0 0 0.674923 0.737888
3
149.655 213.649
131.309 215.288
127.226 169.58
145.573 167.941
2
138.615 193.561
0 0 0.674923 0.737888
3
149.829 215.595
131.482 217.234
127.4 171.526
145.747 169.887
2
138.788 195.507
0 0 0.674923 0.737888
3
150.003 217.541
131.656 219.18
127.574 173.472
145.921 171.833
2
138.962 197.453
0 0 0.674923 0.737888
3
150.177 219.487
131.83 221.126
127.748 175.418
146.095 173.779
2
139.136 199.399
0 0 0.674923 0.737888
3
150.351 221.433
132.004 223.072
127.921 177.364
146.268 175.725
2
139.31 201.345
0 0 0.674923 0.737888
3
150.524 223.379
132.178 225.018
128.095 179.31
146.442 177.671
2
139.484 203.291
0 0 0.674923 0.737888
3
150.698 225.325
132.351 226.964
128.269 181.256
146.616 179.617
2
139.657 205.237
0 0 0.674923 0.737888
3
150.872 227.271
132.525 228.91
128.443 183.202
146.79 181.563
2
139.831 207.183
0 0 0.674923 0.737888
3
151.046 229.217
132.699 230.856
128.617 185.148
146.964 183.509
2
140.005 209.129
0 0 0.674923 0.737888
3
151.22 231.163
132.873 232.802
128.79 187.094
147.137 185.455
2
140.179 211.075
0 0 0.674923 0.737888
3
151.393 233.109
133.046 234.748
128.964 189.04
147.311 187.401
2
140.353 213.021
0 0 0.674923 0.737888
3
151.567 235.055
133.22 236.694
129.138 190.986
147.485 189.347
2
140.526 214.967
0 0 0.674923 0.737888
3
151.741 237.001
133.394 238.64
129.312 192.932
147.659 191.293
2
140.7 216.913
0 0 0.674923 0.737888
3
151.915 238.947
133.568 240.586
129.486 194.878
147.833 193.239
2
140.874 218.859
0 0 0.674923 0.737888
3
152.089 240.893
133.742 242.532
129.659 196.824
148.006 195.185
2
141.048 220.805
0 0 0.674923 0.737888
3
152.262 242.839
133.915 244.478
129.833 198.77
148.18 197.131
2
141.222 222.751
0 0 0.674923 0.737888
3
152.436 244.785
134.089 246.424
130.007 200.716
148.354 199.077
2
141.395 224.697
0 0 0.674923 0.737888
3
152.61 246.731
134.263 248.37
130.181 202.662
148.528 201.023
2
141.569 226.643
0 0 0.674923 0.737888
3
152.784 248.677
134.437 250.316
130.355 204.608
148.702 202.969
2
141.743 228.589
0 0 0.674923 0.737888
3
152.958 250.623
134.611 252.262
130.528 206.554
148.875 204.915
2
141.917 230.535
0 0 0.674923 0.737888
3
153.131 252.569
134.784 254.208
130.702 208.5
149.049 206.861
2
142.091 232.481
0 0 0.674923 0.737888
3
153.305 254.515
134.958 256.154
130.876 210.446
149.223 208.807
2
142.264 234.427
0 0 0.674923 0.737888
3
153.479 256.461
135.132 258.1
131.05 212.392
149.397 210.753
2
142.438 236.373
0 0 0.674923 0.737888
3
153.653 258.407
135.306 260.046
131.224 214.338
149.571 212.699
2
142.612 238.319
0 0 0.674923 0.737888
3
153.827 260.353
135.48 261.992
131.397 216.284
149.744 214.645
2
142.786 240.265
0 0 0.674923 0.737888
3
154 262.299
135.653 263.938
131.571 218.23
149.918 216.591
2
142.96 242.211
0 0 0.674923 0.737888
3
154.174 264.245
135.827 265.884
131.745 220.176
150.092 218.537
2
143.133 244.157
0 0 0.674923 0.737888
3
154.348 266.191
136.001 267.83
131.919 222.122
150.266 220.483
2
143.307 246.103
0 0 0.674923 0.737888
3
154.522 268.137
136.175 269.776
132.093 224.068
150.44 222.429
2
143.481 248.049
0 0 0.674923 0.737888
3
154.696 270.083
136.349 271.722
132.266 226.014
150.613 224.375
2
143.655 249.995
0 0 0.674923 0.737888
3
154.869 272.029
136.522 273.668
132.44 227.96
150.787 226.321
2
143.829 251.941
0 0 0.674923 0.737888
3
155.043 273.975
136.696 275.614
132.614 229.906
150.961 228.267
2
144.002 253.887
0 0 0.674923 0.737888
3
155.217 275.921
136.87 277.56
132.788 231.852
151.135 230.213
2
144.176 255.833
0 0 0.674923 0.737888
3
155.391 277.867
137.044 279.506
132.962 233.798
151.309 232.159
2
144.35 257.779
0 0 0.674923 0.737888
3
155.565 279.813
137.218 281.452
133.135 235.744
151.482 234.105
2
144.524 259.725
0 0 0.674923 0.737888
3
155.738 281.759
137.391 283.398
133.309 237.69
151.656 236.051
2
144.698 261.671
0 0 0.674923 0.737888
3
155.912 283.705
137.565 285.344
133.483 239.636
151.83 237.997
2
144.871 263.617
0 0 0.674923 0.737888
3
156.086 285.651
137.739 287.29
133.657 241.582
152.004 239.943
2
145.045 265.563
0 0 0.674923 0.737888
3
156.26 287.597
137.913 289.236
133.831 243.528
152.178 241.889
2
145.219 267.509
0 0 0.674923 0.737888
3
156.434 289.543
138.087 291.182
134.004 245.474
152.351 243.835
2
145.393 269.455
0 0 0.674923 0.737888
3
156.607 291.489
138.26 293.128
134.178 247.42
152.525 245.781
2
145.567 271.401
0 0 0.674923 0.737888
3
156.781 293.435
138.434 295.074
134.352 249.366
152.699 247.727
2
145.74 273.347
0 0 0.674923 0.737888
3
156.955 295.381
138.608 297.02
134.526 251.312
152.873 249.673
2
145.914 275.293
0 0 0.674923 0.737888
3
157.129 297.327
138.782 298.966
134.7 253.258
153.047 251.619
2
146.088 277.239
0 0 0.674923 0.737888
3
157.303 299.273
138.956 300.912
134.873 255.204
153.22 253.565
2
146.262 279.185
0 0 0.674923 0.737888
3
157.476 301.219
139.129 302.858
135.047 257.15
153.394 255.511
2
146.436 281.131
0 0 0.674923 0.737888
3
157.65 303.166
139.303 304.804
135.221 259.096
153.568 257.457
2
146.609 283.077
0 0 0.674923 0.737888
3
157.824 305.112
139.477 306.75
135.395 261.042
153.742 259.403
2
146.783 285.023
0 0 0.674923 0.737888
3
157.998 307.058
139.651 308.696
135.569 262.988
153.916 261.349
2
146.957 286.969
0 0 0.674923 0.737888
3
158.172 309.004
139.825 310.642
135.742 264.934
154.089 263.295
2
147.131 288.915
0 0 0.674923 0.737888
3
158.345 310.95
139.998 312.588
135.916 266.88
154.263 265.241
2
148.054 290.763
0 0 0.651765 0.758421
3
160.61 312.062
142.399 314.832
135.497 269.464
153.708 266.694
2
149.089 292.55
0 0 0.627983 0.778227
3
162.939 313.032
144.935 316.923
135.239 272.069
153.243 268.178
2
150.233 294.27
0 0 0.603599 0.797288
3
165.323 313.856
147.594 318.854
135.143 274.685
152.872 269.687
2
151.481 295.916
0 0 0.578637 0.815585
3
167.754 314.531
150.368 320.616
135.208 277.302
152.594 271.217
2
152.829 297.482
0 0 0.553121 0.833101
3
170.222 315.054
153.246 322.203
135.436 279.91
152.412 272.761
2
154.271 298.961
0 0 0.527075 0.849819
3
172.718 315.423
156.217 323.609
135.824 282.499
152.325 274.313
2
155.802 300.348
0 0 0.500524 0.865723
3
175.232 315.638
159.268 324.829
136.371 285.059
152.335 275.868
2
157.415 301.638
0 0 0.473493 0.880798
3
177.754 315.696
162.39 325.857
137.076 287.58
152.441 277.419
2
157.846 303.659
0 0 0.500524 0.865723
3
177.276 318.948
161.313 328.139
138.416 288.369
154.379 279.178
2
158.152 305.702
0 0 0.527075 0.849819
3
176.599 322.164
160.097 330.349
139.704 289.239
156.206 281.054
2
158.33 307.76
0 0 0.553121 0.833101
3
175.723 325.331
158.747 332.48
140.937 290.188
157.913 283.039
2
158.381 309.825
0 0 0.578637 0.815585
3
174.654 328.439
157.268 334.524
142.108 291.211
159.493 285.125
2
158.303 311.889
0 0 0.603599 0.797288
3
173.394 331.474
155.665 336.472
143.213 292.304
160.942 287.306
2
158.833 313.769
0 0 0.603599 0.797288
3
173.924 333.355
156.195 338.353
143.743 294.184
161.472 289.186
2
159.364 315.65
0 0 0.603599 0.797288
3
174.454 335.235
156.725 340.233
144.273 296.065
162.002 291.067
2
159.894 317.53
0 0 0.603599 0.797288
3
174.984 337.116
157.255 342.114
144.803 297.945
162.532 292.947
2
160.424 319.411
0 0 0.603599 0.797288
3
175.514 338.996
157.785 343.994
145.334 299.826
163.062 294.828
2
160.954 321.291
0 0 0.603599 0.797288
3
176.044 340.876
158.315 345.875
145.864 301.706
163.593 296.708
2
161.484 323.172
0 0 0.603599 0.797288
3
176.574 342.757
158.845 347.755
146.394 303.587
164.123 298.589
2
161.279 325.227
0 0 0.627983 0.778227
3
175.129 345.709
157.125 349.6
147.43 304.746
165.434 300.854
2
160.948 327.266
0 0 0.651765 0.758421
3
173.504 348.565
155.294 351.336
148.392 305.968
166.602 303.197
2
160.491 329.281
0 0 0.674923 0.737888
3
171.705 351.316
153.358 352.954
149.276 307.246
167.623 305.607
2
159.91 331.263
0 0 0.697435 0.716648
3
169.74 353.95
151.327 354.45
150.08 308.577
168.493 308.076
2
160.717 333.165
0 0 0.674923 0.737888
3
171.931 355.2
153.584 356.838
149.502 311.13
167.849 309.492
2
161.64 335.013
0 0 0.651765 0.758421
3
174.196 356.312
155.985 359.082
149.083 313.714
167.294 310.944
2
162.675 336.801
0 0 0.627983 0.778227
3
176.525 357.282
158.521 361.173
148.825 316.319
166.83 312.428
2
163.819 338.521
0 0 0.603599 0.797288
3
178.909 358.106
161.18 363.104
148.729 318.935
166.458 313.937
2
165.067 340.167
0 0 0.578637 0.815585
3
181.34 358.781
163.955 364.866
148.794 321.552
166.18 315.467
2
166.415 341.732
0 0 0.553121 0.833101
3
183.808 359.304
166.832 366.453
149.022 324.16
165.998 317.011
2
167.857 343.211
0 0 0.527075 0.849819
3
186.304 359.673
169.803 367.859
149.41 326.749
165.911 318.564
2
169.388 344.599
0 0 0.500524 0.865723
3
188.818 359.888
172.854 369.079
149.958 329.309
165.921 320.118
2
171.001 345.888
0 0 0.473493 0.880798
3
191.34 359.947
175.976 370.107
150.662 331.83
166.027 321.67
2
172.691 347.076
0 0 0.446009 0.895028
3
193.861 359.849
179.155 370.941
151.522 334.303
166.228 323.211
2
174.452 348.157
0 0 0.418098 0.908402
3
196.371 359.596
182.379 371.576
152.533 336.718
166.525 324.737
2
176.449 348.978
0 0 0.38836 0.921508
3
199.065 358.969
185.88 371.832
153.833 338.987
167.017 326.123
2
178.495 349.667
0 0 0.358213 0.93364
3
201.712 358.168
189.391 371.861
155.278 341.166
167.599 327.473
2
180.581 350.223
0 0 0.327687 0.944786
3
204.302 357.198
192.896 371.662
156.861 343.247
168.267 328.783
2
182.7 350.641
0 0 0.296815 0.954935
3
206.823 356.061
196.381 371.235
158.577 345.221
169.019 330.047
2
184.841 350.921
0 0 0.26563 0.964075
3
209.265 354.763
199.83 370.583
160.416 347.08
169.851 331.259
2
186.995 351.062
0 0 0.234164 0.972197
3
211.617 353.309
203.231 369.709
162.373 348.815
170.76 332.415
2
189.154 351.062
0 0 0.202451 0.979292
3
213.87 351.705
206.567 368.615
164.438 350.419
171.742 333.509
2
191.309 350.922
0 0 0.170524 0.985353
3
216.015 349.958
209.824 367.307
166.603 351.886
172.793 334.537
2
193.45 350.642
0 0 0.138417 0.990374
3
218.041 348.076
212.991 365.79
168.859 353.209
173.909 335.495
2
195.568 350.224
0 0 0.106164 0.994349
3
219.94 346.066
216.052 364.071
171.196 354.382
175.085 336.378
2
197.655 349.67
0 0 0.0737987 0.997273
3
221.706 343.937
218.994 362.157
173.604 355.402
176.315 337.182
2
199.701 348.98
0 0 0.0413555 0.999144
3
223.329 341.698
221.806 360.055
176.073 356.263
177.596 337.906
2
201.698 348.16
0 0 0.00886858 0.999961
3
224.803 339.358
224.476 357.775
178.593 356.961
178.92 338.544
2
203.638 347.211
0 0 0.0236276 -0.999721
3
226.122 336.927
226.992 355.327
181.154 357.495
180.283 339.095
2
205.512 346.139
0 0 0.0560989 -0.998425
3
227.281 334.416
229.344 352.72
183.743 357.861
181.679 339.557
2
207.312 344.947
0 0 0.088511 -0.996075
3
228.274 331.835
231.521 349.966
186.351 358.058
183.103 339.927
2
209.031 343.64
0 0 0.12083 -0.992673
3
229.097 329.195
233.515 347.077
188.965 358.085
184.547 340.203
2
210.662 342.225
0 0 0.153021 -0.988223
3
229.747 326.507
235.318 344.064
191.577 357.943
186.006 340.385
2
212.627 341.976
0 0 0.140467 -0.990085
3
232.105 326.747
237.229 344.44
193.15 357.204
188.026 339.511
2
214.747 342.385
0 0 0.108222 -0.994127
3
235.173 328.454
239.137 346.442
194.322 356.316
190.358 338.328
2
216.836 342.931
0 0 0.0758633 -0.997118
3
238.124 330.356
240.911 348.564
195.549 355.506
192.762 337.299
2
218.885 343.612
0 0 0.043424 -0.999057
3
240.945 332.446
242.543 350.796
196.826 354.778
195.228 336.427
2
220.886 344.424
0 0 0.0109388 -0.99994
3
243.624 334.714
244.027 353.13
198.148 354.134
197.745 335.718
2
222.829 345.365
0 0 0.0215578 0.999768
3
246.15 337.152
245.356 355.555
199.509 353.577
200.303 335.174
2
224.708 346.43
0 0 0.0540317 0.998539
3
248.513 339.749
246.525 358.062
200.903 353.11
202.891 334.797
2
226.513 347.614
0 0 0.0864486 0.996256
3
250.701 342.494
247.529 360.639
202.325 352.734
205.497 334.59
2
228.237 348.913
0 0 0.118774 0.992921
3
252.707 345.375
248.363 363.276
203.767 352.452
208.112 334.551
2
229.874 350.322
0 0 0.150974 0.988538
3
254.522 348.381
249.024 365.961
205.226 352.263
210.724 334.683
2
231.415 351.834
0 0 0.183015 0.98311
3
256.137 351.498
249.509 368.684
206.693 352.17
213.322 334.984
2
232.855 353.443
0 0 0.214862 0.976644
3
257.547 354.713
249.816 371.432
208.164 352.173
215.894 335.453
2
234.188 355.142
0 0 0.246483 0.969147
3
258.745 358.013
249.945 374.195
209.631 352.27
218.431 336.089
2
235.407 356.924
0 0 0.277843 0.960626
3
259.726 361.384
249.893 376.96
211.088 352.463
220.921 336.887
2
236.508 358.781
0 0 0.30891 0.951091
3
260.486 364.811
249.662 379.716
212.53 352.751
223.354 337.846
2
237.486 360.706
0 0 0.339651 0.940552
3
261.022 368.281
249.253 382.451
213.951 353.131
225.72 338.961
2
238.337 362.69
0 0 0.370033 0.929019
3
261.331 371.778
248.667 385.154
215.343 353.603
228.008 340.227
2
239.057 364.726
0 0 0.400024 0.916505
3
261.412 375.288
247.906 387.813
216.702 354.164
230.209 341.639
2
239.644 366.804
0 0 0.429592 0.903023
3
261.266 378.795
246.974 390.417
218.022 354.812
232.314 343.191
2
240.094 368.915
0 0 0.458707 0.888587
3
260.892 382.286
245.875 392.954
219.297 355.545
234.313 344.876
2
240.407 371.052
0 0 0.487338 0.873214
3
260.291 385.745
244.614 395.416
220.522 356.359
236.199 346.688
2
240.579 373.204
0 0 0.515454 0.856917
3
259.468 389.158
243.196 397.79
221.691 357.25
237.963 348.619
2
240.612 375.363
0 0 0.543025 0.839716
3
258.424 392.51
241.626 400.067
222.8 358.216
239.598 350.659
2
240.504 377.52
0 0 0.570023 0.821629
3
257.165 395.787
239.911 402.237
223.843 359.252
241.097 352.802
2
240.257 379.664
0 0 0.596419 0.802673
3
255.696 398.976
238.06 404.291
224.817 360.353
242.454 355.038
2
239.871 381.789
0 0 0.622186 0.78287
3
254.023 402.062
236.079 406.221
225.718 361.516
243.662 357.357
2
239.347 383.884
0 0 0.647295 0.76224
3
252.153 405.033
233.976 408.018
226.541 362.734
244.718 359.749
2
238.689 385.94
0 0 0.67172 0.740805
3
250.094 407.877
231.762 409.674
227.284 364.003
245.616 362.206
2
237.898 387.949
0 0 0.695437 0.718588
3
247.854 410.58
229.444 411.183
227.942 365.318
246.352 364.715
2
236.979 389.903
0 0 0.718418 0.695611
3
245.444 413.133
227.034 412.539
228.514 366.673
246.924 367.267
2
235.934 391.792
0 0 0.740641 0.671901
3
242.873 415.523
224.54 413.735
228.996 368.062
247.329 369.85
2
234.77 393.61
0 0 0.762082 0.64748
3
240.152 417.742
221.974 414.766
229.387 369.479
247.565 372.455
2
233.489 395.349
0 0 0.782718 0.622376
3
237.293 419.779
219.346 415.629
229.685 370.919
247.632 375.069
2
232.098 397.001
0 0 0.802528 0.596615
3
234.307 421.626
216.668 416.319
229.889 372.375
247.528 377.682
2
230.603 398.558
0 0 0.82149 0.570223
3
231.208 423.275
213.951 416.834
229.998 373.841
247.255 380.283
2
229.01 400.016
0 0 0.839584 0.54323
3
228.008 424.72
211.206 417.171
230.012 375.312
246.814 382.86
2
227.326 401.367
0 0 0.856792 0.515662
3
224.722 425.954
208.445 417.33
229.93 376.78
246.207 385.404
2
225.557 402.605
0 0 0.873095 0.48755
3
221.362 426.971
205.68 417.308
229.753 378.239
245.435 387.902
2
223.712 403.726
0 0 0.888476 0.458924
3
217.942 427.768
202.921 417.107
229.481 379.685
244.503 390.346
2
221.798 404.725
0 0 0.902918 0.429812
3
214.479 428.342
200.182 416.727
229.117 381.109
243.414 392.723
2
219.823 405.598
0 0 0.916407 0.400247
3
210.985 428.689
197.473 416.171
228.66 382.507
242.173 395.025
2
217.795 406.34
0 0 0.928929 0.370259
3
207.477 428.808
194.806 415.439
228.114 383.872
240.785 397.241
2
215.724 406.949
0 0 0.940469 0.33988
3
203.968 428.7
192.192 414.536
227.48 385.198
239.255 399.363
2
213.617 407.422
0 0 0.951016 0.309142
3
200.473 428.364
189.642 413.464
226.761 386.481
237.592 401.38
2
211.484 407.758
0 0 0.960559 0.278077
3
197.008 427.801
187.167 412.23
225.96 387.715
235.801 403.286
2
209.334 407.954
0 0 0.969087 0.246719
3
193.586 427.015
184.778 410.837
225.081 388.893
233.89 405.071
2
207.175 408.01
0 0 0.976592 0.2151
3
190.223 426.008
182.484 409.292
224.128 390.012
231.867 406.728
2
205.018 407.926
0 0 0.983066 0.183254
3
186.932 424.784
180.296 407.602
223.103 391.067
229.74 408.25
2
202.87 407.702
0 0 0.988501 0.151215
3
183.728 423.35
178.221 405.772
222.013 392.053
227.519 409.631
2
200.742 407.339
0 0 0.992892 0.119016
3
180.624 421.71
176.27 403.812
220.86 392.967
225.214 410.865
2
198.642 406.838
0 0 0.996235 0.0866912
3
177.632 419.873
174.451 401.73
219.651 393.803
222.833 411.946
2
196.578 406.202
0 0 0.998526 0.0542749
3
174.767 417.845
172.77 399.533
218.39 394.559
220.386 412.871
2
194.561 405.433
0 0 0.999762 0.0218013
3
172.039 415.635
171.236 397.232
217.082 395.232
217.885 413.634
2
192.597 404.535
0 0 0.999943 -0.0106954
3
169.46 413.252
169.854 394.836
215.734 395.818
215.34 414.234
2
190.696 403.511
0 0 0.999067 -0.0431808
3
167.042 410.707
168.631 392.356
214.35 396.315
212.761 414.667
2
188.866 402.366
0 0 0.997137 -0.0756206
3
164.794 408.011
167.572 389.801
212.937 396.722
210.159 414.931
2
187.113 401.105
0 0 0.994153 -0.10798
3
162.726 405.174
166.681 387.183
211.501 397.036
207.546 415.026
2
185.447 399.732
0 0 0.990119 -0.140226
3
160.847 402.208
165.962 384.513
210.047 397.256
204.932 414.951
2
183.873 398.254
0 0 0.98504 -0.172324
3
159.164 399.127
165.417 381.801
208.582 397.381
202.328 414.707
2
182.398 396.677
0 0 0.978921 -0.20424
3
157.685 395.943
165.05 379.06
207.112 397.41
199.746 414.293
2
181.029 395.007
0 0 0.971768 -0.23594
3
156.415 392.67
164.862 376.301
205.643 397.344
197.196 413.713
2
179.771 393.252
0 0 0.963588 -0.267391
3
155.361 389.321
164.853 373.535
204.181 397.183
194.689 412.969
2
178.63 391.419
0 0 0.954391 -0.29856
3
154.527 385.911
165.024 370.775
202.733 396.927
192.236 412.063
2
177.611 389.516
0 0 0.944186 -0.329413
3
153.916 382.454
165.374 368.032
201.305 396.578
189.847 411
2
176.717 387.55
0 0 0.932984 -0.359918
3
153.531 378.965
165.902 365.317
199.902 396.136
187.532 409.784
2
175.952 385.531
0 0 0.920796 -0.390043
3
153.373 375.457
166.604 362.642
198.532 395.605
185.3 408.42
2
175.321 383.466
0 0 0.907637 -0.419757
3
153.444 371.947
167.479 360.018
197.198 394.985
183.162 406.914
2
174.825 381.365
0 0 0.893518 -0.449027
3
153.742 368.449
168.523 357.457
195.908 394.281
181.127 405.273
2
174.466 379.236
0 0 0.878456 -0.477823
3
154.267 364.978
169.73 354.969
194.666 393.494
179.202 403.502
2
174.247 377.088
0 0 0.862467 -0.506114
3
155.016 361.548
171.097 352.565
193.477 392.627
177.396 401.611
2
174.167 374.93
0 0 0.845566 -0.533871
3
155.986 358.174
172.617 350.254
192.348 391.686
175.717 399.606
2
174.228 372.772
0 0 0.827773 -0.561064
3
157.174 354.871
174.284 348.047
191.282 390.673
174.172 397.496
2
174.429 370.622
0 0 0.809105 -0.587664
3
158.573 351.651
176.09 345.954
190.284 389.593
172.767 395.291
2
174.769 368.49
0 0 0.789583 -0.613644
3
160.179 348.529
178.029 343.981
189.358 388.451
171.509 392.998
2
175.247 366.384
0 0 0.769227 -0.638976
3
161.984 345.518
180.092 342.139
188.509 387.251
170.401 390.629
2
175.86 364.314
0 0 0.748058 -0.663633
3
163.981 342.63
182.27 340.435
187.739 385.998
169.45 388.193
2
176.607 362.288
0 0 0.7261 -0.687589
3
166.161 339.879
184.554 338.876
187.052 384.698
168.66 385.701
2
177.484 360.315
0 0 0.703375 -0.710819
3
168.516 337.274
186.935 337.468
186.452 383.356
168.033 383.162
2
178.487 358.403
0 0 0.679907 -0.733298
3
171.034 334.828
189.402 336.218
185.939 381.978
167.572 380.588
2
179.612 356.56
0 0 0.655721 -0.755003
3
173.706 332.551
191.945 335.131
185.517 380.569
167.279 377.989
2
180.854 354.794
0 0 0.630843 -0.775911
3
176.521 330.453
194.553 334.212
185.188 379.136
167.155 375.377
2
182.209 353.113
0 0 0.605298 -0.795999
3
179.465 328.541
197.215 333.463
184.952 377.685
167.202 372.762
2
183.276 351.392
0 0 0.590803 -0.806816
3
181.423 326.737
198.984 332.298
185.13 376.047
167.569 370.486
