1
112.482 187.587 5.44581
1
113.79 186.136 5.44581
1
115.098 184.684 5.44581
1
116.406 183.233 5.44581
1
117.714 181.781 5.44581
1
119.022 180.33 5.44581
1
120.329 178.879 5.44581
1
121.637 177.427 5.44581
1
122.945 175.976 5.44581
1
124.253 174.524 5.44581
1
125.561 173.073 5.44581
1
126.869 171.621 5.44581
1
128.177 170.17 5.44581
1
129.654 168.891 5.50771
1
131.207 167.706 5.56961
1
132.831 166.62 5.63151
1
134.519 165.636 5.69341
1
135.996 164.357 5.63151
1
137.391 162.989 5.56961
1
138.699 161.538 5.50771
1
139.914 160.008 5.44581
1
141.033 158.406 5.3839
1
142.428 157.038 5.44581
1
143.905 155.76 5.50771
1
145.459 154.575 5.56961
1
147.082 153.488 5.63151
1
148.77 152.504 5.69341
1
150.515 151.626 5.75532
1
152.312 150.858 5.81722
1
154.152 150.203 5.87912
1
156.03 149.662 5.94102
1
157.937 149.239 6.00292
1
159.867 148.934 6.06483
1
157.922 149.119 6.12673
1
155.969 149.183 6.18863
1
154.016 149.126 6.25053
1
152.071 148.948 0.02925
1
150.14 148.65 0.0911521
1
148.231 148.233 0.153054
1
146.352 147.699 0.214956
1
144.509 147.05 0.276858
1
142.71 146.288 0.33876
1
140.962 145.416 0.400662
1
139.27 144.438 0.462565
1
137.643 143.357 0.524467
1
136.086 142.177 0.586369
1
134.604 140.903 0.648271
1
133.204 139.54 0.710173
1
131.892 138.093 0.772075
1
130.671 136.568 0.833977
1
129.358 135.121 0.833977
1
128.045 133.674 0.833977
1
126.733 132.227 0.833977
1
125.42 130.78 0.833977
1
124.107 129.333 0.833977
1
122.794 127.886 0.833977
1
121.481 126.439 0.833977
1
120.169 124.992 0.833977
1
118.856 123.545 0.833977
1
117.543 122.098 0.833977
1
116.23 120.651 0.833977
1
114.917 119.204 0.833977
1
113.605 117.757 0.833977
1
112.292 116.31 0.833977
1
110.979 114.863 0.833977
1
109.666 113.416 0.833977
1
108.353 111.969 0.833977
1
107.041 110.522 0.833977
1
105.728 109.075 0.833977
1
104.415 107.628 0.833977
1
103.102 106.181 0.833977
1
101.789 104.734 0.833977
1
100.308 103.461 0.772075
1
99.0872 101.935 0.833977
1
97.9631 100.337 0.895879
1
96.9401 98.6728 0.957781
1
95.816 97.0748 0.957781
1
94.6919 95.4768 0.957781
1
93.5679 93.8788 0.957781
1
92.4438 92.2808 0.957781
1
91.3198 90.6827 0.957781
1
90.1957 89.0847 0.957781
1
88.8829 87.6378 0.895879
1
87.4831 86.2748 0.833977
1
86.0017 85.001 0.772075
1
84.4443 83.8213 0.710173
1
82.9629 82.5475 0.710173
1
81.4814 81.2738 0.710173
1
80 80 0.710173
2
121.958 177.071
0 0 0.406563 -0.913623
3
130.476 153.86
144.16 166.191
113.44 200.282
99.7562 187.952
2
123.266 175.62
0 0 0.406563 -0.913623
3
131.783 152.409
145.467 164.74
114.748 198.831
101.064 186.5
2
124.574 174.169
0 0 0.406563 -0.913623
3
133.091 150.958
146.775 163.288
116.056 197.379
102.372 185.049
2
125.881 172.717
0 0 0.406563 -0.913623
3
134.399 149.506
148.083 161.837
117.364 195.928
103.68 183.597
2
127.189 171.266
0 0 0.406563 -0.913623
3
135.707 148.055
149.391 160.385
118.672 194.477
104.988 182.146
2
128.497 169.814
0 0 0.406563 -0.913623
3
137.015 146.603
150.699 158.934
119.98 193.025
106.295 180.695
2
129.805 168.363
0 0 0.406563 -0.913623
3
138.323 145.152
152.007 157.483
121.287 191.574
107.603 179.243
2
131.113 166.911
0 0 0.406563 -0.913623
3
139.631 143.701
153.315 156.031
122.595 190.122
108.911 177.792
2
132.421 165.46
0 0 0.406563 -0.913623
3
140.938 142.249
154.622 154.58
123.903 188.671
110.219 176.34
2
133.729 164.009
0 0 0.406563 -0.913623
3
142.246 140.798
155.93 153.128
125.211 187.22
111.527 174.889
2
135.036 162.557
0 0 0.406563 -0.913623
3
143.554 139.346
157.238 151.677
126.519 185.768
112.835 173.438
2
136.344 161.106
0 0 0.406563 -0.913623
3
144.862 137.895
158.546 150.225
127.827 184.317
114.143 171.986
2
137.652 159.654
0 0 0.406563 -0.913623
3
146.17 136.443
159.854 148.774
129.135 182.865
115.451 170.535
2
139.762 158.982
0 0 0.378096 -0.925767
3
149.699 136.342
162.594 149.496
129.824 181.621
116.929 168.468
2
141.909 158.441
0 0 0.349266 -0.937024
3
153.227 136.46
165.284 150.386
130.59 180.423
118.533 166.497
2
144.085 158.034
0 0 0.320101 -0.947383
3
156.742 136.795
167.914 151.44
131.428 179.274
120.256 164.628
2
146.282 157.763
0 0 0.29063 -0.956835
3
160.229 137.347
170.474 152.656
132.336 178.178
122.091 162.87
2
147.25 155.771
0 0 0.320101 -0.947383
3
159.907 134.532
171.079 149.178
134.593 177.011
123.421 162.365
2
148.092 153.724
0 0 0.349266 -0.937024
3
159.411 131.743
171.468 145.669
136.774 175.705
124.717 161.779
2
148.807 151.628
0 0 0.378096 -0.925767
3
158.744 128.989
171.639 142.142
138.869 174.268
125.974 161.114
2
149.39 149.492
0 0 0.406563 -0.913623
3
157.907 126.282
171.592 138.612
140.872 172.703
127.188 160.373
2
149.84 147.325
0 0 0.434642 -0.900603
3
156.905 123.631
171.326 135.092
142.774 171.018
128.354 159.558
2
151.904 146.523
0 0 0.406563 -0.913623
3
160.421 123.312
174.105 135.643
143.386 169.734
129.702 157.403
2
154.013 145.85
0 0 0.378096 -0.925767
3
163.95 123.211
176.845 136.364
144.076 168.49
131.181 155.336
2
156.16 145.31
0 0 0.349266 -0.937024
3
167.479 123.328
179.535 137.254
144.841 167.291
132.785 153.365
2
158.336 144.903
0 0 0.320101 -0.947383
3
170.993 123.664
182.165 138.309
145.68 166.142
134.508 151.497
2
160.534 144.631
0 0 0.29063 -0.956835
3
174.48 124.216
184.725 139.524
146.587 165.047
136.343 149.739
2
162.744 144.496
0 0 0.260881 -0.965371
3
177.927 124.983
187.205 140.896
147.561 164.01
138.283 148.097
2
164.958 144.498
0 0 0.230881 -0.972982
3
181.319 125.961
189.595 142.418
148.597 163.035
140.321 146.579
2
167.167 144.637
0 0 0.200661 -0.979661
3
184.644 127.148
191.886 144.085
149.691 162.127
142.449 145.19
2
169.364 144.913
0 0 0.170248 -0.985401
3
187.889 128.538
194.069 145.89
150.84 161.287
144.659 143.935
2
171.54 145.324
0 0 0.139672 -0.990198
3
191.042 130.126
196.137 147.827
152.038 160.521
146.943 142.82
2
173.686 145.868
0 0 0.108962 -0.994046
3
194.091 131.906
198.081 149.889
153.281 159.83
149.291 141.847
2
171.904 146.913
0 0 0.0781484 -0.996942
3
193.134 134.241
196.004 152.436
150.675 159.586
147.804 141.391
2
170.061 147.846
0 0 0.0472595 -0.998883
3
192.034 136.511
193.773 154.849
148.088 159.181
146.349 140.844
2
168.164 148.663
0 0 0.0163254 -0.999867
3
190.796 138.709
191.397 157.119
145.532 158.618
144.931 140.207
2
166.22 149.362
0 0 0.0146245 0.999893
3
189.424 140.827
188.886 159.239
143.015 157.897
143.554 139.485
2
164.236 149.938
0 0 0.0455603 0.998962
3
187.924 142.855
186.248 161.199
140.548 157.022
142.225 138.678
2
162.221 150.391
0 0 0.0764524 0.997073
3
186.302 144.787
183.493 162.992
138.14 155.995
140.948 137.791
2
160.181 150.718
0 0 0.107271 0.99423
3
184.563 146.615
180.633 164.611
135.8 154.822
139.729 136.826
2
158.125 150.919
0 0 0.137987 0.990434
3
182.714 148.331
177.679 166.05
133.536 153.506
138.571 135.788
2
156.061 150.992
0 0 0.168571 0.985689
3
180.762 149.93
174.641 167.303
131.359 152.053
137.48 134.68
2
153.996 150.937
0 0 0.198994 0.980001
3
178.716 151.405
171.531 168.367
129.276 150.468
136.46 133.507
2
151.938 150.754
0 0 0.229226 0.973373
3
176.582 152.751
168.362 169.235
127.294 148.757
135.514 132.273
2
149.896 150.445
0 0 0.259238 0.965813
3
174.368 153.962
165.145 169.906
125.423 146.927
134.646 130.983
2
147.876 150.009
0 0 0.289002 0.957328
3
172.085 155.034
161.892 170.377
123.668 144.984
133.86 129.641
2
145.888 149.45
0 0 0.318489 0.947926
3
169.739 155.963
158.617 170.646
122.036 142.937
133.159 128.254
2
143.938 148.769
0 0 0.347671 0.937616
3
167.34 156.744
155.331 170.711
120.535 140.793
132.544 126.826
2
142.033 147.968
0 0 0.37652 0.926408
3
164.898 157.376
152.047 170.574
119.169 138.56
132.019 125.362
2
140.182 147.051
0 0 0.405009 0.914313
3
162.421 157.856
148.779 170.233
117.944 136.246
131.586 123.869
2
138.869 145.604
0 0 0.405009 0.914313
3
161.108 156.409
147.466 168.786
116.631 134.799
130.273 122.422
2
137.557 144.157
0 0 0.405009 0.914313
3
159.795 154.962
146.153 167.339
115.318 133.352
128.96 120.975
2
136.244 142.71
0 0 0.405009 0.914313
3
158.482 153.515
144.84 165.892
114.005 131.905
127.647 119.528
2
134.931 141.263
0 0 0.405009 0.914313
3
157.17 152.068
143.528 164.445
112.692 130.458
126.334 118.081
2
133.618 139.816
0 0 0.405009 0.914313
3
155.857 150.621
142.215 162.998
111.38 129.011
125.022 116.634
2
132.305 138.369
0 0 0.405009 0.914313
3
154.544 149.174
140.902 161.551
110.067 127.565
123.709 115.187
2
130.993 136.922
0 0 0.405009 0.914313
3
153.231 147.727
139.589 160.104
108.754 126.118
122.396 113.74
2
129.68 135.475
0 0 0.405009 0.914313
3
151.918 146.28
138.276 158.657
107.441 124.671
121.083 112.294
2
128.367 134.028
0 0 0.405009 0.914313
3
150.606 144.833
136.964 157.21
106.128 123.224
119.77 110.847
2
127.054 132.581
0 0 0.405009 0.914313
3
149.293 143.386
135.651 155.763
104.816 121.777
118.458 109.4
2
125.741 131.134
0 0 0.405009 0.914313
3
147.98 141.939
134.338 154.316
103.503 120.33
117.145 107.953
2
124.429 129.687
0 0 0.405009 0.914313
3
146.667 140.492
133.025 152.869
102.19 118.883
115.832 106.506
2
123.116 128.24
0 0 0.405009 0.914313
3
145.354 139.045
131.712 151.422
100.877 117.436
114.519 105.059
2
121.803 126.794
0 0 0.405009 0.914313
3
144.042 137.598
130.4 149.975
99.5644 115.989
113.206 103.612
2
120.49 125.347
0 0 0.405009 0.914313
3
142.729 136.151
129.087 148.528
98.2516 114.542
111.894 102.165
2
119.177 123.9
0 0 0.405009 0.914313
3
141.416 134.704
127.774 147.081
96.9388 113.095
110.581 100.718
2
117.865 122.453
0 0 0.405009 0.914313
3
140.103 133.257
126.461 145.634
95.626 111.648
109.268 99.2708
2
116.552 121.006
0 0 0.405009 0.914313
3
138.79 131.81
125.148 144.187
94.3132 110.201
107.955 97.8238
2
115.239 119.559
0 0 0.405009 0.914313
3
137.478 130.363
123.836 142.74
93.0004 108.754
106.642 96.3769
2
113.926 118.112
0 0 0.405009 0.914313
3
136.165 128.916
122.523 141.294
91.6876 107.307
105.33 94.9299
2
112.613 116.665
0 0 0.405009 0.914313
3
134.852 127.47
121.21 139.847
90.3749 105.86
104.017 93.4829
2
111.301 115.218
0 0 0.405009 0.914313
3
133.539 126.023
119.897 138.4
89.0621 104.413
102.704 92.036
2
110.45 113.336
0 0 0.37652 0.926408
3
133.314 122.744
120.464 135.941
87.5851 103.927
100.435 90.7299
2
108.598 112.419
0 0 0.405009 0.914313
3
130.837 123.223
117.195 135.6
86.3599 101.614
100.002 89.2368
2
106.808 111.389
0 0 0.433109 0.901341
3
128.335 123.549
113.954 135.058
85.2801 99.2291
99.6616 87.7197
2
105.084 110.25
0 0 0.460795 0.887507
3
125.818 123.719
110.752 134.316
84.3498 96.7821
99.4159 86.1844
2
103.96 108.652
0 0 0.460795 0.887507
3
124.694 122.121
109.628 132.718
83.2258 95.1841
98.2918 84.5864
2
102.836 107.054
0 0 0.460795 0.887507
3
123.57 120.523
108.504 131.12
82.1017 93.5861
97.1678 82.9884
2
101.712 105.456
0 0 0.460795 0.887507
3
122.446 118.925
107.38 129.522
80.9777 91.9881
96.0437 81.3904
2
100.588 103.858
0 0 0.460795 0.887507
3
121.322 117.327
106.256 127.924
79.8536 90.3901
94.9196 79.7924
2
99.4637 102.26
0 0 0.460795 0.887507
3
120.198 115.729
105.132 126.326
78.7295 88.7921
93.7956 78.1944
2
98.3396 100.662
0 0 0.460795 0.887507
3
119.074 114.131
104.008 124.728
77.6055 87.1941
92.6715 76.5964
2
97.7274 98.6894
0 0 0.433109 0.901341
3
119.255 110.849
104.873 122.359
76.1998 86.5296
90.5814 75.0202
2
96.9944 96.7581
0 0 0.405009 0.914313
3
119.233 107.563
105.591 119.94
74.7558 85.9534
88.3978 73.5763
2
96.1432 94.8759
0 0 0.37652 0.926408
3
119.008 104.284
106.157 117.481
73.2788 85.4675
86.1291 72.2703
2
95.1773 93.0499
0 0 0.347671 0.937616
3
118.58 101.026
106.571 114.993
71.7747 85.074
83.7839 71.1071
2
93.6959 91.7761
0 0 0.347671 0.937616
3
117.099 99.752
105.089 113.719
70.2933 83.8003
82.3024 69.8333
2
92.2144 90.5023
0 0 0.347671 0.937616
3
115.617 98.4782
103.608 112.445
68.8118 82.5265
80.821 68.5595
2
90.733 89.2286
0 0 0.347671 0.937616
3
114.136 97.2044
102.126 111.171
67.3304 81.2527
79.3396 67.2858
