1
112.829 211.314 5.53646
1
114.088 209.82 5.47455
1
115.601 208.584 5.53646
1
117.188 207.444 5.59836
1
118.537 206.031 5.53646
1
119.796 204.537 5.47455
1
121.145 203.124 5.47455
1
122.494 201.71 5.47455
1
123.843 200.297 5.47455
1
125.192 198.884 5.47455
1
126.541 197.471 5.47455
1
127.89 196.057 5.47455
1
129.239 194.644 5.47455
1
130.588 193.231 5.47455
1
131.752 191.662 5.41265
1
132.817 190.024 5.35075
1
133.779 188.323 5.28885
1
135.038 186.829 5.35075
1
136.387 185.416 5.41265
1
137.821 184.089 5.47455
1
139.334 182.853 5.53646
1
140.921 181.713 5.59836
1
142.575 180.674 5.66026
1
144.29 179.739 5.72216
1
146.06 178.911 5.78406
1
147.878 178.195 5.84597
1
149.737 177.593 5.90787
1
151.629 177.107 5.96977
1
153.548 176.738 6.03167
1
155.486 176.489 6.09358
1
157.435 176.361 6.15548
1
159.389 176.353 6.21738
1
157.438 176.24 6.27928
1
155.499 176.006 0.0579978
1
153.577 175.653 0.1199
1
151.681 175.182 0.181802
1
149.818 174.594 0.243704
1
147.995 173.892 0.305606
1
146.218 173.079 0.367508
1
144.496 172.157 0.42941
1
142.833 171.13 0.491312
1
141.238 170.003 0.553214
1
139.715 168.779 0.615116
1
138.271 167.463 0.677019
1
136.91 166.06 0.738921
1
135.64 164.576 0.800823
1
134.463 163.016 0.862725
1
133.386 161.387 0.924627
1
132.411 159.694 0.986529
1
131.333 158.064 0.986529
1
130.256 156.434 0.986529
1
129.178 154.805 0.986529
1
128.1 153.175 0.986529
1
127.023 151.545 0.986529
1
125.752 150.061 0.924627
1
124.392 148.659 0.862725
1
123.314 147.029 0.924627
1
122.339 145.336 0.986529
1
121.262 143.706 0.986529
1
120.184 142.076 0.986529
1
119.106 140.447 0.986529
1
118.029 138.817 0.986529
1
116.951 137.187 0.986529
1
115.873 135.558 0.986529
1
114.796 133.928 0.986529
1
113.718 132.298 0.986529
1
112.64 130.669 0.986529
1
111.563 129.039 0.986529
1
110.485 127.409 0.986529
1
109.407 125.78 0.986529
1
108.539 124.03 1.04843
1
107.781 122.229 1.11033
1
106.913 120.479 1.11033
1
105.835 118.849 1.04843
1
104.659 117.289 0.986529
1
103.388 115.805 0.924627
1
102.028 114.402 0.862725
1
100.584 113.087 0.800823
1
99.4075 111.527 0.862725
1
98.3298 109.897 0.924627
1
97.355 108.204 0.986529
1
96.4868 106.454 1.04843
1
95.7286 104.653 1.11033
1
95.0832 102.809 1.17223
1
94.1084 101.116 1.11033
1
93.0308 99.4861 1.04843
1
91.8543 97.9262 0.986529
1
90.7767 96.2965 0.986529
1
89.699 94.6669 0.986529
1
88.6213 93.0372 0.986529
1
87.5437 91.4076 0.986529
1
86.466 89.7779 0.986529
1
85.3883 88.1483 0.986529
1
84.3107 86.5186 0.986529
1
83.233 84.889 0.986529
1
82.1553 83.2593 0.986529
1
81.0777 81.6297 0.986529
1
80 80 0.986529
2
123.217 201.699
0 0 0.36475 -0.931105
3
133.801 179.354
146.313 192.873
112.633 224.043
100.122 210.525
2
123.862 199.581
0 0 0.393389 -0.919372
3
133.043 176.624
146.367 189.343
114.68 222.537
101.356 209.818
2
125.989 198.969
0 0 0.36475 -0.931105
3
136.573 176.625
149.085 190.143
115.406 221.314
102.894 207.795
2
128.151 198.49
0 0 0.335761 -0.941947
3
140.097 176.843
151.748 191.11
116.205 220.137
104.554 205.871
2
128.925 196.416
0 0 0.36475 -0.931105
3
139.509 174.071
152.021 187.59
118.341 218.761
105.83 205.242
2
129.57 194.298
0 0 0.393389 -0.919372
3
138.751 171.341
152.075 184.06
120.388 217.254
107.064 204.536
2
130.919 192.885
0 0 0.393389 -0.919372
3
140.1 169.928
153.424 182.647
121.737 215.841
108.413 203.122
2
132.268 191.471
0 0 0.393389 -0.919372
3
141.449 168.515
154.773 181.234
123.086 214.428
109.762 201.709
2
133.617 190.058
0 0 0.393389 -0.919372
3
142.798 167.102
156.122 179.82
124.435 213.015
111.112 200.296
2
134.966 188.645
0 0 0.393389 -0.919372
3
144.147 165.688
157.471 178.407
125.785 211.601
112.461 198.883
2
136.315 187.232
0 0 0.393389 -0.919372
3
145.496 164.275
158.82 176.994
127.134 210.188
113.81 197.469
2
137.664 185.818
0 0 0.393389 -0.919372
3
146.845 162.862
160.169 175.581
128.483 208.775
115.159 196.056
2
139.013 184.405
0 0 0.393389 -0.919372
3
148.194 161.449
161.518 174.168
129.832 207.362
116.508 194.643
2
140.362 182.992
0 0 0.393389 -0.919372
3
149.543 160.036
162.867 172.754
131.181 205.949
117.857 193.23
2
140.874 180.838
0 0 0.421652 -0.906758
3
148.618 157.358
162.703 169.228
133.131 204.319
119.045 192.448
2
141.252 178.656
0 0 0.449511 -0.893275
3
147.528 154.742
162.321 165.718
134.976 202.571
120.183 191.595
2
141.494 176.456
0 0 0.476939 -0.878937
3
146.279 152.199
161.722 162.239
136.709 200.713
121.266 190.673
2
143.473 175.462
0 0 0.449511 -0.893275
3
149.749 151.547
164.541 162.523
137.196 199.376
122.404 188.4
2
145.509 174.592
0 0 0.421652 -0.906758
3
153.252 151.112
167.337 162.982
137.765 198.073
123.68 186.202
2
147.595 173.85
0 0 0.393389 -0.919372
3
156.776 150.893
170.1 163.612
138.413 196.806
125.089 184.088
2
149.723 173.238
0 0 0.36475 -0.931105
3
160.306 150.894
172.818 164.413
139.139 195.583
126.627 182.064
2
151.884 172.76
0 0 0.335761 -0.941947
3
163.83 151.113
175.481 165.379
139.938 194.407
128.287 180.14
2
154.071 172.416
0 0 0.306451 -0.951886
3
167.334 151.549
178.08 166.509
140.809 193.282
130.063 178.322
2
156.276 172.207
0 0 0.276847 -0.960914
3
170.803 152.201
180.604 167.798
141.748 192.214
131.948 176.617
2
158.489 172.136
0 0 0.246978 -0.969021
3
174.226 153.067
183.043 169.24
142.751 191.205
133.934 175.032
2
160.702 172.202
0 0 0.216872 -0.9762
3
177.589 154.143
185.388 170.83
143.815 190.261
136.015 173.573
2
162.906 172.404
0 0 0.186559 -0.982444
3
180.878 155.424
187.63 172.562
144.935 189.384
138.183 172.246
2
165.094 172.742
0 0 0.156067 -0.987747
3
184.082 156.907
189.761 174.43
146.107 188.578
140.428 171.055
2
167.257 173.216
0 0 0.125425 -0.992103
3
187.188 158.585
191.773 176.425
147.326 187.846
142.742 170.006
2
169.387 173.822
0 0 0.0946632 -0.995509
3
190.185 160.452
193.657 178.542
148.589 187.191
145.117 169.101
2
171.475 174.558
0 0 0.0638107 -0.997962
3
193.06 162.501
195.406 180.771
149.89 186.616
147.544 168.346
2
173.513 175.423
0 0 0.0328972 -0.999459
3
195.803 164.724
197.014 183.104
151.223 186.121
150.012 167.741
2
171.593 176.185
0 0 0.00195208 -0.999998
3
194.502 166.885
194.574 185.305
148.684 185.484
148.612 167.065
2
169.63 176.827
0 0 0.0289949 0.99958
3
193.07 168.962
192.002 187.351
146.19 184.691
147.257 166.302
2
167.63 177.346
0 0 0.059914 0.998204
3
191.512 170.947
189.309 189.235
143.749 183.746
145.952 165.458
2
165.603 177.741
0 0 0.0907759 0.995871
3
189.835 172.831
186.504 190.948
141.371 182.651
144.701 164.534
2
163.555 178.01
0 0 0.121551 0.992585
3
188.044 174.608
183.599 192.484
139.065 181.411
143.51 163.535
2
161.494 178.151
0 0 0.152209 0.988348
3
186.147 176.271
180.604 193.838
136.841 180.031
142.383 162.464
2
159.428 178.164
0 0 0.182722 0.983165
3
184.15 177.813
177.532 195.003
134.706 178.515
141.324 161.325
2
157.365 178.05
0 0 0.213059 0.977039
3
182.062 179.229
174.393 195.977
132.669 176.871
140.338 160.123
2
155.314 177.808
0 0 0.243193 0.969978
3
179.89 180.513
171.2 196.754
130.738 175.104
139.428 158.863
2
153.281 177.44
0 0 0.273093 0.961988
3
177.643 181.66
167.965 197.332
128.92 173.221
138.598 157.548
2
151.275 176.947
0 0 0.302732 0.953076
3
175.329 182.666
164.7 197.709
127.221 171.228
137.851 156.185
2
149.304 176.331
0 0 0.332081 0.943251
3
172.958 183.526
161.418 197.884
125.649 169.135
137.189 154.778
2
147.374 175.594
0 0 0.361112 0.932522
3
170.537 184.239
158.132 197.855
124.21 166.948
136.616 153.332
2
145.493 174.739
0 0 0.389797 0.920901
3
168.078 184.8
154.854 197.623
122.909 164.677
136.133 151.854
2
143.669 173.769
0 0 0.418109 0.908397
3
165.588 185.208
151.596 197.188
121.751 162.329
135.743 150.349
2
141.909 172.688
0 0 0.44602 0.895023
3
163.078 185.462
148.372 196.553
120.74 159.915
135.446 148.823
2
140.219 171.5
0 0 0.473504 0.880792
3
160.557 185.559
145.193 195.719
119.88 157.442
135.245 147.282
2
139.141 169.871
0 0 0.473504 0.880792
3
159.479 183.929
144.115 194.09
118.803 155.812
134.167 145.652
2
138.063 168.241
0 0 0.473504 0.880792
3
158.402 182.3
143.037 192.46
117.725 154.182
133.089 144.022
2
136.986 166.612
0 0 0.473504 0.880792
3
157.324 180.67
141.96 190.83
116.647 152.553
132.012 142.393
2
135.908 164.982
0 0 0.473504 0.880792
3
156.246 179.041
140.882 189.201
115.57 150.923
130.934 140.763
2
134.83 163.352
0 0 0.473504 0.880792
3
155.169 177.411
139.804 187.571
114.492 149.294
129.856 139.133
2
134.275 161.362
0 0 0.44602 0.895023
3
155.444 174.136
140.738 185.227
113.106 148.589
127.812 137.498
2
133.598 159.411
0 0 0.418109 0.908397
3
155.517 170.85
141.525 182.83
111.679 147.971
125.671 135.992
2
131.837 158.33
0 0 0.44602 0.895023
3
153.007 171.104
138.3 182.195
110.668 145.557
125.375 134.465
2
130.147 157.143
0 0 0.473504 0.880792
3
150.486 171.201
135.121 181.362
109.809 143.084
125.173 132.924
2
129.07 155.513
0 0 0.473504 0.880792
3
149.408 169.572
134.044 179.732
108.731 141.454
124.096 131.294
2
127.992 153.883
0 0 0.473504 0.880792
3
148.33 167.942
132.966 178.102
107.653 139.825
123.018 129.664
2
126.914 152.254
0 0 0.473504 0.880792
3
147.253 166.312
131.888 176.473
106.576 138.195
121.94 128.035
2
125.837 150.624
0 0 0.473504 0.880792
3
146.175 164.683
130.811 174.843
105.498 136.565
120.863 126.405
2
124.759 148.994
0 0 0.473504 0.880792
3
145.097 163.053
129.733 173.213
104.42 134.936
119.785 124.775
2
123.681 147.365
0 0 0.473504 0.880792
3
144.02 161.423
128.655 171.584
103.343 133.306
118.707 123.146
2
122.604 145.735
0 0 0.473504 0.880792
3
142.942 159.794
127.578 169.954
102.265 131.676
117.63 121.516
2
121.526 144.105
0 0 0.473504 0.880792
3
141.864 158.164
126.5 168.324
101.187 130.047
116.552 119.886
2
120.448 142.476
0 0 0.473504 0.880792
3
140.787 156.534
125.422 166.695
100.11 128.417
115.474 118.257
2
119.371 140.846
0 0 0.473504 0.880792
3
139.709 154.905
124.345 165.065
99.0321 126.787
114.397 116.627
2
118.293 139.216
0 0 0.473504 0.880792
3
138.631 153.275
123.267 163.435
97.9544 125.158
113.319 114.997
2
117.215 137.587
0 0 0.473504 0.880792
3
137.554 151.645
122.189 161.806
96.8768 123.528
112.241 113.368
2
115.602 136.297
0 0 0.500534 0.865717
3
135.031 151.587
119.068 160.777
96.1719 121.007
112.135 111.817
2
114.071 134.91
0 0 0.527085 0.849813
3
132.518 151.372
116.016 159.557
95.6243 118.447
112.126 110.262
2
113.203 133.159
0 0 0.527085 0.849813
3
131.649 149.622
115.148 157.807
94.7562 116.697
111.258 108.512
2
112.898 131.116
0 0 0.500534 0.865717
3
132.327 146.406
116.364 155.597
93.4678 115.826
109.431 106.636
2
112.467 129.096
0 0 0.473504 0.880792
3
132.805 143.155
117.441 153.315
92.1281 115.037
107.493 104.877
2
111.911 127.106
0 0 0.44602 0.895023
3
133.08 139.88
118.374 150.971
90.7421 114.333
105.449 103.242
2
111.234 125.155
0 0 0.418109 0.908397
3
133.153 136.594
119.161 148.574
89.3152 113.715
103.307 101.735
2
110.437 123.249
0 0 0.389797 0.920901
3
133.022 133.311
119.798 146.133
87.8529 113.187
101.077 100.365
2
108.613 122.279
0 0 0.418109 0.908397
3
130.532 133.719
116.54 145.698
86.6946 110.84
100.687 98.8598
2
106.853 121.198
0 0 0.44602 0.895023
3
128.022 133.972
113.316 145.063
85.6838 108.425
100.39 97.3335
2
105.163 120.011
0 0 0.473504 0.880792
3
125.501 134.069
110.137 144.23
84.8243 105.952
100.189 95.7918
2
103.549 118.721
0 0 0.500534 0.865717
3
122.979 134.011
107.015 143.201
84.1195 103.431
100.083 94.2407
2
102.019 117.334
0 0 0.527085 0.849813
3
120.465 133.796
103.964 141.981
83.5719 100.871
100.073 92.6859
2
100.577 115.854
0 0 0.553131 0.833095
3
117.97 133.427
100.993 140.575
83.1837 98.2822
100.16 91.1335
2
100.398 113.796
0 0 0.527085 0.849813
3
118.845 130.259
102.344 138.444
81.9517 97.3338
98.4532 89.1486
2
100.093 111.753
0 0 0.500534 0.865717
3
119.523 127.043
103.559 136.234
80.6634 96.4634
96.6269 87.2731
2
99.6621 109.733
0 0 0.473504 0.880792
3
120 123.792
104.636 133.952
79.3237 95.6744
94.6881 85.5142
2
98.5844 108.103
0 0 0.473504 0.880792
3
118.923 122.162
103.558 132.322
78.246 94.0448
93.6104 83.8845
2
97.5067 106.474
0 0 0.473504 0.880792
3
117.845 120.532
102.481 130.693
77.1683 92.4151
92.5328 82.2549
2
96.4291 104.844
0 0 0.473504 0.880792
3
116.767 118.903
101.403 129.063
76.0907 90.7855
91.4551 80.6252
2
95.3514 103.214
0 0 0.473504 0.880792
3
115.69 117.273
100.325 127.433
75.013 89.1558
90.3774 78.9956
2
94.2737 101.585
0 0 0.473504 0.880792
3
114.612 115.644
99.2477 125.804
73.9353 87.5262
89.2998 77.3659
2
93.1961 99.9552
0 0 0.473504 0.880792
3
113.534 114.014
98.1701 124.174
72.8577 85.8965
88.2221 75.7363
2
92.1184 98.3255
0 0 0.473504 0.880792
3
112.457 112.384
97.0924 122.544
71.78 84.2669
87.1444 74.1066
2
91.0407 96.6959
0 0 0.473504 0.880792
3
111.379 110.755
96.0147 120.915
70.7023 82.6372
86.0667 72.4769
2
89.9631 95.0662
0 0 0.473504 0.880792
3
110.301 109.125
94.9371 119.285
69.6247 81.0076
84.9891 70.8473
2
88.8854 93.4366
0 0 0.473504 0.880792
3
109.224 107.495
93.8594 117.655
68.547 79.3779
83.9114 69.2176
2
87.8077 91.8069
0 0 0.473504 0.880792
3
108.146 105.866
92.7817 116.026
67.4693 77.7482
82.8337 67.588
