1
237.874 154.934 6.2598
1
235.93 154.738 0.0385181
1
234.002 154.423 0.10042
1
232.097 153.988 0.162322
1
230.222 153.437 0.224224
1
228.386 152.771 0.286126
1
226.458 152.455 0.224224
1
224.514 152.259 0.162322
1
222.639 151.708 0.224224
1
220.803 151.041 0.286126
1
219.011 150.263 0.348028
1
217.271 149.375 0.409931
1
215.589 148.381 0.471833
1
213.971 147.284 0.533735
1
212.425 146.09 0.595637
1
210.955 144.803 0.657539
1
209.409 143.609 0.657539
1
207.727 142.615 0.595637
1
206.258 141.327 0.657539
1
204.87 139.951 0.719441
1
203.571 138.492 0.781343
1
202.365 136.956 0.843245
1
201.255 135.347 0.905147
1
200.248 133.674 0.967049
1
198.948 132.214 0.905147
1
197.561 130.839 0.843245
1
196.092 129.551 0.781343
1
194.545 128.357 0.719441
1
192.928 127.261 0.657539
1
191.382 126.067 0.657539
1
189.835 124.873 0.657539
1
188.289 123.679 0.657539
1
186.742 122.485 0.657539
1
185.196 121.291 0.657539
1
183.65 120.096 0.657539
1
182.103 118.902 0.657539
1
180.557 117.708 0.657539
1
179.011 116.514 0.657539
1
177.464 115.32 0.657539
1
175.918 114.126 0.657539
1
174.371 112.932 0.657539
1
172.825 111.738 0.657539
1
171.279 110.544 0.657539
1
169.732 109.35 0.657539
1
168.186 108.156 0.657539
1
166.639 106.962 0.657539
1
165.093 105.768 0.657539
1
163.547 104.573 0.657539
1
162 103.379 0.657539
1
160.454 102.185 0.657539
1
158.908 100.991 0.657539
1
157.361 99.7971 0.657539
1
155.815 98.6031 0.657539
1
154.268 97.409 0.657539
1
152.722 96.2149 0.657539
1
151.176 95.0208 0.657539
1
149.629 93.8268 0.657539
1
148.083 92.6327 0.657539
1
146.536 91.4386 0.657539
1
144.99 90.2445 0.657539
1
143.444 89.0505 0.657539
1
141.897 87.8564 0.657539
1
140.351 86.6623 0.657539
1
138.964 85.2864 0.719441
1
137.664 83.8273 0.781343
1
136.458 82.2907 0.843245
1
135.349 80.6823 0.905147
1
134.341 79.0084 0.967049
1
133.042 77.5494 0.905147
1
131.655 76.1735 0.843245
1
130.185 74.886 0.781343
1
128.639 73.6919 0.719441
1
127.021 72.5958 0.657539
1
125.339 71.6019 0.595637
1
123.599 70.7138 0.533735
1
121.807 69.9352 0.471833
1
119.971 69.2689 0.409931
1
118.096 68.7174 0.348028
1
116.191 68.283 0.286126
1
114.263 67.9673 0.224224
1
112.319 67.7714 0.162322
1
110.367 67.6962 0.10042
1
108.414 67.7419 0.0385181
1
106.467 67.9083 6.2598
1
104.535 68.1948 6.1979
1
102.623 68.6004 6.136
1
100.741 69.1234 6.0741
1
98.8945 69.7618 6.01219
1
97.0911 70.5132 5.95029
1
95.3375 71.3748 5.88839
1
93.5341 72.1263 5.88839
1
91.7306 72.8777 5.88839
1
89.9272 73.6292 5.88839
1
88.1237 74.3806 5.88839
1
86.3203 75.1321 5.88839
1
84.5168 75.8835 5.88839
1
82.7133 76.635 5.88839
1
80.9099 77.3864 5.88839
1
79.213 78.3548 5.82649
1
77.5793 79.4264 5.76459
1
76.015 80.5969 5.70268
1
74.5261 81.8619 5.64078
1
73.1184 83.2167 5.57888
1
71.7971 84.6559 5.51698
1
70.5674 86.1741 5.45507
1
69.434 87.7655 5.39317
1
68.4012 89.424 5.33127
1
67.473 91.1432 5.26937
1
66.6529 92.9165 5.20747
1
65.9441 94.7371 5.14556
1
65.3492 96.5981 5.08366
1
64.8707 98.4923 5.02176
1
64.5102 100.413 4.95986
1
64.2692 102.351 4.89796
1
64.1486 104.301 4.83605
1
64.1489 106.255 4.77415
1
64.27 108.205 4.71225
1
64.029 110.144 4.77415
1
63.6685 112.064 4.83605
1
63.19 113.958 4.89796
1
62.5951 115.819 4.95986
1
61.8863 117.64 5.02176
1
61.0662 119.413 5.08366
1
60.138 121.132 5.14556
1
59.1052 122.791 5.20747
1
57.9717 124.382 5.26937
1
56.7421 125.901 5.33127
1
55.4208 127.34 5.39317
1
54.013 128.695 5.45507
1
52.5242 129.96 5.51698
1
51.2945 131.478 5.45507
1
50.161 133.069 5.39317
1
49.1282 134.728 5.33127
1
48.2 136.447 5.26937
1
47.3799 138.22 5.20747
1
46.6711 140.041 5.14556
1
46.0762 141.902 5.08366
1
45.5977 143.796 5.02176
1
45.2372 145.716 4.95986
1
44.9962 147.655 4.89796
1
44.8756 149.605 4.83605
1
44.8759 151.559 4.77415
1
44.997 153.509 4.71225
1
44.9973 155.462 4.71225
1
44.9976 157.416 4.71225
1
44.9978 159.37 4.71225
1
44.9981 161.324 4.71225
1
44.9984 163.277 4.71225
1
44.9986 165.231 4.71225
1
44.9989 167.185 4.71225
1
44.9992 169.139 4.71225
1
44.9995 171.092 4.71225
1
44.9997 173.046 4.71225
1
45 175 4.71225
2
252.025 154.603
0 0 0.0116917 -0.999932
3
274.748 144.859
275.179 163.274
229.301 164.347
228.871 145.932
2
250.074 155.284
0 0 0.0192579 0.999815
3
273.357 146.964
272.647 165.37
226.792 163.603
227.501 145.197
2
248.085 155.842
0 0 0.050189 0.99874
3
271.838 148.978
269.991 167.306
224.333 162.705
226.179 144.378
2
246.066 156.276
0 0 0.081072 0.996708
3
270.197 150.895
267.221 169.073
221.934 161.657
224.911 143.479
2
244.023 156.584
0 0 0.111877 0.993722
3
268.442 152.707
264.346 170.665
219.605 160.462
223.7 142.503
2
241.965 156.766
0 0 0.142576 0.989784
3
266.577 154.406
261.378 172.077
217.354 159.125
222.553 141.454
2
240.258 155.602
0 0 0.111877 0.993722
3
264.677 151.725
260.581 169.683
215.84 159.48
219.936 141.521
2
238.483 154.547
0 0 0.081072 0.996708
3
262.615 149.166
259.638 167.344
214.351 159.927
217.328 141.749
2
236.44 154.855
0 0 0.111877 0.993722
3
260.859 150.977
256.763 168.936
212.022 158.732
216.117 140.774
2
234.382 155.036
0 0 0.142576 0.989784
3
258.994 152.677
253.795 170.348
209.771 157.396
214.97 139.725
2
232.317 155.09
0 0 0.173137 0.984898
3
257.028 154.257
250.746 171.573
207.607 155.923
213.889 138.607
2
230.253 155.016
0 0 0.203533 0.979068
3
254.968 155.714
247.626 172.607
205.538 154.318
212.88 137.424
2
228.197 154.814
0 0 0.233734 0.972301
3
252.821 157.04
244.449 173.447
203.573 152.589
211.945 136.182
2
226.158 154.486
0 0 0.263711 0.964602
3
250.597 158.23
241.226 174.088
201.718 150.741
211.09 134.883
2
224.142 154.032
0 0 0.293435 0.955979
3
248.303 159.281
237.969 174.529
199.982 148.783
210.316 133.535
2
222.159 153.454
0 0 0.322879 0.94644
3
245.949 160.188
234.691 174.767
198.369 146.72
209.627 132.141
2
220.613 152.26
0 0 0.322879 0.94644
3
244.403 158.994
233.145 173.573
196.823 145.526
208.081 130.947
2
219.444 150.556
0 0 0.293435 0.955979
3
243.605 155.805
233.271 171.053
195.284 145.307
205.618 130.059
2
217.461 149.979
0 0 0.322879 0.94644
3
241.251 156.712
229.993 171.292
193.671 143.245
204.929 128.665
2
215.517 149.279
0 0 0.352013 0.935995
3
238.845 157.472
226.707 171.327
192.19 141.087
204.328 127.232
2
213.621 148.461
0 0 0.380809 0.924654
3
236.397 158.081
223.425 171.158
190.844 138.841
203.816 125.763
2
211.778 147.527
0 0 0.409241 0.912426
3
233.916 158.537
220.16 170.787
189.641 136.516
203.397 124.266
2
209.997 146.481
0 0 0.437281 0.899325
3
231.411 158.839
216.923 170.215
188.583 134.122
203.071 122.746
2
208.284 145.326
0 0 0.464903 0.885362
3
228.892 158.986
213.729 169.444
187.676 131.666
202.839 121.209
2
207.69 143.348
0 0 0.437281 0.899325
3
229.104 155.706
214.616 167.082
186.276 130.989
200.764 119.613
2
206.975 141.41
0 0 0.409241 0.912426
3
229.112 152.42
215.356 164.67
184.837 130.399
198.594 118.149
2
206.141 139.52
0 0 0.380809 0.924654
3
228.918 149.139
215.946 162.217
183.365 129.9
196.337 116.822
2
205.192 137.685
0 0 0.352013 0.935995
3
228.52 145.877
216.382 159.732
181.865 129.492
194.003 115.637
2
204.132 135.912
0 0 0.322879 0.94644
3
227.922 142.646
216.664 157.225
180.342 129.178
191.6 114.599
2
202.585 134.718
0 0 0.322879 0.94644
3
226.375 141.452
215.117 156.031
178.795 127.984
190.053 113.405
2
201.039 133.524
0 0 0.322879 0.94644
3
224.829 140.257
213.571 154.837
177.249 126.79
188.507 112.211
2
199.493 132.33
0 0 0.322879 0.94644
3
223.282 139.063
212.025 153.643
175.703 125.596
186.96 111.017
2
197.946 131.136
0 0 0.322879 0.94644
3
221.736 137.869
210.478 152.449
174.156 124.402
185.414 109.823
2
196.4 129.942
0 0 0.322879 0.94644
3
220.19 136.675
208.932 151.255
172.61 123.208
183.868 108.629
2
194.853 128.748
0 0 0.322879 0.94644
3
218.643 135.481
207.385 150.061
171.064 122.014
182.321 107.435
2
193.307 127.553
0 0 0.322879 0.94644
3
217.097 134.287
205.839 148.867
169.517 120.82
180.775 106.24
2
191.761 126.359
0 0 0.322879 0.94644
3
215.55 133.093
204.293 147.672
167.971 119.626
179.229 105.046
2
190.214 125.165
0 0 0.322879 0.94644
3
214.004 131.899
202.746 146.478
166.424 118.432
177.682 103.852
2
188.668 123.971
0 0 0.322879 0.94644
3
212.458 130.705
201.2 145.284
164.878 117.238
176.136 102.658
2
187.121 122.777
0 0 0.322879 0.94644
3
210.911 129.511
199.653 144.09
163.332 116.044
174.589 101.464
2
185.575 121.583
0 0 0.322879 0.94644
3
209.365 128.317
198.107 142.896
161.785 114.849
173.043 100.27
2
184.029 120.389
0 0 0.322879 0.94644
3
207.818 127.123
196.561 141.702
160.239 113.655
171.497 99.076
2
182.482 119.195
0 0 0.322879 0.94644
3
206.272 125.929
195.014 140.508
158.692 112.461
169.95 97.8819
2
180.936 118.001
0 0 0.322879 0.94644
3
204.726 124.734
193.468 139.314
157.146 111.267
168.404 96.6879
2
179.389 116.807
0 0 0.322879 0.94644
3
203.179 123.54
191.922 138.12
155.6 110.073
166.857 95.4938
2
177.843 115.613
0 0 0.322879 0.94644
3
201.633 122.346
190.375 136.926
154.053 108.879
165.311 94.2997
2
176.297 114.419
0 0 0.322879 0.94644
3
200.087 121.152
188.829 135.732
152.507 107.685
163.765 93.1056
2
174.75 113.225
0 0 0.322879 0.94644
3
198.54 119.958
187.282 134.538
150.961 106.491
162.218 91.9116
2
173.204 112.03
0 0 0.322879 0.94644
3
196.994 118.764
185.736 133.344
149.414 105.297
160.672 90.7175
2
171.658 110.836
0 0 0.322879 0.94644
3
195.447 117.57
184.19 132.149
147.868 104.103
159.126 89.5234
2
170.111 109.642
0 0 0.322879 0.94644
3
193.901 116.376
182.643 130.955
146.321 102.909
157.579 88.3293
2
168.565 108.448
0 0 0.322879 0.94644
3
192.355 115.182
181.097 129.761
144.775 101.715
156.033 87.1352
2
167.018 107.254
0 0 0.322879 0.94644
3
190.808 113.988
179.55 128.567
143.229 100.521
154.486 85.9412
2
165.472 106.06
0 0 0.322879 0.94644
3
189.262 112.794
178.004 127.373
141.682 99.3265
152.94 84.7471
2
163.926 104.866
0 0 0.322879 0.94644
3
187.715 111.6
176.458 126.179
140.136 98.1324
151.394 83.553
2
162.379 103.672
0 0 0.322879 0.94644
3
186.169 110.406
174.911 124.985
138.589 96.9384
149.847 82.3589
2
160.833 102.478
0 0 0.322879 0.94644
3
184.623 109.211
173.365 123.791
137.043 95.7443
148.301 81.1649
2
159.286 101.284
0 0 0.322879 0.94644
3
183.076 108.017
171.819 122.597
135.497 94.5502
146.754 79.9708
2
157.74 100.09
0 0 0.322879 0.94644
3
181.53 106.823
170.272 121.403
133.95 93.3561
145.208 78.7767
2
156.194 98.8957
0 0 0.322879 0.94644
3
179.984 105.629
168.726 120.209
132.404 92.162
143.662 77.5826
2
154.647 97.7016
0 0 0.322879 0.94644
3
178.437 104.435
167.179 119.015
130.857 90.968
142.115 76.3886
2
153.101 96.5075
0 0 0.322879 0.94644
3
176.891 103.241
165.633 117.821
129.311 89.7739
140.569 75.1945
2
151.555 95.3134
0 0 0.322879 0.94644
3
175.344 102.047
164.087 116.626
127.765 88.5798
139.022 74.0004
2
149.611 94.614
0 0 0.352013 0.935995
3
172.939 102.806
160.8 116.662
126.283 86.4216
138.421 72.5666
2
147.714 93.7958
0 0 0.380809 0.924654
3
170.49 103.416
157.518 116.493
124.938 84.1759
137.91 71.0983
2
145.872 92.8617
0 0 0.409241 0.912426
3
168.009 103.872
154.253 116.122
123.734 81.8513
137.49 69.6012
2
144.09 91.8155
0 0 0.437281 0.899325
3
165.504 104.174
151.017 115.55
122.676 79.4567
137.164 68.081
2
142.377 90.661
0 0 0.464903 0.885362
3
162.986 104.321
147.822 114.778
121.769 77.0012
136.933 66.5436
2
141.783 88.6825
0 0 0.437281 0.899325
3
163.197 101.041
148.71 112.417
120.369 76.3237
134.857 64.9481
2
141.068 86.7445
0 0 0.409241 0.912426
3
163.206 97.7549
149.45 110.005
118.931 75.7341
132.687 63.484
2
140.235 84.8544
0 0 0.380809 0.924654
3
163.011 94.4743
150.039 107.552
117.458 75.2346
130.43 62.157
2
139.286 83.0196
0 0 0.352013 0.935995
3
162.613 91.212
150.475 105.067
115.958 74.8272
128.096 60.9721
2
138.225 81.2469
0 0 0.322879 0.94644
3
162.015 87.9806
150.757 102.56
114.435 74.5133
125.693 59.9339
2
137.057 79.5433
0 0 0.293435 0.955979
3
161.218 84.7923
150.883 100.04
112.896 74.2943
123.23 59.0464
2
135.785 77.9152
0 0 0.263711 0.964602
3
160.225 81.6595
150.853 97.5175
111.346 74.1709
120.717 58.3129
2
134.416 76.3689
0 0 0.233734 0.972301
3
159.04 78.5942
150.667 95.0015
109.792 74.1436
118.164 57.7363
2
132.953 74.9103
0 0 0.203533 0.979068
3
157.667 75.608
150.326 92.5018
108.238 74.2126
115.579 57.3187
2
131.403 73.5449
0 0 0.173137 0.984898
3
156.113 72.7124
149.831 90.028
106.692 74.3775
112.974 57.0618
2
129.771 72.2781
0 0 0.142576 0.989784
3
154.383 69.9185
149.184 87.5896
105.159 74.6377
110.358 56.9666
2
128.064 71.1146
0 0 0.111877 0.993722
3
152.482 67.237
148.387 85.1959
103.646 74.9923
107.741 57.0334
2
126.288 70.059
0 0 0.0810721 0.996708
3
150.42 64.6782
147.443 82.8561
102.157 75.4398
105.133 57.2619
2
124.451 69.1152
0 0 0.050189 0.99874
3
148.204 62.2519
146.357 80.5791
100.698 75.9786
102.545 57.6514
2
122.558 68.2869
0 0 0.0192579 0.999815
3
145.841 59.9674
145.132 78.3737
99.2758 76.6065
99.9851 58.2002
2
120.618 67.5773
0 0 0.0116917 -0.999932
3
143.342 57.8333
143.772 76.2483
97.895 77.3213
97.4643 58.9063
2
118.638 66.9891
0 0 0.0426301 -0.999091
3
140.715 55.858
142.284 74.2111
96.5611 78.1201
94.9921 59.767
2
116.625 66.5244
0 0 0.0735276 -0.997293
3
137.972 54.049
140.673 72.2698
95.2792 78.9999
92.5778 60.7791
2
114.588 66.1852
0 0 0.104355 -0.99454
3
135.121 52.4131
138.945 70.4319
94.0542 79.9573
90.2307 61.9385
2
112.533 65.9727
0 0 0.135082 -0.990834
3
132.175 50.9567
137.106 68.7045
92.8907 80.9887
87.9599 63.2409
2
110.469 65.8877
0 0 0.16568 -0.98618
3
129.145 49.6853
135.164 67.0941
91.7933 82.09
85.774 64.6813
2
108.404 65.9305
0 0 0.196119 -0.98058
3
126.041 48.6039
133.126 65.6069
90.7661 83.2572
83.6814 66.2541
2
106.6 66.682
0 0 0.196119 -0.98058
3
124.238 49.3553
131.323 66.3584
88.9626 84.0086
81.8779 67.0056
2
104.797 67.4334
0 0 0.196119 -0.98058
3
122.434 50.1068
129.519 67.1098
87.1592 84.7601
80.0744 67.757
2
102.993 68.1849
0 0 0.196119 -0.98058
3
120.631 50.8582
127.716 67.8613
85.3557 85.5115
78.271 68.5085
2
101.19 68.9363
0 0 0.196119 -0.98058
3
118.827 51.6097
125.912 68.6127
83.5522 86.263
76.4675 69.2599
2
99.3864 69.6878
0 0 0.196119 -0.98058
3
117.024 52.3611
124.109 69.3642
81.7488 87.0144
74.6641 70.0114
2
97.5829 70.4392
0 0 0.196119 -0.98058
3
115.221 53.1126
122.305 70.1156
79.9453 87.7659
72.8606 70.7628
2
95.7795 71.1907
0 0 0.196119 -0.98058
3
113.417 53.864
120.502 70.8671
78.1419 88.5173
71.0572 71.5143
2
93.976 71.9421
0 0 0.196119 -0.98058
3
111.614 54.6155
118.698 71.6185
76.3384 89.2688
69.2537 72.2657
2
91.9173 72.1127
0 0 0.22637 -0.974041
3
108.449 53.7281
116.572 70.2603
75.3854 90.4972
67.2624 73.965
2
89.8731 72.4102
0 0 0.256404 -0.96657
3
105.236 53.0382
114.366 69.0362
74.5101 91.7823
65.38 75.7842
2
87.8512 72.8337
0 0 0.286193 -0.958172
3
101.986 52.5483
112.089 67.9509
73.7161 93.119
63.6138 77.7164
2
85.8595 73.3814
0 0 0.315707 -0.948857
3
98.7126 52.2605
109.748 67.0086
73.0063 94.5023
61.9705 79.7542
2
83.9054 74.0513
0 0 0.34492 -0.938632
3
95.4273 52.1757
107.354 66.2128
72.3834 95.9268
60.4563 81.8897
2
81.9964 74.8407
0 0 0.373801 -0.927509
3
92.1431 52.2943
104.916 65.5667
71.8498 97.3872
59.0772 84.1148
2
80.14 75.7468
0 0 0.402325 -0.915497
3
88.8724 52.6158
102.442 65.0727
71.4076 98.8778
57.8384 86.4209
2
78.3432 76.766
0 0 0.430464 -0.902608
3
85.6279 53.1391
99.9417 64.7327
71.0585 100.393
56.7447 88.7993
2
76.6129 77.8943
0 0 0.45819 -0.888855
3
82.422 53.8621
97.4256 64.548
70.8037 101.927
55.8001 91.2407
2
74.9557 79.1276
0 0 0.485477 -0.87425
3
79.267 54.782
94.9029 64.5192
70.6443 103.473
55.0084 93.736
2
73.3779 80.461
0 0 0.512299 -0.858807
3
76.1749 55.8953
92.3833 64.6467
70.5809 105.027
54.3726 96.2754
2
71.8857 81.8895
0 0 0.53863 -0.842542
3
73.1576 57.1978
89.8763 64.9297
70.6138 106.581
53.8951 98.8493
2
70.4847 83.4075
0 0 0.564446 -0.82547
3
70.2267 58.6844
87.3917 65.3673
70.7427 108.131
53.5777 101.448
2
69.1803 85.0093
0 0 0.58972 -0.807608
3
67.3934 60.3496
84.9389 65.9577
70.9672 109.669
53.4217 104.061
2
67.9775 86.6887
0 0 0.61443 -0.788971
3
64.6685 62.1867
82.5273 66.6988
71.2865 111.191
53.4276 106.679
2
66.8808 88.4394
0 0 0.638551 -0.769579
3
62.0624 64.189
80.1662 67.5876
71.6993 112.69
53.5955 109.291
2
65.8946 90.2545
0 0 0.662061 -0.74945
3
59.5852 66.3486
77.8646 68.6208
72.204 114.16
53.9247 111.888
2
65.0226 92.1271
0 0 0.684936 -0.728603
3
57.2464 68.6574
75.6313 69.7943
72.7988 115.597
54.4139 114.46
2
64.268 94.0501
0 0 0.707156 -0.707058
3
55.0549 71.1064
73.4749 71.1038
73.4812 116.994
55.0612 116.996
2
64.9027 96.0159
0 0 0.684936 -0.728603
3
57.1265 72.5462
75.5114 73.6832
72.6789 119.486
54.294 118.349
2
65.4146 98.0172
0 0 0.662061 -0.74945
3
59.1052 74.1114
77.3845 76.3835
71.7239 121.923
53.4446 119.651
2
65.8016 100.046
0 0 0.638551 -0.769579
3
60.9832 75.796
79.0869 79.1946
70.62 124.297
52.5163 120.898
2
66.0624 102.096
0 0 0.61443 -0.788971
3
62.7534 77.5936
80.6122 82.1056
69.3714 126.598
51.5126 122.086
2
66.1959 104.157
0 0 0.58972 -0.807608
3
64.409 79.4972
81.9545 85.1054
67.9828 128.817
50.4373 123.209
2
66.2017 106.223
0 0 0.564446 -0.82547
3
65.9437 81.4997
83.1087 88.1825
66.4596 130.946
49.2947 124.263
2
66.0796 108.285
0 0 0.53863 -0.842542
3
67.3515 83.5932
84.0702 91.3251
64.8077 132.977
48.089 125.245
2
65.8302 110.335
0 0 0.512299 -0.858807
3
68.6272 85.7698
84.8355 94.5211
63.0332 134.901
46.8249 126.15
2
65.4544 112.367
0 0 0.485477 -0.87425
3
69.7658 88.0211
85.4017 97.7584
61.1431 136.712
45.5072 126.975
2
64.9537 114.371
0 0 0.45819 -0.888855
3
70.7629 90.3386
85.7665 101.024
59.1446 138.403
44.141 127.717
2
64.33 116.34
0 0 0.430464 -0.902608
3
71.6147 92.7133
85.9285 104.307
57.0452 139.967
42.7314 128.373
2
63.5856 118.267
0 0 0.402325 -0.915497
3
72.318 95.1362
85.8872 107.593
54.8532 141.398
41.284 128.941
2
62.7235 120.144
0 0 0.373801 -0.927509
3
72.8701 97.5979
85.6427 110.87
52.5769 142.691
39.8043 129.418
2
60.867 121.05
0 0 0.402325 -0.915497
3
69.5994 97.9195
83.1686 110.376
52.1346 144.181
38.5655 131.725
2
59.0702 122.07
0 0 0.430464 -0.902608
3
66.355 98.4427
80.6688 110.036
51.7855 145.696
37.4717 134.103
2
57.3399 123.198
0 0 0.45819 -0.888855
3
63.1491 99.1657
78.1527 109.852
51.5307 147.23
36.5271 136.544
2
55.6827 124.431
0 0 0.485477 -0.87425
3
59.994 100.086
75.6299 109.823
51.3714 148.777
35.7354 139.04
2
54.105 125.765
0 0 0.512299 -0.858807
3
56.9019 101.199
73.1103 109.95
51.308 150.33
35.0996 141.579
2
52.6127 127.193
0 0 0.53863 -0.842542
3
53.8847 102.501
70.6033 110.233
51.3408 151.885
34.6221 144.153
2
51.2117 128.711
0 0 0.564446 -0.82547
3
50.9537 103.988
68.1187 110.671
51.4697 153.434
34.3047 146.751
2
49.9073 130.313
0 0 0.58972 -0.807608
3
48.1204 105.653
65.6659 111.261
51.6942 154.973
34.1487 149.365
2
48.7045 131.992
0 0 0.61443 -0.788971
3
45.3955 107.49
63.2543 112.002
52.0135 156.494
34.1547 151.982
2
47.6079 133.743
0 0 0.638551 -0.769579
3
42.7894 109.493
60.8932 112.891
52.4263 157.993
34.3225 154.595
2
46.6216 135.558
0 0 0.662061 -0.74945
3
40.3122 111.652
58.5916 113.924
52.931 159.464
34.6517 157.192
2
45.7496 137.431
0 0 0.684936 -0.728603
3
37.9734 113.961
56.3583 115.098
53.5258 160.9
35.1409 159.764
2
44.9951 139.354
0 0 0.707156 -0.707058
3
35.7819 116.41
54.2019 116.407
54.2082 162.297
35.7882 162.3
2
44.9953 141.307
0 0 0.707156 -0.707058
3
35.7821 118.364
54.2021 118.361
54.2085 164.251
35.7885 164.254
2
44.9956 143.261
0 0 0.707156 -0.707058
3
35.7824 120.318
54.2024 120.315
54.2088 166.205
35.7888 166.208
2
44.9959 145.215
0 0 0.707156 -0.707058
3
35.7827 122.271
54.2027 122.269
54.2091 168.159
35.7891 168.161
2
44.9961 147.169
0 0 0.707156 -0.707058
3
35.783 124.225
54.203 124.222
54.2093 170.112
35.7893 170.115
2
44.9964 149.122
0 0 0.707156 -0.707058
3
35.7832 126.179
54.2032 126.176
54.2096 172.066
35.7896 172.069
2
44.9967 151.076
0 0 0.707156 -0.707058
3
35.7835 128.133
54.2035 128.13
54.2099 174.02
35.7899 174.023
2
44.997 153.03
0 0 0.707156 -0.707058
3
35.7838 130.086
54.2038 130.084
54.2101 175.974
35.7901 175.976
2
44.9972 154.984
0 0 0.707156 -0.707058
3
35.784 132.04
54.204 132.037
54.2104 177.927
35.7904 177.93
2
44.9975 156.938
0 0 0.707156 -0.707058
3
35.7843 133.994
54.2043 133.991
54.2107 179.881
35.7907 179.884
2
44.9978 158.891
0 0 0.707156 -0.707058
3
35.7846 135.948
54.2046 135.945
54.2109 181.835
35.7909 181.838
2
44.998 160.845
0 0 0.707156 -0.707058
3
35.7849 137.901
54.2049 137.899
54.2112 183.789
35.7912 183.791
