1
180.213 362.657 4.99143
1
180.515 360.727 4.92953
1
180.698 358.781 4.86763
1
180.759 356.829 4.80573
1
180.699 354.876 4.74383
1
180.519 352.93 4.68192
1
180.219 351 4.62002
1
179.8 349.091 4.55812
1
179.5 347.161 4.55812
1
179.2 345.23 4.55812
1
178.899 343.3 4.55812
1
178.599 341.369 4.55812
1
178.299 339.439 4.55812
1
177.999 337.508 4.55812
1
177.698 335.578 4.55812
1
177.398 333.647 4.55812
1
177.098 331.717 4.55812
1
176.798 329.786 4.55812
1
176.498 327.856 4.55812
1
176.197 325.925 4.55812
1
175.897 323.994 4.55812
1
175.597 322.064 4.55812
1
175.297 320.133 4.55812
1
174.996 318.203 4.55812
1
174.696 316.272 4.55812
1
174.396 314.342 4.55812
1
174.096 312.411 4.55812
1
173.796 310.481 4.55812
1
173.495 308.55 4.55812
1
173.195 306.62 4.55812
1
172.895 304.689 4.55812
1
172.595 302.758 4.55812
1
172.295 300.828 4.55812
1
171.994 298.897 4.55812
1
171.694 296.967 4.55812
1
171.394 295.036 4.55812
1
171.094 293.106 4.55812
1
170.793 291.175 4.55812
1
170.493 289.245 4.55812
1
170.193 287.314 4.55812
1
169.893 285.384 4.55812
1
169.593 283.453 4.55812
1
169.292 281.523 4.55812
1
168.992 279.592 4.55812
1
168.692 277.661 4.55812
1
168.392 275.731 4.55812
1
168.091 273.8 4.55812
1
167.791 271.87 4.55812
1
167.491 269.939 4.55812
1
167.191 268.009 4.55812
1
166.891 266.078 4.55812
1
166.354 264.199 4.49622
1
165.703 262.358 4.43432
1
164.939 260.559 4.37241
1
164.065 258.812 4.31051
1
163.528 256.933 4.37241
1
163.109 255.025 4.43432
1
162.809 253.095 4.49622
1
162.629 251.149 4.55812
1
162.092 249.27 4.49622
1
161.441 247.428 4.43432
1
160.677 245.63 4.37241
1
159.803 243.883 4.31051
1
159.266 242.004 4.37241
1
158.847 240.096 4.43432
1
158.547 238.166 4.49622
1
158.367 236.22 4.55812
1
157.831 234.341 4.49622
1
157.179 232.499 4.43432
1
156.415 230.701 4.37241
1
155.541 228.954 4.31051
1
155.005 227.075 4.37241
1
154.586 225.167 4.43432
1
154.285 223.236 4.49622
1
154.105 221.291 4.55812
1
153.569 219.412 4.49622
1
152.917 217.57 4.43432
1
152.153 215.772 4.37241
1
151.279 214.025 4.31051
1
150.299 212.335 4.24861
1
149.647 210.493 4.31051
1
149.111 208.614 4.37241
1
148.692 206.706 4.43432
1
148.392 204.776 4.49622
1
148.211 202.83 4.55812
1
147.675 200.951 4.49622
1
147.024 199.11 4.43432
1
146.259 197.311 4.37241
1
145.385 195.564 4.31051
1
144.405 193.874 4.24861
1
143.754 192.032 4.31051
1
143.217 190.153 4.37241
1
142.798 188.245 4.43432
1
142.498 186.315 4.49622
1
142.318 184.369 4.55812
1
141.781 182.491 4.49622
1
141.13 180.649 4.43432
1
140.366 178.851 4.37241
1
139.492 177.103 4.31051
1
138.511 175.413 4.24861
1
137.86 173.571 4.31051
1
137.324 171.693 4.37241
1
136.904 169.784 4.43432
1
136.604 167.854 4.49622
1
136.185 165.945 4.49622
1
135.766 164.037 4.49622
1
135.347 162.129 4.49622
1
134.928 160.221 4.49622
1
134.509 158.312 4.49622
1
134.09 156.404 4.49622
1
133.671 154.496 4.49622
1
133.252 152.588 4.49622
1
132.833 150.679 4.49622
1
132.414 148.771 4.49622
1
131.995 146.863 4.49622
1
131.575 144.954 4.49622
1
131.156 143.046 4.49622
1
130.737 141.138 4.49622
1
130.318 139.23 4.49622
1
129.899 137.321 4.49622
1
129.48 135.413 4.49622
1
129.061 133.505 4.49622
1
128.642 131.596 4.49622
1
128.223 129.688 4.49622
1
127.571 127.846 4.43432
1
126.807 126.048 4.37241
1
125.933 124.301 4.31051
1
124.953 122.611 4.24861
1
123.87 120.985 4.18671
1
122.688 119.429 4.12481
1
121.605 117.803 4.12481
1
120.731 116.055 4.18671
1
119.967 114.257 4.24861
1
119.315 112.415 4.31051
1
118.779 110.537 4.37241
1
117.905 108.789 4.31051
1
116.925 107.099 4.24861
1
115.842 105.473 4.18671
1
114.66 103.917 4.12481
1
113.385 102.437 4.0629
1
112.02 101.039 4.001
1
110.571 99.7282 3.9391
1
109.044 98.5093 3.8772
1
107.445 97.3872 3.8153
1
105.779 96.3662 3.75339
1
104.054 95.4501 3.69149
1
102.527 94.2312 3.75339
1
101.078 92.9202 3.8153
1
99.7135 91.5221 3.8772
1
98.4379 90.0422 3.9391
1
97.2564 88.4862 4.001
1
95.8078 87.1752 3.9391
1
94.2809 85.9563 3.8772
1
92.6815 84.8342 3.8153
1
91.0158 83.8131 3.75339
1
89.2901 82.8971 3.69149
1
87.511 82.0896 3.62959
1
85.6854 81.3937 3.56769
1
83.8203 80.812 3.50578
1
81.9227 80.3469 3.44388
1
80 80 3.38198
2
184.112 349.049
0 0 0.601898 -0.798573
3
181.578 324.455
199.286 329.529
186.646 373.644
168.939 368.57
2
183.565 346.904
0 0 0.626322 -0.779564
3
179.515 322.514
197.502 326.482
187.615 371.294
169.628 367.326
2
182.886 344.797
0 0 0.650147 -0.759809
3
177.335 320.703
195.533 323.551
188.438 368.89
170.239 366.042
2
182.078 342.735
0 0 0.673349 -0.739325
3
175.047 319.032
193.387 320.748
189.11 366.439
170.77 364.722
2
181.144 340.728
0 0 0.695905 -0.718134
3
172.66 317.505
191.071 318.084
189.629 363.951
171.218 363.372
2
180.088 338.782
0 0 0.717795 -0.696254
3
170.183 316.128
188.595 315.567
189.993 361.436
171.581 361.997
2
178.913 336.905
0 0 0.738998 -0.673708
3
167.626 314.907
185.968 313.208
190.201 358.903
171.859 360.602
2
177.625 335.105
0 0 0.759493 -0.650516
3
164.999 313.847
183.2 311.017
190.251 356.362
172.05 359.192
2
177.325 333.174
0 0 0.759493 -0.650516
3
164.698 311.917
182.9 309.086
189.951 354.431
171.75 357.262
2
177.024 331.243
0 0 0.759493 -0.650516
3
164.398 309.986
182.599 307.156
189.651 352.501
171.45 355.331
2
176.724 329.313
0 0 0.759493 -0.650516
3
164.098 308.056
182.299 305.225
189.351 350.57
171.149 353.401
2
176.424 327.382
0 0 0.759493 -0.650516
3
163.798 306.125
181.999 303.295
189.05 348.64
170.849 351.47
2
176.124 325.452
0 0 0.759493 -0.650516
3
163.498 304.195
181.699 301.364
188.75 346.709
170.549 349.54
2
175.824 323.521
0 0 0.759493 -0.650516
3
163.197 302.264
181.399 299.434
188.45 344.779
170.249 347.609
2
175.523 321.591
0 0 0.759493 -0.650516
3
162.897 300.333
181.098 297.503
188.15 342.848
169.948 345.678
2
175.223 319.66
0 0 0.759493 -0.650516
3
162.597 298.403
180.798 295.573
187.849 340.918
169.648 343.748
2
174.923 317.73
0 0 0.759493 -0.650516
3
162.297 296.472
180.498 293.642
187.549 338.987
169.348 341.817
2
174.623 315.799
0 0 0.759493 -0.650516
3
161.996 294.542
180.198 291.711
187.249 337.056
169.048 339.887
2
174.323 313.869
0 0 0.759493 -0.650516
3
161.696 292.611
179.897 289.781
186.949 335.126
168.748 337.956
2
174.022 311.938
0 0 0.759493 -0.650516
3
161.396 290.681
179.597 287.85
186.649 333.195
168.447 336.026
2
173.722 310.008
0 0 0.759493 -0.650516
3
161.096 288.75
179.297 285.92
186.348 331.265
168.147 334.095
2
173.422 308.077
0 0 0.759493 -0.650516
3
160.796 286.82
178.997 283.989
186.048 329.334
167.847 332.165
2
173.122 306.146
0 0 0.759493 -0.650516
3
160.495 284.889
178.697 282.059
185.748 327.404
167.547 330.234
2
172.821 304.216
0 0 0.759493 -0.650516
3
160.195 282.959
178.396 280.128
185.448 325.473
167.247 328.304
2
172.521 302.285
0 0 0.759493 -0.650516
3
159.895 281.028
178.096 278.198
185.148 323.543
166.946 326.373
2
172.221 300.355
0 0 0.759493 -0.650516
3
159.595 279.098
177.796 276.267
184.847 321.612
166.646 324.443
2
171.921 298.424
0 0 0.759493 -0.650516
3
159.294 277.167
177.496 274.337
184.547 319.682
166.346 322.512
2
171.621 296.494
0 0 0.759493 -0.650516
3
158.994 275.236
177.196 272.406
184.247 317.751
166.046 320.581
2
171.32 294.563
0 0 0.759493 -0.650516
3
158.694 273.306
176.895 270.476
183.947 315.821
165.745 318.651
2
171.02 292.633
0 0 0.759493 -0.650516
3
158.394 271.375
176.595 268.545
183.646 313.89
165.445 316.72
2
170.72 290.702
0 0 0.759493 -0.650516
3
158.094 269.445
176.295 266.614
183.346 311.959
165.145 314.79
2
170.42 288.772
0 0 0.759493 -0.650516
3
157.793 267.514
175.995 264.684
183.046 310.029
164.845 312.859
2
170.119 286.841
0 0 0.759493 -0.650516
3
157.493 265.584
175.694 262.753
182.746 308.098
164.545 310.929
2
169.819 284.91
0 0 0.759493 -0.650516
3
157.193 263.653
175.394 260.823
182.446 306.168
164.244 308.998
2
169.519 282.98
0 0 0.759493 -0.650516
3
156.893 261.723
175.094 258.892
182.145 304.237
163.944 307.068
2
169.219 281.049
0 0 0.759493 -0.650516
3
156.593 259.792
174.794 256.962
181.845 302.307
163.644 305.137
2
168.919 279.119
0 0 0.759493 -0.650516
3
156.292 257.862
174.494 255.031
181.545 300.376
163.344 303.207
2
168.618 277.188
0 0 0.759493 -0.650516
3
155.992 255.931
174.193 253.101
181.245 298.446
163.043 301.276
2
168.318 275.258
0 0 0.759493 -0.650516
3
155.692 254
173.893 251.17
180.945 296.515
162.743 299.345
2
168.018 273.327
0 0 0.759493 -0.650516
3
155.392 252.07
173.593 249.24
180.644 294.585
162.443 297.415
2
167.718 271.397
0 0 0.759493 -0.650516
3
155.091 250.139
173.293 247.309
180.344 292.654
162.143 295.484
2
167.418 269.466
0 0 0.759493 -0.650516
3
154.791 248.209
172.992 245.378
180.044 290.723
161.843 293.554
2
167.117 267.536
0 0 0.759493 -0.650516
3
154.491 246.278
172.692 243.448
179.744 288.793
161.542 291.623
2
166.817 265.605
0 0 0.759493 -0.650516
3
154.191 244.348
172.392 241.517
179.443 286.862
161.242 289.693
2
166.517 263.675
0 0 0.759493 -0.650516
3
153.891 242.417
172.092 239.587
179.143 284.932
160.942 287.762
2
166.217 261.744
0 0 0.759493 -0.650516
3
153.59 240.487
171.792 237.656
178.843 283.001
160.642 285.832
2
165.916 259.813
0 0 0.759493 -0.650516
3
153.29 238.556
171.491 235.726
178.543 281.071
160.342 283.901
2
165.616 257.883
0 0 0.759493 -0.650516
3
152.99 236.626
171.191 233.795
178.243 279.14
160.041 281.971
2
165.316 255.952
0 0 0.759493 -0.650516
3
152.69 234.695
170.891 231.865
177.942 277.21
159.741 280.04
2
165.016 254.022
0 0 0.759493 -0.650516
3
152.39 232.765
170.591 229.934
177.642 275.279
159.441 278.11
2
164.716 252.091
0 0 0.759493 -0.650516
3
152.089 230.834
170.291 228.004
177.342 273.349
159.141 276.179
2
163.318 250.374
0 0 0.77926 -0.626701
3
149.401 229.938
167.392 225.987
177.235 270.809
159.244 274.76
2
161.817 248.746
0 0 0.79828 -0.602286
3
146.663 229.211
164.375 224.155
176.972 268.282
159.259 273.338
2
160.218 247.215
0 0 0.816537 -0.577294
3
143.884 228.654
161.25 222.512
176.553 265.775
159.187 271.918
2
158.528 245.785
0 0 0.83401 -0.551749
3
141.077 228.27
158.029 221.065
175.979 263.299
159.027 270.504
2
158.808 243.589
0 0 0.816537 -0.577294
3
142.474 225.028
159.84 218.886
175.142 262.149
157.777 268.291
2
159.224 241.414
0 0 0.79828 -0.602286
3
144.069 221.878
161.781 216.822
174.378 260.949
156.666 266.006
2
159.773 239.269
0 0 0.77926 -0.626701
3
145.856 218.833
163.847 214.883
173.69 259.704
155.699 263.655
2
160.454 237.162
0 0 0.759493 -0.650516
3
147.827 215.905
166.029 213.075
173.08 258.42
154.879 261.25
2
159.056 235.445
0 0 0.77926 -0.626701
3
145.139 215.009
163.131 211.058
172.974 255.88
154.982 259.831
2
157.555 233.817
0 0 0.79828 -0.602286
3
142.401 214.282
160.113 209.225
172.71 253.353
154.998 258.409
2
155.957 232.286
0 0 0.816537 -0.577294
3
139.622 213.725
156.988 207.583
172.291 250.846
154.925 256.988
2
154.266 230.856
0 0 0.83401 -0.551749
3
136.815 213.341
153.767 206.136
171.717 248.37
154.765 255.575
2
154.546 228.66
0 0 0.816537 -0.577294
3
138.212 210.099
155.578 203.957
170.88 247.22
153.515 253.362
2
154.962 226.485
0 0 0.79828 -0.602286
3
139.807 206.949
157.52 201.893
170.117 246.02
152.404 251.077
2
155.511 224.34
0 0 0.77926 -0.626701
3
141.594 203.904
159.585 199.954
169.428 244.775
151.437 248.726
2
156.192 222.233
0 0 0.759493 -0.650516
3
143.566 200.976
161.767 198.145
168.818 243.491
150.617 246.321
2
154.795 220.516
0 0 0.77926 -0.626701
3
140.877 200.08
158.869 196.129
168.712 240.951
150.72 244.902
2
153.294 218.888
0 0 0.79828 -0.602286
3
138.139 199.353
155.851 194.296
168.448 238.424
150.736 243.48
2
151.695 217.357
0 0 0.816537 -0.577294
3
135.361 198.796
152.726 192.654
168.029 235.917
150.663 242.059
2
150.004 215.927
0 0 0.83401 -0.551749
3
132.553 198.412
149.506 191.207
167.455 233.441
150.503 240.646
2
150.285 213.73
0 0 0.816537 -0.577294
3
133.95 195.17
151.316 189.028
166.619 232.291
149.253 238.433
2
150.7 211.556
0 0 0.79828 -0.602286
3
135.545 192.02
153.258 186.964
165.855 231.091
148.142 236.148
2
151.249 209.411
0 0 0.77926 -0.626701
3
137.332 188.975
155.323 185.024
165.166 229.846
147.175 233.797
2
151.93 207.304
0 0 0.759493 -0.650516
3
139.304 186.047
157.505 183.216
164.556 228.561
146.355 231.392
2
150.533 205.587
0 0 0.77926 -0.626701
3
136.616 185.151
154.607 181.2
164.45 226.022
146.459 229.973
2
149.032 203.959
0 0 0.79828 -0.602286
3
133.877 184.424
151.59 179.367
164.186 223.495
146.474 228.551
2
147.433 202.428
0 0 0.816537 -0.577294
3
131.099 183.867
148.465 177.725
163.767 220.988
146.401 227.13
2
145.743 200.998
0 0 0.83401 -0.551749
3
128.291 183.483
145.244 176.278
163.194 218.512
146.241 225.717
2
143.967 199.675
0 0 0.850685 -0.525675
3
125.466 183.274
141.94 175.034
162.468 216.077
145.994 224.316
2
144.111 197.466
0 0 0.83401 -0.551749
3
126.66 179.951
143.612 172.746
161.562 214.98
144.609 222.185
2
144.391 195.27
0 0 0.816537 -0.577294
3
128.057 176.709
145.422 170.567
160.725 213.83
143.359 219.972
2
144.806 193.095
0 0 0.79828 -0.602286
3
129.652 173.559
147.364 168.503
159.961 212.63
142.249 217.687
2
145.356 190.95
0 0 0.77926 -0.626701
3
131.438 170.515
149.43 166.564
159.273 211.386
141.281 215.336
2
146.036 188.843
0 0 0.759493 -0.650516
3
133.41 167.586
151.611 164.756
158.663 210.101
140.462 212.931
2
144.639 187.126
0 0 0.77926 -0.626701
3
130.722 166.69
148.713 162.739
158.556 207.561
140.565 211.512
2
143.138 185.498
0 0 0.79828 -0.602286
3
127.983 165.963
145.696 160.907
158.293 205.034
140.58 210.09
2
141.539 183.967
0 0 0.816537 -0.577294
3
125.205 165.406
142.571 159.264
157.873 202.527
140.508 208.67
2
139.849 182.537
0 0 0.83401 -0.551749
3
122.398 165.022
139.35 157.817
157.3 200.051
140.347 207.256
2
138.073 181.214
0 0 0.850685 -0.525675
3
119.572 164.813
136.046 156.573
156.574 197.616
140.1 205.856
2
138.217 179.005
0 0 0.83401 -0.551749
3
120.766 161.49
137.718 154.286
155.668 196.519
138.716 203.724
2
138.497 176.809
0 0 0.816537 -0.577294
3
122.163 158.248
139.529 152.106
154.831 195.369
137.466 201.512
2
138.913 174.634
0 0 0.79828 -0.602286
3
123.758 155.099
141.47 150.042
154.067 194.169
136.355 199.226
2
139.462 172.489
0 0 0.77926 -0.626701
3
125.545 152.054
143.536 148.103
153.379 192.925
135.388 196.876
2
140.143 170.382
0 0 0.759493 -0.650516
3
127.516 149.125
145.718 146.295
152.769 191.64
134.568 194.47
2
138.745 168.665
0 0 0.77926 -0.626701
3
124.828 148.229
142.819 144.279
152.662 189.101
134.671 193.051
2
137.244 167.037
0 0 0.79828 -0.602286
3
122.09 147.502
139.802 142.446
152.399 186.573
134.687 191.629
2
135.646 165.506
0 0 0.816537 -0.577294
3
119.311 146.945
136.677 140.803
151.98 184.066
134.614 190.209
2
133.955 164.076
0 0 0.83401 -0.551749
3
116.504 146.561
133.456 139.357
151.406 181.59
134.454 188.795
2
132.179 162.753
0 0 0.850685 -0.525675
3
113.678 146.352
130.153 138.112
150.681 179.155
134.206 187.395
2
132.323 160.544
0 0 0.83401 -0.551749
3
114.872 143.03
131.825 135.825
149.774 178.058
132.822 185.263
2
132.603 158.348
0 0 0.816537 -0.577294
3
116.269 139.787
133.635 133.645
148.938 176.908
131.572 183.051
2
133.019 156.173
0 0 0.79828 -0.602286
3
117.864 136.638
135.577 131.581
148.174 175.708
130.461 180.765
2
133.568 154.028
0 0 0.77926 -0.626701
3
119.651 133.593
137.642 129.642
147.485 174.464
129.494 178.415
2
133.149 152.12
0 0 0.77926 -0.626701
3
119.232 131.684
137.223 127.733
147.066 172.555
129.075 176.506
2
132.73 150.212
0 0 0.77926 -0.626701
3
118.813 129.776
136.804 125.825
146.647 170.647
128.656 174.598
2
132.311 148.303
0 0 0.77926 -0.626701
3
118.394 127.868
136.385 123.917
146.228 168.739
128.237 172.69
2
131.892 146.395
0 0 0.77926 -0.626701
3
117.975 125.96
135.966 122.009
145.809 166.831
127.818 170.782
2
131.473 144.487
0 0 0.77926 -0.626701
3
117.556 124.051
135.547 120.1
145.39 164.922
127.399 168.873
2
131.054 142.579
0 0 0.77926 -0.626701
3
117.137 122.143
135.128 118.192
144.971 163.014
126.98 166.965
2
130.635 140.67
0 0 0.77926 -0.626701
3
116.718 120.235
134.709 116.284
144.552 161.106
126.561 165.057
2
130.216 138.762
0 0 0.77926 -0.626701
3
116.298 118.326
134.29 114.376
144.133 159.197
126.141 163.148
2
129.797 136.854
0 0 0.77926 -0.626701
3
115.879 116.418
133.871 112.467
143.714 157.289
125.722 161.24
2
129.377 134.945
0 0 0.77926 -0.626701
3
115.46 114.51
133.452 110.559
143.295 155.381
125.303 159.332
2
128.958 133.037
0 0 0.77926 -0.626701
3
115.041 112.602
133.033 108.651
142.876 153.473
124.884 157.424
2
128.539 131.129
0 0 0.77926 -0.626701
3
114.622 110.693
132.613 106.742
142.456 151.564
124.465 155.515
2
128.12 129.221
0 0 0.77926 -0.626701
3
114.203 108.785
132.194 104.834
142.037 149.656
124.046 153.607
2
127.701 127.312
0 0 0.77926 -0.626701
3
113.784 106.877
131.775 102.926
141.618 147.748
123.627 151.699
2
127.282 125.404
0 0 0.77926 -0.626701
3
113.365 104.969
131.356 101.018
141.199 145.84
123.208 149.79
2
126.863 123.496
0 0 0.77926 -0.626701
3
112.946 103.06
130.937 99.1093
140.78 143.931
122.789 147.882
2
126.444 121.587
0 0 0.77926 -0.626701
3
112.527 101.152
130.518 97.201
140.361 142.023
122.37 145.974
2
126.025 119.679
0 0 0.77926 -0.626701
3
112.108 99.2437
130.099 95.2927
139.942 140.115
121.951 144.066
2
125.606 117.771
0 0 0.77926 -0.626701
3
111.689 97.3354
129.68 93.3845
139.523 138.206
121.532 142.157
2
125.187 115.863
0 0 0.77926 -0.626701
3
111.27 95.4271
129.261 91.4762
139.104 136.298
121.113 140.249
2
123.686 114.235
0 0 0.79828 -0.602286
3
108.531 94.6996
126.244 89.6432
138.841 133.77
121.128 138.827
2
122.087 112.703
0 0 0.816537 -0.577294
3
105.753 94.1429
123.119 88.0005
138.421 131.264
121.056 137.406
2
120.397 111.274
0 0 0.83401 -0.551749
3
102.945 93.7591
119.898 86.5542
137.848 128.788
120.895 135.993
2
118.621 109.951
0 0 0.850685 -0.525675
3
100.12 93.5497
116.594 85.3099
137.122 126.352
120.648 134.592
2
116.767 108.741
0 0 0.866546 -0.499098
3
97.2864 93.5155
113.219 84.2723
136.247 123.966
120.314 133.21
2
114.841 107.648
0 0 0.881576 -0.472043
3
94.4564 93.6567
109.787 83.4455
135.226 121.639
119.896 131.85
2
113.758 106.022
0 0 0.881576 -0.472043
3
93.3734 92.0306
108.704 81.8195
134.143 120.013
118.813 130.224
2
113.628 103.812
0 0 0.866546 -0.499098
3
94.1478 88.5861
110.081 79.3429
133.108 119.037
117.176 128.28
2
113.635 101.597
0 0 0.850685 -0.525675
3
95.1338 85.1961
111.608 76.9563
132.136 117.999
115.662 126.239
2
113.779 99.3881
0 0 0.83401 -0.551749
3
96.3277 81.8736
113.28 74.6687
131.23 116.903
114.277 124.107
2
114.059 97.1918
0 0 0.816537 -0.577294
3
97.7248 78.6313
115.09 72.4889
130.393 115.752
113.027 121.895
2
112.368 95.762
0 0 0.83401 -0.551749
3
94.9174 78.2476
111.87 71.0426
129.82 113.276
112.867 120.481
2
110.593 94.4395
0 0 0.850685 -0.525675
3
92.0916 78.0382
108.566 69.7983
129.094 110.841
112.62 119.081
2
108.739 93.2294
0 0 0.866546 -0.499098
3
89.2583 78.004
105.191 68.7608
128.219 108.455
112.286 117.698
2
106.813 92.1363
0 0 0.881576 -0.472043
3
86.4284 78.1452
101.759 67.934
127.198 106.127
111.868 116.339
2
104.824 91.1644
0 0 0.895761 -0.444535
3
83.6125 78.4611
98.2821 67.3212
126.035 103.868
111.366 115.008
2
102.778 90.3175
0 0 0.909089 -0.416602
3
80.8216 78.9507
94.774 66.9246
124.735 101.684
110.783 113.71
2
100.684 89.5987
0 0 0.921546 -0.38827
3
78.0664 79.612
91.248 66.7457
123.302 99.5854
110.12 112.452
2
98.5496 89.0108
0 0 0.93312 -0.359566
3
75.3573 80.4424
87.7178 66.7854
121.742 97.5792
109.381 111.236
2
96.3827 88.5561
0 0 0.9438 -0.330517
3
72.7048 81.4389
84.1967 67.0433
120.061 95.6734
108.569 110.069
2
94.1918 88.2364
0 0 0.953576 -0.301152
3
70.119 82.5975
80.6984 67.5186
118.265 93.8752
107.685 108.954
2
91.9854 88.0527
0 0 0.962439 -0.271498
3
67.6099 83.9139
77.2362 68.2094
116.361 92.1916
106.735 107.896
2
90.9392 86.1014
0 0 0.953576 -0.301152
3
66.8664 80.4626
77.4458 65.3837
115.012 91.7403
104.433 106.819
2
90.0158 84.0891
0 0 0.9438 -0.330517
3
66.3379 76.9719
77.8299 62.5763
113.694 91.2064
102.202 105.602
2
89.2186 82.0236
0 0 0.93312 -0.359566
3
66.0264 73.4552
78.3869 59.7981
112.411 90.5919
100.05 104.249
2
88.5508 79.9126
0 0 0.921546 -0.38827
3
65.933 69.9259
79.1147 57.0597
111.169 89.8993
97.9869 102.766
2
88.0148 77.7644
0 0 0.909089 -0.416602
3
66.0581 66.3977
80.0105 54.3715
109.971 89.1312
96.019 101.157
2
85.9206 77.0456
0 0 0.921546 -0.38827
3
63.3029 67.0589
76.4845 54.1927
108.538 87.0323
95.3567 99.8986
2
83.786 76.4578
0 0 0.93312 -0.359566
3
60.5938 67.8894
72.9543 54.2323
106.978 85.0261
94.6178 98.6832
2
81.6192 76.0031
0 0 0.9438 -0.330517
3
57.9413 68.8858
69.4332 54.4903
105.297 83.1203
93.8051 97.5159
2
79.4283 75.6833
0 0 0.953576 -0.301152
3
55.3555 70.0445
65.9349 54.9656
103.501 81.3221
92.9217 96.401
2
77.2219 75.4997
0 0 0.962439 -0.271498
3
52.8463 71.3608
62.4726 55.6564
101.597 79.6385
91.9711 95.343
2
75.0083 75.4529
0 0 0.97038 -0.241584
3
50.4234 72.8299
59.0598 56.56
99.5932 78.0759
90.9569 94.3458
2
72.7961 75.5431
0 0 0.977391 -0.211439
3
48.096 74.4461
55.7093 57.6731
97.4962 76.6402
89.8828 93.4132
2
70.5937 75.7701
0 0 0.983466 -0.181091
3
45.8731 76.2031
52.4342 58.9913
95.3143 75.337
88.7532 92.5489
2
68.4095 76.1328
0 0 0.988599 -0.15057
3
43.763 78.0943
49.2468 60.5095
93.056 74.1713
87.5723 91.7561
2
66.252 76.63
0 0 0.992785 -0.119905
3
41.7741 80.1124
46.1595 62.2221
90.73 73.1475
86.3445 91.0379
