1
566.525 227.956 3.1415
1
564.571 227.956 3.1415
1
562.618 227.956 3.1415
1
560.664 227.956 3.1415
1
558.71 227.956 3.1415
1
556.771 227.715 3.2034
1
554.851 227.355 3.2653
1
552.897 227.355 3.2034
1
550.947 227.476 3.1415
1
549.009 227.717 3.0796
1
547.089 228.078 3.0177
1
545.194 228.557 2.95579
1
543.334 229.153 2.89389
1
541.513 229.862 2.83199
1
539.74 230.682 2.77009
1
538.021 231.611 2.70819
1
536.363 232.644 2.64628
1
534.772 233.778 2.58438
1
533.254 235.008 2.52248
1
531.815 236.33 2.46058
1
530.46 237.738 2.39868
1
529.196 239.227 2.33677
1
528.026 240.791 2.27487
1
526.954 242.425 2.21297
1
525.6 243.833 2.27487
1
524.161 245.155 2.33677
1
522.643 246.385 2.39868
1
521.052 247.519 2.46058
1
519.698 248.927 2.39868
1
518.433 250.416 2.33677
1
517.263 251.981 2.27487
1
516.191 253.615 2.21297
1
515.021 255.179 2.21297
1
513.851 256.744 2.21297
1
512.681 258.308 2.21297
1
511.511 259.873 2.21297
1
510.341 261.437 2.21297
1
509.17 263.002 2.21297
1
508 264.566 2.21297
1
506.83 266.131 2.21297
1
505.66 267.695 2.21297
1
504.49 269.26 2.21297
1
503.32 270.825 2.21297
1
502.149 272.389 2.21297
1
500.979 273.954 2.21297
1
499.809 275.518 2.21297
1
498.639 277.083 2.21297
1
497.469 278.647 2.21297
1
496.299 280.212 2.21297
1
495.128 281.776 2.21297
1
493.958 283.341 2.21297
1
492.788 284.905 2.21297
1
491.618 286.47 2.21297
1
490.65 288.167 2.15107
1
489.789 289.921 2.08917
1
488.619 291.485 2.15107
1
487.354 292.975 2.21297
1
485.999 294.383 2.27487
1
484.561 295.704 2.33677
1
483.043 296.934 2.39868
1
481.778 298.423 2.33677
1
480.423 299.832 2.33677
1
479.069 301.24 2.33677
1
477.715 302.648 2.33677
1
476.36 304.056 2.33677
1
475.006 305.464 2.33677
1
473.651 306.872 2.33677
1
472.297 308.28 2.33677
1
470.942 309.688 2.33677
1
469.588 311.096 2.33677
1
468.234 312.504 2.33677
1
466.879 313.912 2.33677
1
465.525 315.32 2.33677
1
464.17 316.729 2.33677
1
463 318.293 2.27487
1
461.929 319.927 2.21297
1
460.961 321.624 2.15107
1
460.1 323.378 2.08917
1
458.93 324.942 2.15107
1
457.665 326.432 2.21297
1
456.31 327.84 2.27487
1
454.872 329.161 2.33677
1
453.354 330.391 2.39868
1
451.762 331.525 2.46058
1
450.104 332.558 2.52248
1
448.385 333.487 2.58438
1
446.867 334.717 2.52248
1
445.428 336.039 2.46058
1
444.074 337.447 2.39868
1
442.809 338.936 2.33677
1
441.291 340.166 2.39868
1
439.7 341.3 2.46058
1
438.042 342.333 2.52248
1
436.323 343.262 2.58438
1
434.665 344.295 2.58438
1
433.007 345.328 2.58438
1
431.348 346.361 2.58438
1
429.69 347.394 2.58438
1
428.032 348.427 2.58438
1
426.374 349.461 2.58438
1
424.716 350.494 2.58438
1
423.057 351.527 2.58438
1
421.399 352.56 2.58438
1
419.741 353.593 2.58438
1
418.083 354.626 2.58438
1
416.425 355.66 2.58438
1
414.766 356.693 2.58438
1
413.248 357.923 2.52248
1
411.81 359.244 2.46058
1
410.151 360.278 2.52248
1
408.432 361.206 2.58438
1
406.659 362.027 2.64628
1
404.839 362.736 2.70819
1
402.978 363.331 2.77009
1
401.084 363.81 2.83199
1
399.311 364.631 2.77009
1
397.592 365.559 2.70819
1
395.934 366.593 2.64628
1
394.342 367.726 2.58438
1
392.569 368.547 2.64628
1
390.749 369.256 2.70819
1
388.888 369.851 2.77009
1
386.994 370.33 2.83199
1
385.074 370.691 2.89389
1
383.135 370.933 2.95579
1
381.185 371.054 3.0177
1
379.231 371.054 3.0796
1
377.281 370.933 3.1415
1
375.327 370.934 3.1415
1
373.374 370.934 3.1415
1
371.42 370.934 3.1415
1
369.466 370.934 3.1415
1
367.513 370.934 3.1415
1
365.559 370.934 3.1415
1
363.605 370.935 3.1415
1
361.651 370.935 3.1415
1
359.698 370.935 3.1415
1
357.744 370.935 3.1415
1
355.79 370.935 3.1415
1
353.836 370.936 3.1415
1
351.883 370.936 3.1415
1
349.929 370.936 3.1415
1
347.975 370.936 3.1415
1
346.021 370.936 3.1415
1
344.068 370.936 3.1415
1
342.114 370.937 3.1415
1
340.16 370.937 3.1415
1
338.207 370.937 3.1415
1
336.253 370.937 3.1415
1
334.299 370.937 3.1415
1
332.345 370.938 3.1415
1
330.392 370.938 3.1415
1
328.438 370.938 3.1415
1
326.484 370.938 3.1415
1
324.53 370.938 3.1415
1
322.577 370.938 3.1415
1
320.623 370.939 3.1415
1
318.669 370.939 3.1415
1
316.715 370.939 3.1415
1
314.762 370.939 3.1415
1
312.808 370.939 3.1415
1
310.854 370.94 3.1415
1
308.9 370.94 3.1415
1
306.947 370.94 3.1415
1
305.008 370.699 3.2034
1
303.088 370.338 3.2653
1
301.194 369.86 3.32721
1
299.333 369.265 3.38911
1
297.512 368.556 3.45101
1
295.739 367.736 3.51291
1
293.918 367.027 3.51291
1
292.098 366.318 3.51291
1
290.277 365.609 3.51291
1
288.456 364.9 3.51291
1
286.636 364.191 3.51291
1
284.815 363.482 3.51291
1
282.995 362.773 3.51291
1
281.174 362.064 3.51291
1
279.353 361.355 3.51291
1
277.533 360.646 3.51291
1
275.814 359.718 3.57481
1
274.155 358.685 3.63672
1
272.564 357.552 3.69862
1
271.046 356.322 3.76052
1
269.607 355.001 3.82242
1
268.252 353.593 3.88432
1
266.987 352.104 3.94623
1
265.817 350.54 4.00813
1
264.745 348.906 4.07003
1
263.777 347.209 4.13193
1
262.915 345.455 4.19383
1
262.164 343.652 4.25574
1
261.526 341.805 4.31764
1
261.003 339.923 4.37954
1
260.597 338.012 4.44144
1
260.311 336.079 4.50335
1
260.144 334.132 4.56525
1
259.858 332.2 4.56525
1
259.572 330.267 4.56525
1
259.285 328.334 4.56525
1
258.999 326.402 4.56525
1
258.712 324.469 4.56525
1
258.426 322.536 4.56525
1
258.139 320.604 4.56525
1
257.853 318.671 4.56525
1
257.566 316.739 4.56525
1
257.28 314.806 4.56525
1
256.994 312.873 4.56525
1
256.707 310.941 4.56525
1
256.421 309.008 4.56525
1
256.134 307.075 4.56525
1
255.848 305.143 4.56525
1
255.561 303.21 4.56525
1
255.275 301.277 4.56525
1
254.988 299.345 4.56525
1
254.702 297.412 4.56525
1
254.416 295.479 4.56525
1
254.129 293.547 4.56525
1
253.843 291.614 4.56525
1
253.556 289.681 4.56525
1
253.27 287.749 4.56525
1
252.983 285.816 4.56525
1
252.697 283.884 4.56525
1
252.411 281.951 4.56525
1
252.124 280.018 4.56525
1
251.838 278.086 4.56525
1
251.551 276.153 4.56525
1
251.265 274.22 4.56525
1
250.978 272.288 4.56525
1
250.692 270.355 4.56525
1
250.405 268.422 4.56525
1
250.119 266.49 4.56525
1
249.833 264.557 4.56525
1
249.546 262.624 4.56525
1
249.26 260.692 4.56525
1
248.973 258.759 4.56525
1
248.687 256.826 4.56525
1
248.4 254.894 4.56525
1
248.355 252.941 4.62715
1
248.43 250.988 4.68905
1
248.626 249.044 4.75095
1
248.942 247.116 4.81286
1
249.376 245.211 4.87476
1
249.452 243.259 4.81286
1
249.406 241.306 4.75095
1
249.24 239.359 4.68905
1
248.953 237.427 4.62715
1
248.548 235.515 4.56525
1
248.025 233.633 4.50335
1
247.387 231.786 4.44144
1
247.1 229.854 4.50335
1
246.934 227.907 4.56525
1
246.888 225.954 4.62715
1
246.964 224.002 4.68905
1
246.918 222.048 4.68905
1
246.872 220.095 4.68905
1
246.827 218.142 4.68905
1
246.781 216.189 4.68905
1
246.736 214.236 4.68905
1
246.69 212.282 4.68905
1
246.645 210.329 4.68905
1
246.599 208.376 4.68905
1
246.553 206.423 4.68905
1
246.508 204.469 4.68905
1
246.462 202.516 4.68905
1
246.417 200.563 4.68905
1
246.371 198.61 4.68905
1
246.325 196.657 4.68905
1
246.28 194.703 4.68905
1
246.234 192.75 4.68905
1
246.189 190.797 4.68905
1
246.143 188.844 4.68905
1
246.097 186.891 4.68905
1
246.052 184.937 4.68905
1
246.006 182.984 4.68905
1
245.961 181.031 4.68905
1
245.674 179.098 4.62715
1
245.269 177.187 4.56525
1
244.746 175.305 4.50335
1
244.107 173.458 4.44144
1
243.356 171.655 4.37954
1
242.718 169.808 4.37954
1
242.079 167.961 4.37954
1
241.441 166.115 4.37954
1
240.803 164.268 4.37954
1
240.164 162.422 4.37954
1
239.526 160.575 4.37954
1
238.888 158.729 4.37954
1
238.249 156.882 4.37954
1
237.611 155.036 4.37954
1
236.972 153.189 4.37954
1
236.334 151.343 4.37954
1
235.696 149.496 4.37954
1
235.29 147.585 4.44144
1
235.004 145.652 4.50335
1
234.837 143.706 4.56525
1
234.315 141.823 4.50335
1
233.676 139.977 4.44144
1
232.925 138.173 4.37954
1
232.063 136.42 4.31764
1
231.095 134.723 4.25574
1
230.024 133.089 4.19383
1
228.853 131.525 4.13193
1
227.588 130.036 4.07003
1
226.233 128.628 4.00813
1
224.794 127.307 3.94623
1
223.276 126.077 3.88432
1
221.685 124.943 3.82242
1
220.167 123.714 3.82242
1
218.648 122.484 3.82242
1
216.99 121.451 3.76052
1
215.271 120.523 3.69862
1
213.498 119.702 3.63672
1
211.677 118.994 3.57481
1
209.816 118.399 3.51291
1
208.097 117.47 3.57481
1
206.439 116.437 3.63672
1
204.847 115.304 3.69862
1
203.329 114.074 3.76052
1
201.89 112.753 3.82242
1
200.535 111.345 3.88432
1
198.944 110.212 3.82242
1
197.285 109.179 3.76052
1
195.566 108.25 3.69862
1
193.793 107.43 3.63672
1
191.973 106.721 3.57481
1
190.112 106.126 3.51291
1
188.217 105.648 3.45101
1
186.444 104.827 3.51291
1
184.725 103.899 3.57481
1
183.067 102.866 3.63672
1
181.475 101.733 3.69862
1
179.957 100.503 3.76052
1
178.518 99.1817 3.82242
1
177.163 97.7739 3.88432
1
175.898 96.285 3.94623
1
174.38 95.0552 3.88432
1
172.789 93.9217 3.82242
1
171.13 92.8888 3.76052
1
169.411 91.9605 3.69862
1
167.638 91.1403 3.63672
1
165.817 90.4314 3.57481
1
163.956 89.8365 3.51291
1
162.062 89.3578 3.45101
1
160.142 88.9973 3.38911
1
158.203 88.7562 3.32721
1
156.253 88.6355 3.2653
1
154.299 88.6357 3.2034
1
152.349 88.515 3.2034
1
150.399 88.3943 3.2034
1
148.449 88.2736 3.2034
1
146.499 88.153 3.2034
1
144.549 88.0323 3.2034
1
142.599 87.9116 3.2034
1
140.649 87.7909 3.2034
1
138.699 87.6702 3.2034
1
136.749 87.5496 3.2034
1
134.799 87.4289 3.2034
1
132.849 87.3082 3.2034
1
130.899 87.1875 3.2034
1
128.949 87.0668 3.2034
1
126.999 86.9461 3.2034
1
125.049 86.8255 3.2034
1
123.099 86.7048 3.2034
1
121.149 86.5841 3.2034
1
119.199 86.4634 3.2034
1
117.249 86.3427 3.2034
1
115.299 86.2221 3.2034
1
113.349 86.1014 3.2034
1
111.399 85.9807 3.2034
1
109.449 85.86 3.2034
1
107.529 85.4994 3.2653
1
105.635 85.0208 3.32721
1
103.685 84.9001 3.2653
1
101.731 84.9003 3.2034
1
99.7809 85.0213 3.1415
1
97.8421 85.2628 3.0796
1
95.922 85.6237 3.0177
1
93.9682 85.6239 3.0796
1
92.0182 85.5032 3.1415
1
90.0794 85.2621 3.2034
1
88.1592 84.9015 3.2653
1
86.265 84.4229 3.32721
1
84.404 83.8279 3.38911
1
82.5834 83.119 3.45101
1
80.8102 82.2989 3.51291
1
79.091 81.3706 3.57481
1
77.4326 80.3377 3.63672
1
75.8413 79.2042 3.69862
1
74.3231 77.9744 3.76052
1
75.7623 79.2958 3.82242
1
77.117 80.7036 3.88432
1
78.382 82.1925 3.94623
1
79.5525 83.7569 4.00813
1
80.6239 85.3906 4.07003
1
81.5922 87.0875 4.13193
1
82.4537 88.8411 4.19383
1
83.2051 90.6446 4.25574
1
83.8435 92.4911 4.31764
1
84.3664 94.3736 4.37954
1
84.7718 96.2848 4.44144
1
85.0583 98.2174 4.50335
1
85.2246 100.164 4.56525
1
85.2702 102.117 4.62715
1
85.1949 104.07 4.68905
1
84.9989 106.013 4.75095
1
84.6831 107.942 4.81286
1
84.2486 109.846 4.87476
1
83.6971 111.721 4.93666
1
83.0306 113.557 4.99856
1
82.2519 115.349 5.06046
1
81.3638 117.089 5.12237
1
80.8123 118.964 5.06046
1
80.3778 120.868 4.99856
1
80.062 122.796 4.93666
1
79.866 124.74 4.87476
1
79.3145 126.615 4.93666
1
78.6481 128.451 4.99856
1
77.8694 130.243 5.06046
1
76.9813 131.983 5.12237
1
76.4298 133.858 5.06046
1
75.9953 135.762 4.99856
1
75.6794 137.691 4.93666
1
75.4835 139.634 4.87476
1
75.4081 141.587 4.81286
1
75.4537 143.54 4.75095
1
75.1379 145.468 4.81286
1
74.7034 147.373 4.87476
1
74.1519 149.247 4.93666
1
73.9559 151.191 4.87476
1
73.8806 153.143 4.81286
1
73.9262 155.096 4.75095
1
74.0925 157.043 4.68905
1
74.1381 158.996 4.68905
1
74.1837 160.95 4.68905
1
74.2293 162.903 4.68905
1
74.2749 164.856 4.68905
1
74.3205 166.809 4.68905
1
74.3661 168.762 4.68905
1
74.4117 170.716 4.68905
1
74.4573 172.669 4.68905
1
74.5029 174.622 4.68905
1
74.5485 176.575 4.68905
1
74.5941 178.529 4.68905
1
74.6397 180.482 4.68905
1
74.6852 182.435 4.68905
1
74.7308 184.388 4.68905
1
74.7764 186.341 4.68905
1
74.822 188.295 4.68905
1
74.8676 190.248 4.68905
1
74.9132 192.201 4.68905
1
74.9588 194.154 4.68905
1
75.0044 196.107 4.68905
1
75.05 198.061 4.68905
1
75.0956 200.014 4.68905
1
75.1412 201.967 4.68905
1
75.1868 203.92 4.68905
1
75.2324 205.874 4.68905
1
75.278 207.827 4.68905
1
75.3236 209.78 4.68905
1
75.3691 211.733 4.68905
1
75.4147 213.686 4.68905
1
75.4603 215.64 4.68905
1
75.5059 217.593 4.68905
1
75.5515 219.546 4.68905
1
75.5971 221.499 4.68905
1
75.6427 223.453 4.68905
1
75.6883 225.406 4.68905
1
75.7339 227.359 4.68905
1
75.7795 229.312 4.68905
1
75.8251 231.265 4.68905
1
75.8707 233.219 4.68905
1
75.9163 235.172 4.68905
1
75.9619 237.125 4.68905
1
76.0075 239.078 4.68905
1
76.053 241.031 4.68905
1
76.0986 242.985 4.68905
1
76.1442 244.938 4.68905
1
76.1898 246.891 4.68905
1
76.2354 248.844 4.68905
1
76.281 250.798 4.68905
1
76.3266 252.751 4.68905
1
76.3722 254.704 4.68905
1
76.4178 256.657 4.68905
1
76.4634 258.61 4.68905
1
76.509 260.564 4.68905
1
76.5546 262.517 4.68905
1
76.6002 264.47 4.68905
1
76.6458 266.423 4.68905
1
76.6914 268.376 4.68905
1
76.7369 270.33 4.68905
1
76.7825 272.283 4.68905
1
76.8281 274.236 4.68905
1
76.8737 276.189 4.68905
1
76.9193 278.143 4.68905
1
76.9649 280.096 4.68905
1
76.769 282.04 4.75095
1
76.6936 283.992 4.75095
1
76.6183 285.944 4.75095
1
76.543 287.897 4.75095
1
76.4677 289.849 4.75095
1
76.3923 291.801 4.75095
1
76.317 293.754 4.75095
1
76.2417 295.706 4.75095
1
76.1664 297.658 4.75095
1
76.091 299.61 4.75095
1
76.0157 301.563 4.75095
1
75.9404 303.515 4.75095
1
75.6245 305.443 4.81286
1
75.19 307.348 4.87476
1
74.6385 309.222 4.93666
1
73.9721 311.059 4.99856
1
73.6563 312.987 4.93666
1
73.4603 314.931 4.87476
1
73.385 316.883 4.81286
1
73.4306 318.836 4.75095
1
73.5969 320.783 4.68905
1
73.401 322.727 4.75095
1
73.0852 324.655 4.81286
1
72.6507 326.56 4.87476
1
72.0991 328.434 4.93666
1
71.9032 330.378 4.87476
1
71.8279 332.33 4.81286
1
71.8735 334.283 4.75095
1
72.0398 336.23 4.68905
1
72.3262 338.163 4.62715
1
72.7317 340.074 4.56525
1
73.2546 341.956 4.50335
1
73.893 343.803 4.44144
1
74.6443 345.606 4.37954
1
75.5058 347.36 4.31764
1
76.4742 349.057 4.25574
1
77.5456 350.691 4.19383
1
78.7161 352.255 4.13193
1
79.9811 353.744 4.07003
1
81.3357 355.152 4.00813
1
82.7749 356.473 3.94623
1
84.2931 357.703 3.88432
1
85.8844 358.836 3.82242
1
87.5428 359.869 3.76052
1
89.2619 360.797 3.69862
1
91.0352 361.618 3.63672
1
92.8558 362.327 3.57481
1
94.7168 362.921 3.51291
1
96.611 363.4 3.45101
1
98.5312 363.761 3.38911
1
100.47 364.002 3.32721
1
102.42 364.122 3.2653
1
104.374 364.122 3.2034
1
106.324 364.001 3.1415
1
108.277 364.001 3.1415
1
110.231 364.001 3.1415
1
112.185 364.001 3.1415
1
114.139 364.001 3.1415
1
116.092 364 3.1415
1
118.046 364 3.1415
1
120 364 3.1415
2
552.37 227.957
0 0 1 4.63287e-05
3
529.426 237.169
529.424 218.749
575.314 218.745
575.316 237.165
2
550.416 227.957
0 0 1 4.63287e-05
3
527.472 237.169
527.47 218.749
573.36 218.745
573.362 237.165
2
548.463 227.957
0 0 1 4.63287e-05
3
525.518 237.169
525.517 218.749
571.407 218.745
571.408 237.165
2
546.509 227.957
0 0 1 4.63287e-05
3
523.565 237.17
523.563 218.75
569.453 218.745
569.455 237.165
2
544.555 227.958
0 0 1 4.63287e-05
3
521.611 237.17
521.609 218.75
567.499 218.746
567.501 237.166
2
542.643 226.841
0 0 0.999522 -0.0308998
3
519.173 234.616
520.311 216.231
566.113 219.066
564.976 237.451
2
540.804 225.608
0 0 0.998088 -0.0618163
3
516.898 231.916
519.171 213.637
564.71 219.3
562.437 237.579
2
538.769 226.481
0 0 0.999522 -0.0308998
3
515.299 234.256
516.437 215.871
562.24 218.705
561.102 237.09
2
536.792 227.477
0 0 1 4.63287e-05
3
513.848 236.689
513.847 218.269
559.737 218.265
559.738 236.685
2
534.881 228.594
0 0 0.99952 0.0309924
3
512.55 239.208
511.409 220.824
557.211 217.98
558.352 236.365
2
533.042 229.828
0 0 0.998082 0.0619088
3
511.411 241.803
509.135 223.524
554.673 217.853
556.949 236.131
2
531.283 231.172
0 0 0.995688 0.0927658
3
510.434 244.462
507.032 226.359
552.132 217.882
555.534 235.985
2
529.611 232.623
0 0 0.99234 0.123534
3
509.624 247.177
505.108 229.32
549.597 218.069
554.113 235.926
2
528.031 234.175
0 0 0.988042 0.154184
3
508.983 249.938
503.371 232.393
547.079 218.412
552.691 235.956
2
526.551 235.821
0 0 0.982798 0.184686
3
508.514 252.732
501.827 235.569
544.587 218.91
551.274 236.073
2
525.175 237.556
0 0 0.976612 0.215011
3
508.219 255.55
500.483 238.833
542.13 219.561
549.866 236.278
2
523.909 239.372
0 0 0.96949 0.245131
3
508.099 258.381
499.344 242.175
539.719 220.363
548.474 236.569
2
522.758 241.263
0 0 0.96144 0.275015
3
508.154 261.214
498.413 245.58
537.362 221.313
547.102 236.946
2
521.726 243.222
0 0 0.952469 0.304636
3
508.384 264.038
497.695 249.037
535.068 222.406
545.757 237.408
2
520.817 245.241
0 0 0.942585 0.333966
3
508.789 266.843
497.192 252.532
532.846 223.64
544.443 237.951
2
520.035 247.313
0 0 0.931799 0.362975
3
509.366 269.617
496.906 256.05
530.704 225.009
543.164 238.575
2
519.383 249.428
0 0 0.92012 0.391637
3
510.114 272.35
496.839 259.58
528.652 226.507
541.927 239.277
2
518.863 251.58
0 0 0.90756 0.419923
3
511.03 275.031
496.99 263.107
526.696 228.13
540.735 240.053
2
518.476 253.761
0 0 0.89413 0.447807
3
512.109 277.651
497.358 266.619
524.844 229.87
539.594 240.903
2
516.437 254.622
0 0 0.90756 0.419923
3
508.604 278.073
494.564 266.15
524.27 231.172
538.31 243.095
2
514.348 255.357
0 0 0.92012 0.391637
3
505.079 278.278
491.804 265.508
523.617 232.435
536.892 245.205
2
512.218 255.96
0 0 0.931799 0.362975
3
501.549 278.264
489.089 264.698
522.887 233.656
535.347 247.222
2
510.054 256.431
0 0 0.942585 0.333966
3
498.026 278.032
486.429 263.721
522.083 234.829
533.68 249.14
2
509.272 258.502
0 0 0.931799 0.362975
3
498.603 280.806
486.143 267.24
519.941 236.198
532.401 249.764
2
508.62 260.618
0 0 0.92012 0.391637
3
499.351 283.539
486.076 270.769
517.889 237.696
531.164 250.466
2
508.1 262.77
0 0 0.90756 0.419923
3
500.267 286.221
486.227 274.297
515.933 239.319
529.973 251.243
2
507.714 264.95
0 0 0.89413 0.447807
3
501.346 288.84
486.596 277.808
514.081 241.059
528.831 252.092
2
506.543 266.514
0 0 0.89413 0.447807
3
500.176 290.405
485.425 279.372
512.911 242.624
527.661 253.656
2
505.373 268.079
0 0 0.89413 0.447807
3
499.006 291.969
484.255 280.937
511.74 244.188
526.491 255.221
2
504.203 269.643
0 0 0.89413 0.447807
3
497.836 293.534
483.085 282.502
510.57 245.753
525.321 256.785
2
503.033 271.208
0 0 0.89413 0.447807
3
496.666 295.099
481.915 284.066
509.4 247.318
524.151 258.35
2
501.863 272.773
0 0 0.89413 0.447807
3
495.495 296.663
480.745 285.631
508.23 248.882
522.981 259.915
2
500.692 274.337
0 0 0.89413 0.447807
3
494.325 298.228
479.575 287.195
507.06 250.447
521.81 261.479
2
499.522 275.902
0 0 0.89413 0.447807
3
493.155 299.792
478.404 288.76
505.89 252.011
520.64 263.044
2
498.352 277.466
0 0 0.89413 0.447807
3
491.985 301.357
477.234 290.324
504.719 253.576
519.47 264.608
2
497.182 279.031
0 0 0.89413 0.447807
3
490.815 302.921
476.064 291.889
503.549 255.14
518.3 266.173
2
496.012 280.595
0 0 0.89413 0.447807
3
489.645 304.486
474.894 293.453
502.379 256.705
517.13 267.737
2
494.842 282.16
0 0 0.89413 0.447807
3
488.474 306.05
473.724 295.018
501.209 258.269
515.96 269.302
2
493.671 283.724
0 0 0.89413 0.447807
3
487.304 307.615
472.554 296.582
500.039 259.834
514.789 270.866
2
492.501 285.289
0 0 0.89413 0.447807
3
486.134 309.179
471.383 298.147
498.869 261.398
513.619 272.431
2
491.331 286.853
0 0 0.89413 0.447807
3
484.964 310.744
470.213 299.712
497.698 262.963
512.449 273.995
2
490.161 288.418
0 0 0.89413 0.447807
3
483.794 312.309
469.043 301.276
496.528 264.528
511.279 275.56
2
488.991 289.983
0 0 0.89413 0.447807
3
482.624 313.873
467.873 302.841
495.358 266.092
510.109 277.125
2
487.821 291.547
0 0 0.89413 0.447807
3
481.453 315.438
466.703 304.405
494.188 267.657
508.939 278.689
2
486.65 293.112
0 0 0.89413 0.447807
3
480.283 317.002
465.533 305.97
493.018 269.221
507.768 280.254
2
485.48 294.676
0 0 0.89413 0.447807
3
479.113 318.567
464.362 307.534
491.848 270.786
506.598 281.818
2
484.31 296.241
0 0 0.89413 0.447807
3
477.943 320.131
463.192 309.099
490.677 272.35
505.428 283.383
2
483.14 297.805
0 0 0.89413 0.447807
3
476.773 321.696
462.022 310.663
489.507 273.915
504.258 284.947
2
482.889 300.005
0 0 0.879844 0.475263
3
478.012 324.244
462.607 314.145
487.767 275.767
503.172 285.865
2
482.775 302.216
0 0 0.864715 0.502263
3
479.407 326.71
463.407 317.584
486.144 277.722
502.144 286.849
2
480.858 303.323
0 0 0.879844 0.475263
3
475.981 327.562
460.576 317.463
485.735 279.085
501.14 289.184
2
478.876 304.31
0 0 0.89413 0.447807
3
472.509 328.2
457.758 317.168
485.243 280.419
499.994 291.452
2
476.837 305.172
0 0 0.90756 0.419923
3
469.004 328.623
454.964 316.699
484.67 281.721
498.709 293.645
2
474.748 305.906
0 0 0.92012 0.391637
3
465.479 328.827
452.204 316.058
484.016 282.984
497.292 295.754
2
472.617 306.509
0 0 0.931799 0.362975
3
461.948 328.813
449.488 315.247
483.286 284.205
495.746 297.772
2
471.965 308.625
0 0 0.92012 0.391637
3
462.696 331.546
449.421 318.777
481.234 285.704
494.509 298.473
2
470.611 310.033
0 0 0.92012 0.391637
3
461.342 332.954
448.066 320.185
479.879 287.112
493.155 299.881
2
469.256 311.441
0 0 0.92012 0.391637
3
459.987 334.363
446.712 321.593
478.525 288.52
491.8 301.289
2
467.902 312.849
0 0 0.92012 0.391637
3
458.633 335.771
445.358 323.001
477.17 289.928
490.446 302.697
2
466.547 314.257
0 0 0.92012 0.391637
3
457.279 337.179
444.003 324.409
475.816 291.336
489.091 304.106
2
465.193 315.665
0 0 0.92012 0.391637
3
455.924 338.587
442.649 325.817
474.462 292.744
487.737 305.514
2
463.838 317.074
0 0 0.92012 0.391637
3
454.57 339.995
441.294 327.225
473.107 294.152
486.383 306.922
2
462.484 318.482
0 0 0.92012 0.391637
3
453.215 341.403
439.94 328.633
471.753 295.56
485.028 308.33
2
461.13 319.89
0 0 0.92012 0.391637
3
451.861 342.811
438.585 330.042
470.398 296.968
483.674 309.738
2
459.775 321.298
0 0 0.92012 0.391637
3
450.506 344.219
437.231 331.45
469.044 298.376
482.319 311.146
2
458.421 322.706
0 0 0.92012 0.391637
3
449.152 345.627
435.877 332.858
467.689 299.785
480.965 312.554
2
457.066 324.114
0 0 0.92012 0.391637
3
447.798 347.035
434.522 334.266
466.335 301.193
479.61 313.962
2
455.712 325.522
0 0 0.92012 0.391637
3
446.443 348.443
433.168 335.674
464.981 302.601
478.256 315.37
2
454.357 326.93
0 0 0.92012 0.391637
3
445.089 349.851
431.813 337.082
463.626 304.009
476.902 316.778
2
453.837 329.082
0 0 0.90756 0.419923
3
446.004 352.533
431.964 340.609
461.67 305.631
475.71 317.555
2
453.451 331.262
0 0 0.89413 0.447807
3
447.084 355.153
432.333 344.12
459.818 307.372
474.569 318.404
2
453.2 333.462
0 0 0.879844 0.475263
3
448.323 357.701
432.918 347.602
458.078 309.224
473.483 319.322
2
453.086 335.673
0 0 0.864715 0.502263
3
449.718 360.167
433.718 351.041
456.455 311.179
472.455 320.306
2
451.169 336.78
0 0 0.879844 0.475263
3
446.292 361.019
430.887 350.92
456.046 312.542
471.451 322.641
2
449.187 337.767
0 0 0.89413 0.447807
3
442.82 361.657
428.069 350.625
455.554 313.876
470.305 324.909
2
447.148 338.629
0 0 0.90756 0.419923
3
439.315 362.08
425.275 350.156
454.981 315.178
469.02 327.102
2
445.059 339.363
0 0 0.92012 0.391637
3
435.79 362.284
422.515 349.515
454.327 316.442
467.603 329.211
2
442.928 339.966
0 0 0.931799 0.362975
3
432.259 362.27
419.799 348.704
453.597 317.662
466.057 331.229
2
440.765 340.437
0 0 0.942585 0.333966
3
428.737 362.038
417.14 347.727
452.793 318.835
464.39 333.147
2
438.577 340.773
0 0 0.952469 0.304636
3
425.235 361.588
414.546 346.587
451.918 319.957
462.607 334.958
2
436.371 340.972
0 0 0.96144 0.275015
3
421.768 360.923
412.027 345.289
450.975 321.022
460.716 336.655
2
435.34 342.931
0 0 0.952469 0.304636
3
421.998 363.747
411.309 348.746
448.681 322.115
459.371 337.117
2
434.431 344.95
0 0 0.942585 0.333966
3
422.403 366.552
410.806 352.241
446.459 323.349
458.056 337.66
2
433.649 347.022
0 0 0.931799 0.362975
3
422.98 369.326
410.52 355.759
444.318 324.718
456.778 338.284
2
432.996 349.137
0 0 0.92012 0.391637
3
423.728 372.059
410.452 359.289
442.265 326.216
455.541 338.986
2
430.866 349.741
0 0 0.931799 0.362975
3
420.197 372.045
407.737 358.479
441.535 327.437
453.995 341.003
2
428.703 350.211
0 0 0.942585 0.333966
3
416.674 371.813
405.077 357.502
440.731 328.61
452.328 342.921
2
426.514 350.547
0 0 0.952469 0.304636
3
413.173 371.363
402.483 356.362
439.856 329.731
450.545 344.732
2
424.309 350.747
0 0 0.96144 0.275015
3
409.705 370.698
399.965 355.064
438.913 330.796
448.654 346.43
2
422.651 351.78
0 0 0.96144 0.275015
3
408.047 371.731
398.306 356.097
437.255 331.83
446.996 347.463
2
420.993 352.813
0 0 0.96144 0.275015
3
406.389 372.764
396.648 357.13
435.597 332.863
445.337 348.496
2
419.335 353.847
0 0 0.96144 0.275015
3
404.731 373.797
394.99 358.163
433.938 333.896
443.679 349.53
2
417.676 354.88
0 0 0.96144 0.275015
3
403.073 374.83
393.332 359.197
432.28 334.929
442.021 350.563
2
416.018 355.913
0 0 0.96144 0.275015
3
401.414 375.863
391.674 360.23
430.622 335.962
440.363 351.596
2
414.36 356.946
0 0 0.96144 0.275015
3
399.756 376.897
390.015 361.263
428.964 336.995
438.705 352.629
2
412.702 357.979
0 0 0.96144 0.275015
3
398.098 377.93
388.357 362.296
427.306 338.029
437.046 353.662
2
411.044 359.012
0 0 0.96144 0.275015
3
396.44 378.963
386.699 363.329
425.647 339.062
435.388 354.695
2
409.385 360.046
0 0 0.96144 0.275015
3
394.782 379.996
385.041 364.363
423.989 340.095
433.73 355.729
2
407.727 361.079
0 0 0.96144 0.275015
3
393.123 381.029
383.383 365.396
422.331 341.128
432.072 356.762
2
406.069 362.112
0 0 0.96144 0.275015
3
391.465 382.063
381.724 366.429
420.673 342.161
430.414 357.795
2
404.411 363.145
0 0 0.96144 0.275015
3
389.807 383.096
380.066 367.462
419.015 343.194
428.755 358.828
2
402.753 364.178
0 0 0.96144 0.275015
3
388.149 384.129
378.408 368.495
417.356 344.228
427.097 359.861
2
401.721 366.137
0 0 0.952469 0.304636
3
388.379 386.953
377.69 371.952
415.062 345.321
425.752 360.322
2
400.812 368.156
0 0 0.942585 0.333966
3
388.784 389.757
377.187 375.446
412.84 346.555
424.437 360.866
2
398.624 368.492
0 0 0.952469 0.304636
3
385.282 389.308
374.593 374.307
411.965 347.676
422.655 362.677
2
396.419 368.692
0 0 0.96144 0.275015
3
381.815 388.642
372.074 373.009
411.022 348.741
420.763 364.375
2
394.205 368.755
0 0 0.96949 0.245131
3
378.395 387.764
369.64 371.557
410.015 349.746
418.77 365.952
2
391.993 368.681
0 0 0.976612 0.215011
3
375.037 386.675
367.301 369.958
408.948 350.686
416.684 367.403
2
389.789 368.47
0 0 0.982798 0.184686
3
371.752 385.381
365.065 368.218
407.825 351.559
414.512 368.722
2
387.602 368.123
0 0 0.988042 0.154184
3
368.554 383.886
362.942 366.342
406.65 352.36
412.262 369.904
2
386.121 369.769
0 0 0.982798 0.184686
3
368.085 386.68
361.398 369.517
404.158 352.858
410.844 370.022
2
384.746 371.504
0 0 0.976612 0.215011
3
367.79 389.499
360.054 372.782
401.701 353.509
409.437 370.226
2
383.48 373.321
0 0 0.96949 0.245131
3
367.67 392.33
358.915 376.123
399.29 354.312
408.045 370.518
2
382.329 375.212
0 0 0.96144 0.275015
3
367.725 395.163
357.984 379.529
396.932 355.261
406.673 370.895
2
380.115 375.275
0 0 0.96949 0.245131
3
364.305 394.284
355.55 378.078
395.925 356.266
404.68 372.472
2
377.903 375.201
0 0 0.976612 0.215011
3
360.947 393.195
353.211 376.478
394.858 357.206
402.594 373.923
2
375.699 374.99
0 0 0.982798 0.184686
3
357.662 391.901
350.975 374.738
393.735 358.079
400.422 375.242
2
373.512 374.643
0 0 0.988042 0.154184
3
354.464 390.406
348.852 372.862
392.56 358.88
398.172 376.424
2
371.351 374.162
0 0 0.99234 0.123534
3
351.364 388.716
346.848 370.858
391.337 359.607
395.854 377.465
2
369.224 373.548
0 0 0.995688 0.0927658
3
348.375 386.838
344.972 368.735
390.072 360.258
393.475 378.36
2
367.138 372.803
0 0 0.998082 0.0619088
3
345.508 384.778
343.231 366.499
388.769 360.828
391.046 379.107
2
365.103 371.931
0 0 0.99952 0.0309924
3
342.773 382.545
341.632 364.16
387.434 361.317
388.575 379.702
2
363.126 370.935
0 0 1 4.63287e-05
3
340.182 380.147
340.18 361.727
386.07 361.723
386.072 380.143
2
361.172 370.935
0 0 1 4.63287e-05
3
338.228 380.147
338.227 361.727
384.117 361.723
384.118 380.143
2
359.219 370.935
0 0 1 4.63287e-05
3
336.275 380.147
336.273 361.727
382.163 361.723
382.165 380.143
2
357.265 370.935
0 0 1 4.63287e-05
3
334.321 380.147
334.319 361.727
380.209 361.723
380.211 380.143
2
355.311 370.935
0 0 1 4.63287e-05
3
332.367 380.148
332.365 361.728
378.255 361.723
378.257 380.143
2
353.358 370.936
0 0 1 4.63287e-05
3
330.413 380.148
330.412 361.728
376.302 361.723
376.303 380.143
2
351.404 370.936
0 0 1 4.63287e-05
3
328.46 380.148
328.458 361.728
374.348 361.724
374.35 380.144
2
349.45 370.936
0 0 1 4.63287e-05
3
326.506 380.148
326.504 361.728
372.394 361.724
372.396 380.144
2
347.496 370.936
0 0 1 4.63287e-05
3
324.552 380.148
324.55 361.728
370.44 361.724
370.442 380.144
2
345.543 370.936
0 0 1 4.63287e-05
3
322.598 380.148
322.597 361.728
368.487 361.724
368.488 380.144
2
343.589 370.936
0 0 1 4.63287e-05
3
320.645 380.149
320.643 361.729
366.533 361.724
366.535 380.144
2
341.635 370.937
0 0 1 4.63287e-05
3
318.691 380.149
318.689 361.729
364.579 361.725
364.581 380.145
2
339.681 370.937
0 0 1 4.63287e-05
3
316.737 380.149
316.736 361.729
362.626 361.725
362.627 380.145
2
337.728 370.937
0 0 1 4.63287e-05
3
314.784 380.149
314.782 361.729
360.672 361.725
360.674 380.145
2
335.774 370.937
0 0 1 4.63287e-05
3
312.83 380.149
312.828 361.729
358.718 361.725
358.72 380.145
2
333.82 370.937
0 0 1 4.63287e-05
3
310.876 380.15
310.874 361.73
356.764 361.725
356.766 380.145
2
331.866 370.938
0 0 1 4.63287e-05
3
308.922 380.15
308.921 361.73
354.811 361.725
354.812 380.145
2
329.913 370.938
0 0 1 4.63287e-05
3
306.969 380.15
306.967 361.73
352.857 361.726
352.859 380.146
2
327.959 370.938
0 0 1 4.63287e-05
3
305.015 380.15
305.013 361.73
350.903 361.726
350.905 380.146
2
326.005 370.938
0 0 1 4.63287e-05
3
303.061 380.15
303.059 361.73
348.949 361.726
348.951 380.146
2
324.052 370.938
0 0 1 4.63287e-05
3
301.107 380.15
301.106 361.73
346.996 361.726
346.997 380.146
2
322.098 370.939
0 0 1 4.63287e-05
3
299.154 380.151
299.152 361.731
345.042 361.726
345.044 380.146
2
320.144 370.939
0 0 1 4.63287e-05
3
297.2 380.151
297.198 361.731
343.088 361.727
343.09 380.147
2
318.19 370.939
0 0 1 4.63287e-05
3
295.246 380.151
295.244 361.731
341.134 361.727
341.136 380.147
2
316.237 370.939
0 0 1 4.63287e-05
3
293.292 380.151
293.291 361.731
339.181 361.727
339.182 380.147
2
314.283 370.939
0 0 1 4.63287e-05
3
291.339 380.151
291.337 361.731
337.227 361.727
337.229 380.147
2
312.329 370.939
0 0 1 4.63287e-05
3
289.385 380.152
289.383 361.732
335.273 361.727
335.275 380.147
2
310.375 370.94
0 0 1 4.63287e-05
3
287.431 380.152
287.43 361.732
333.32 361.727
333.321 380.147
2
308.422 370.94
0 0 1 4.63287e-05
3
285.477 380.152
285.476 361.732
331.366 361.728
331.367 380.148
2
306.468 370.94
0 0 1 4.63287e-05
3
283.524 380.152
283.522 361.732
329.412 361.728
329.414 380.148
2
304.514 370.94
0 0 1 4.63287e-05
3
281.57 380.152
281.568 361.732
327.458 361.728
327.46 380.148
2
302.56 370.94
0 0 1 4.63287e-05
3
279.616 380.152
279.615 361.732
325.505 361.728
325.506 380.148
2
300.607 370.941
0 0 1 4.63287e-05
3
277.663 380.153
277.661 361.733
323.551 361.728
323.553 380.148
2
298.653 370.941
0 0 1 4.63287e-05
3
275.709 380.153
275.707 361.733
321.597 361.729
321.599 380.149
2
296.699 370.941
0 0 1 4.63287e-05
3
273.755 380.153
273.753 361.733
319.643 361.729
319.645 380.149
2
294.745 370.941
0 0 1 4.63287e-05
3
271.801 380.153
271.8 361.733
317.69 361.729
317.691 380.149
2
292.792 370.941
0 0 1 4.63287e-05
3
269.848 380.153
269.846 361.733
315.736 361.729
315.738 380.149
2
290.88 369.824
0 0 0.999522 -0.0308998
3
267.41 377.6
268.548 359.215
314.35 362.049
313.212 380.434
2
289.041 368.592
0 0 0.998088 -0.0618163
3
265.135 374.9
267.408 356.621
312.947 362.283
310.674 380.563
2
287.282 367.247
0 0 0.995697 -0.0926736
3
263.031 372.065
266.431 353.961
311.532 362.43
308.133 380.534
2
285.609 365.797
0 0 0.992352 -0.123442
3
261.107 369.105
265.62 351.246
310.111 362.489
305.598 380.348
2
284.029 364.246
0 0 0.988056 -0.154092
3
259.369 366.031
264.978 348.486
308.689 362.46
303.08 380.005
2
282.548 362.6
0 0 0.982815 -0.184595
3
257.825 362.856
264.509 345.692
307.272 362.343
300.588 379.507
2
280.728 361.891
0 0 0.982815 -0.184595
3
256.005 362.147
262.688 344.983
305.451 361.634
298.767 378.798
2
278.907 361.182
0 0 0.982815 -0.184595
3
254.184 361.439
260.868 344.274
303.63 360.925
296.947 378.09
2
277.087 360.473
0 0 0.982815 -0.184595
3
252.364 360.73
259.047 343.565
301.81 360.216
295.126 377.381
2
275.266 359.764
0 0 0.982815 -0.184595
3
250.543 360.021
257.227 342.856
299.989 359.507
293.306 376.672
2
273.445 359.055
0 0 0.982815 -0.184595
3
248.722 359.312
255.406 342.147
298.169 358.798
291.485 375.963
2
271.625 358.346
0 0 0.982815 -0.184595
3
246.902 358.603
253.585 341.438
296.348 358.089
289.664 375.254
2
269.804 357.637
0 0 0.982815 -0.184595
3
245.081 357.894
251.765 340.729
294.527 357.38
287.844 374.545
2
267.984 356.928
0 0 0.982815 -0.184595
3
243.261 357.185
249.944 340.02
292.707 356.671
286.023 373.836
2
266.163 356.219
0 0 0.982815 -0.184595
3
241.44 356.476
248.124 339.311
290.886 355.962
284.203 373.127
2
264.343 355.51
0 0 0.982815 -0.184595
3
239.619 355.767
246.303 338.602
289.066 355.253
282.382 372.418
2
262.966 353.776
0 0 0.976631 -0.214921
3
238.275 352.503
246.007 335.784
287.658 355.049
279.925 371.767
2
261.7 351.96
0 0 0.969513 -0.245041
3
237.135 349.161
245.887 332.954
286.266 354.758
277.514 370.966
2
260.549 350.068
0 0 0.961465 -0.274926
3
236.203 345.756
245.941 330.121
284.894 354.381
275.156 370.016
2
259.517 348.11
0 0 0.952497 -0.304548
3
235.485 342.299
246.171 327.296
283.549 353.92
272.862 368.923
2
258.608 346.091
0 0 0.942616 -0.333878
3
234.981 338.805
246.575 324.492
282.234 353.377
270.64 367.69
2
257.825 344.02
0 0 0.931833 -0.362889
3
234.694 335.286
247.152 321.718
280.956 352.753
268.498 366.322
2
257.172 341.904
0 0 0.920156 -0.391551
3
234.626 331.756
247.899 318.985
279.718 352.052
266.445 364.824
2
256.652 339.752
0 0 0.907599 -0.419839
3
234.777 328.229
248.814 316.303
278.527 351.275
264.489 363.202
2
256.265 337.572
0 0 0.894172 -0.447725
3
235.145 324.718
249.893 313.683
277.385 350.426
262.637 361.461
2
256.014 335.372
0 0 0.879888 -0.475181
3
235.729 321.236
251.132 311.135
276.299 349.508
260.896 359.61
2
255.9 333.161
0 0 0.864762 -0.502183
3
236.528 317.797
252.527 308.668
275.271 348.525
259.273 357.654
2
255.922 330.947
0 0 0.848807 -0.528703
3
237.539 314.414
254.071 306.292
274.306 347.48
257.774 355.602
2
256.082 328.739
0 0 0.832039 -0.554717
3
238.756 311.101
255.759 304.017
273.408 346.377
256.404 353.461
2
256.378 326.545
0 0 0.814474 -0.5802
3
240.176 307.868
257.585 301.85
272.579 345.221
255.17 351.24
2
256.809 324.373
0 0 0.796129 -0.605127
3
241.794 304.73
259.542 299.8
271.824 344.016
254.076 348.946
2
257.373 322.232
0 0 0.777021 -0.629474
3
243.602 301.698
261.621 297.875
271.144 342.766
253.125 346.589
2
258.069 320.13
0 0 0.75717 -0.653218
3
245.595 298.784
263.816 296.083
270.544 341.477
252.323 344.178
2
257.783 318.198
0 0 0.75717 -0.653218
3
245.308 296.851
263.529 294.15
270.257 339.544
252.036 342.245
2
257.496 316.265
0 0 0.75717 -0.653218
3
245.022 294.918
263.243 292.218
269.971 337.612
251.75 340.312
2
257.21 314.332
0 0 0.75717 -0.653218
3
244.735 292.986
262.956 290.285
269.684 335.679
251.463 338.38
2
256.923 312.4
0 0 0.75717 -0.653218
3
244.449 291.053
262.67 288.352
269.398 333.746
251.177 336.447
2
256.637 310.467
0 0 0.75717 -0.653218
3
244.162 289.12
262.383 286.42
269.111 331.814
250.89 334.514
2
256.35 308.534
0 0 0.75717 -0.653218
3
243.876 287.188
262.097 284.487
268.825 329.881
250.604 332.582
2
256.064 306.602
0 0 0.75717 -0.653218
3
243.59 285.255
261.811 282.554
268.539 327.949
250.318 330.649
2
255.778 304.669
0 0 0.75717 -0.653218
3
243.303 283.322
261.524 280.622
268.252 326.016
250.031 328.716
2
255.491 302.736
0 0 0.75717 -0.653218
3
243.017 281.39
261.238 278.689
267.966 324.083
249.745 326.784
2
255.205 300.804
0 0 0.75717 -0.653218
3
242.73 279.457
260.951 276.756
267.679 322.151
249.458 324.851
2
254.918 298.871
0 0 0.75717 -0.653218
3
242.444 277.524
260.665 274.824
267.393 320.218
249.172 322.919
2
254.632 296.939
0 0 0.75717 -0.653218
3
242.157 275.592
260.378 272.891
267.106 318.285
248.885 320.986
2
254.345 295.006
0 0 0.75717 -0.653218
3
241.871 273.659
260.092 270.959
266.82 316.353
248.599 319.053
2
254.059 293.073
0 0 0.75717 -0.653218
3
241.584 271.726
259.805 269.026
266.533 314.42
248.312 317.121
2
253.773 291.141
0 0 0.75717 -0.653218
3
241.298 269.794
259.519 267.093
266.247 312.487
248.026 315.188
2
253.486 289.208
0 0 0.75717 -0.653218
3
241.012 267.861
259.233 265.161
265.961 310.555
247.74 313.255
2
253.2 287.275
0 0 0.75717 -0.653218
3
240.725 265.929
258.946 263.228
265.674 308.622
247.453 311.323
2
252.913 285.343
0 0 0.75717 -0.653218
3
240.439 263.996
258.66 261.295
265.388 306.689
247.167 309.39
2
252.627 283.41
0 0 0.75717 -0.653218
3
240.152 262.063
258.373 259.363
265.101 304.757
246.88 307.457
2
252.34 281.477
0 0 0.75717 -0.653218
3
239.866 260.131
258.087 257.43
264.815 302.824
246.594 305.525
2
252.054 279.545
0 0 0.75717 -0.653218
3
239.579 258.198
257.8 255.497
264.528 300.891
246.307 303.592
2
251.767 277.612
0 0 0.75717 -0.653218
3
239.293 256.265
257.514 253.565
264.242 298.959
246.021 301.659
2
251.481 275.679
0 0 0.75717 -0.653218
3
239.007 254.333
257.227 251.632
263.955 297.026
245.735 299.727
2
251.195 273.747
0 0 0.75717 -0.653218
3
238.72 252.4
256.941 249.699
263.669 295.094
245.448 297.794
2
250.908 271.814
0 0 0.75717 -0.653218
3
238.434 250.467
256.655 247.767
263.383 293.161
245.162 295.861
2
250.622 269.881
0 0 0.75717 -0.653218
3
238.147 248.535
256.368 245.834
263.096 291.228
244.875 293.929
2
250.335 267.949
0 0 0.75717 -0.653218
3
237.861 246.602
256.082 243.901
262.81 289.296
244.589 291.996
2
250.049 266.016
0 0 0.75717 -0.653218
3
237.574 244.669
255.795 241.969
262.523 287.363
244.302 290.064
2
249.762 264.084
0 0 0.75717 -0.653218
3
237.288 242.737
255.509 240.036
262.237 285.43
244.016 288.131
2
249.476 262.151
0 0 0.75717 -0.653218
3
237.001 240.804
255.222 238.104
261.95 283.498
243.729 286.198
2
249.19 260.218
0 0 0.75717 -0.653218
3
236.715 238.871
254.936 236.171
261.664 281.565
243.443 284.266
2
248.903 258.286
0 0 0.75717 -0.653218
3
236.429 236.939
254.65 234.238
261.378 279.632
243.157 282.333
2
248.617 256.353
0 0 0.75717 -0.653218
3
236.142 235.006
254.363 232.306
261.091 277.7
242.87 280.4
2
248.33 254.42
0 0 0.75717 -0.653218
3
235.856 233.074
254.077 230.373
260.805 275.767
242.584 278.468
2
248.044 252.488
0 0 0.75717 -0.653218
3
235.569 231.141
253.79 228.44
260.518 273.834
242.297 276.535
2
247.757 250.555
0 0 0.75717 -0.653218
3
235.283 229.208
253.504 226.508
260.232 271.902
242.011 274.602
2
247.471 248.622
0 0 0.75717 -0.653218
3
234.996 227.276
253.217 224.575
259.945 269.969
241.724 272.67
2
247.184 246.69
0 0 0.75717 -0.653218
3
234.71 225.343
252.931 222.642
259.659 268.036
241.438 270.737
2
246.898 244.757
0 0 0.75717 -0.653218
3
234.424 223.41
252.644 220.71
259.372 266.104
241.152 268.804
2
246.612 242.824
0 0 0.75717 -0.653218
3
234.137 221.478
252.358 218.777
259.086 264.171
240.865 266.872
2
246.325 240.892
0 0 0.75717 -0.653218
3
233.851 219.545
252.072 216.844
258.8 262.239
240.579 264.939
2
247.15 238.837
0 0 0.736592 -0.676337
3
236.02 216.759
254.373 215.191
258.28 260.915
239.927 262.483
2
248.1 236.837
0 0 0.71531 -0.698808
3
238.357 214.113
256.772 213.683
257.843 259.561
239.428 259.991
2
249.172 234.9
0 0 0.693342 -0.720609
3
240.853 211.617
259.26 212.327
257.49 258.183
239.084 257.473
2
250.362 233.033
0 0 0.67071 -0.74172
3
243.499 209.28
261.827 211.127
257.224 256.786
238.897 254.938
2
251.665 231.243
0 0 0.647435 -0.762121
3
246.285 207.111
264.463 210.088
257.044 255.375
238.867 252.397
2
250.872 229.176
0 0 0.67071 -0.74172
3
244.009 205.423
262.336 207.27
257.734 252.929
239.407 251.081
2
249.952 227.162
0 0 0.693342 -0.720609
3
241.633 203.878
260.04 204.589
258.27 250.445
239.864 249.734
2
248.91 225.208
0 0 0.71531 -0.698808
3
239.167 202.484
257.582 202.055
258.652 247.932
240.237 248.362
2
247.748 223.323
0 0 0.736592 -0.676337
3
236.618 201.245
254.971 199.677
258.878 245.401
240.525 246.969
2
246.473 221.513
0 0 0.75717 -0.653218
3
233.998 200.167
252.219 197.466
258.947 242.86
240.726 245.561
2
245.088 219.786
0 0 0.777021 -0.629474
3
231.316 199.252
249.335 195.429
258.859 240.32
240.84 244.143
2
243.598 218.148
0 0 0.796129 -0.605127
3
228.583 198.505
246.331 193.575
258.613 237.791
240.865 242.721
2
244.163 216.007
0 0 0.777021 -0.629474
3
230.392 195.473
248.411 191.65
257.934 236.541
239.915 240.364
2
244.859 213.905
0 0 0.75717 -0.653218
3
232.384 192.558
250.605 189.858
257.333 235.252
239.112 237.952
2
245.683 211.85
0 0 0.736592 -0.676337
3
234.553 189.773
252.906 188.205
256.813 233.928
238.46 235.496
2
246.633 209.851
0 0 0.71531 -0.698808
3
236.89 187.127
255.305 186.697
256.376 232.574
237.961 233.004
2
246.588 207.897
0 0 0.71531 -0.698808
3
236.845 185.173
255.26 184.744
256.331 230.621
237.916 231.051
2
246.542 205.944
0 0 0.71531 -0.698808
3
236.799 183.22
255.214 182.79
256.285 228.668
237.87 229.098
2
246.497 203.991
0 0 0.71531 -0.698808
3
236.754 181.267
255.169 180.837
256.24 226.715
237.825 227.145
2
246.451 202.038
0 0 0.71531 -0.698808
3
236.708 179.314
255.123 178.884
256.194 224.761
237.779 225.191
2
246.405 200.084
0 0 0.71531 -0.698808
3
236.662 177.361
255.077 176.931
256.148 222.808
237.733 223.238
2
246.36 198.131
0 0 0.71531 -0.698808
3
236.617 175.407
255.032 174.978
256.103 220.855
237.688 221.285
2
246.314 196.178
0 0 0.71531 -0.698808
3
236.571 173.454
254.986 173.024
256.057 218.902
237.642 219.332
2
246.269 194.225
0 0 0.71531 -0.698808
3
236.526 171.501
254.941 171.071
256.012 216.949
237.597 217.378
2
246.223 192.272
0 0 0.71531 -0.698808
3
236.48 169.548
254.895 169.118
255.966 214.995
237.551 215.425
2
246.177 190.318
0 0 0.71531 -0.698808
3
236.434 167.595
254.849 167.165
255.92 213.042
237.505 213.472
2
246.132 188.365
0 0 0.71531 -0.698808
3
236.389 165.641
254.804 165.211
255.875 211.089
237.46 211.519
2
246.086 186.412
0 0 0.71531 -0.698808
3
236.343 163.688
254.758 163.258
255.829 209.136
237.414 209.566
2
246.041 184.459
0 0 0.71531 -0.698808
3
236.298 161.735
254.713 161.305
255.784 207.183
237.369 207.612
2
245.995 182.505
0 0 0.71531 -0.698808
3
236.252 159.782
254.667 159.352
255.738 205.229
237.323 205.659
2
245.949 180.552
0 0 0.71531 -0.698808
3
236.207 157.828
254.622 157.399
255.692 203.276
237.277 203.706
2
245.904 178.599
0 0 0.71531 -0.698808
3
236.161 155.875
254.576 155.445
255.647 201.323
237.232 201.753
2
245.858 176.646
0 0 0.71531 -0.698808
3
236.115 153.922
254.53 153.492
255.601 199.37
237.186 199.799
2
245.813 174.693
0 0 0.71531 -0.698808
3
236.07 151.969
254.485 151.539
255.556 197.416
237.141 197.846
2
245.767 172.739
0 0 0.71531 -0.698808
3
236.024 150.016
254.439 149.586
255.51 195.463
237.095 195.893
2
245.721 170.786
0 0 0.71531 -0.698808
3
235.979 148.062
254.394 147.632
255.464 193.51
237.049 193.94
2
245.676 168.833
0 0 0.71531 -0.698808
3
235.933 146.109
254.348 145.679
255.419 191.557
237.004 191.987
2
245.63 166.88
0 0 0.71531 -0.698808
3
235.887 144.156
254.302 143.726
255.373 189.604
236.958 190.033
2
244.469 164.995
0 0 0.736592 -0.676337
3
233.339 142.917
251.692 141.349
255.599 187.072
237.246 188.64
2
243.193 163.185
0 0 0.75717 -0.653218
3
230.719 141.838
248.94 139.138
255.668 184.532
237.447 187.232
2
241.808 161.458
0 0 0.777021 -0.629474
3
228.037 140.924
246.056 137.101
255.579 181.992
237.56 185.814
2
240.319 159.819
0 0 0.796129 -0.605127
3
225.304 140.176
243.052 135.247
255.334 179.462
237.586 184.392
2
238.731 158.276
0 0 0.814474 -0.5802
3
222.53 139.6
239.939 133.581
254.933 176.953
237.524 182.971
2
238.093 156.43
0 0 0.814474 -0.5802
3
221.891 137.753
239.3 131.735
254.294 175.106
236.885 181.125
2
237.454 154.583
0 0 0.814474 -0.5802
3
221.253 135.907
238.662 129.888
253.656 173.26
236.247 179.278
2
236.816 152.737
0 0 0.814474 -0.5802
3
220.615 134.06
238.024 128.042
253.018 171.413
235.608 177.432
2
236.178 150.89
0 0 0.814474 -0.5802
3
219.976 132.214
237.385 126.195
252.379 169.567
234.97 175.585
2
235.539 149.044
0 0 0.814474 -0.5802
3
219.338 130.367
236.747 124.349
251.741 167.72
234.332 173.739
2
234.901 147.197
0 0 0.814474 -0.5802
3
218.699 128.521
236.108 122.502
251.102 165.874
233.693 171.892
2
234.263 145.351
0 0 0.814474 -0.5802
3
218.061 126.674
235.47 120.656
250.464 164.027
233.055 170.046
2
233.624 143.504
0 0 0.814474 -0.5802
3
217.423 124.828
234.832 118.809
249.826 162.181
232.417 168.199
2
232.986 141.658
0 0 0.814474 -0.5802
3
216.784 122.981
234.193 116.963
249.187 160.334
231.778 166.353
2
232.347 139.811
0 0 0.814474 -0.5802
3
216.146 121.135
233.555 115.116
248.549 158.488
231.14 164.506
2
231.709 137.965
0 0 0.814474 -0.5802
3
215.508 119.288
232.917 113.27
247.911 156.641
230.502 162.66
2
231.071 136.118
0 0 0.814474 -0.5802
3
214.869 117.442
232.278 111.423
247.272 154.795
229.863 160.813
2
231.502 133.946
0 0 0.796129 -0.605127
3
216.487 114.303
234.235 109.373
246.517 153.589
228.769 158.519
2
232.066 131.805
0 0 0.777021 -0.629474
3
218.295 111.271
236.314 107.449
245.837 152.34
227.818 156.162
2
232.762 129.704
0 0 0.75717 -0.653218
3
220.288 108.357
238.509 105.656
245.237 151.05
227.016 153.751
2
231.377 127.976
0 0 0.777021 -0.629474
3
217.606 107.442
235.625 103.62
245.148 148.511
227.129 152.333
2
229.888 126.338
0 0 0.796129 -0.605127
3
214.873 106.695
232.621 101.765
244.903 145.981
227.155 150.911
2
228.3 124.795
0 0 0.814474 -0.5802
3
212.098 106.119
229.507 100.1
244.501 143.472
227.092 149.49
2
226.62 123.353
0 0 0.832039 -0.554717
3
209.294 105.715
226.297 98.6309
243.945 140.992
226.942 148.076
2
224.853 122.018
0 0 0.848807 -0.528703
3
206.47 105.485
223.002 97.3631
243.237 138.551
226.705 146.673
2
223.008 120.795
0 0 0.864762 -0.502183
3
203.637 105.431
219.635 96.3016
242.379 136.159
226.381 145.288
2
221.09 119.688
0 0 0.879888 -0.475181
3
200.806 105.552
216.209 95.4504
241.375 133.824
225.972 143.926
2
219.108 118.702
0 0 0.894172 -0.447725
3
197.988 105.848
212.736 94.8127
240.228 131.556
225.48 142.591
2
217.068 117.841
0 0 0.907599 -0.419839
3
195.193 106.318
209.231 94.3911
238.944 129.363
224.906 141.29
2
214.98 117.107
0 0 0.920156 -0.391551
3
192.434 106.959
205.707 94.1872
237.526 127.254
224.252 140.026
2
212.849 116.504
0 0 0.931833 -0.362889
3
189.719 107.77
202.176 94.2017
235.98 125.237
223.522 138.806
2
210.686 116.034
0 0 0.942616 -0.333878
3
187.059 108.748
198.653 94.4345
234.312 123.319
222.718 137.633
2
209.167 114.804
0 0 0.942616 -0.333878
3
185.541 107.518
197.135 93.2048
232.794 122.09
221.2 136.403
2
207.649 113.574
0 0 0.942616 -0.333878
3
184.023 106.288
195.617 91.975
231.276 120.86
219.682 135.173
2
205.461 113.239
0 0 0.952497 -0.304548
3
181.429 107.428
192.115 92.4253
229.493 119.049
218.806 134.052
2
203.256 113.039
0 0 0.961465 -0.274926
3
178.91 108.727
188.648 93.0914
227.601 117.352
217.863 132.987
2
201.043 112.977
0 0 0.969513 -0.245041
3
176.477 110.179
185.229 93.9707
225.608 115.775
216.856 131.983
2
198.83 113.051
0 0 0.976631 -0.214921
3
174.138 111.778
181.871 95.0599
223.521 114.324
215.789 131.043
2
196.626 113.263
0 0 0.982815 -0.184595
3
171.903 113.519
178.586 96.3547
221.349 113.006
214.665 130.17
2
195.25 111.528
0 0 0.976631 -0.214921
3
170.558 110.255
178.291 93.5367
219.941 112.801
212.209 129.519
2
193.983 109.712
0 0 0.969513 -0.245041
3
169.418 106.914
178.17 90.7057
218.549 112.51
209.797 128.718
2
192.832 107.821
0 0 0.961465 -0.274926
3
168.487 103.508
178.225 87.8728
217.177 112.133
207.439 127.769
2
191.8 105.862
0 0 0.952497 -0.304548
3
167.768 100.052
178.454 85.0486
215.832 111.672
205.145 126.675
2
190.891 103.843
0 0 0.942616 -0.333878
3
167.264 96.5573
178.858 82.244
214.517 111.129
202.923 125.442
2
190.108 101.772
0 0 0.931833 -0.362889
3
166.978 93.0385
179.435 79.4699
213.239 110.505
200.781 124.074
2
187.945 101.302
0 0 0.942616 -0.333878
3
164.318 94.016
175.912 79.7027
211.571 108.588
199.977 122.901
2
185.756 100.966
0 0 0.952497 -0.304548
3
161.724 95.1562
172.411 80.1531
209.788 106.777
199.102 121.78
2
183.551 100.767
0 0 0.961465 -0.274926
3
159.206 96.4546
168.944 80.8192
207.897 105.08
198.159 120.715
2
181.338 100.705
0 0 0.969513 -0.245041
3
156.772 97.9064
165.524 81.6985
205.904 103.503
197.151 119.711
2
179.125 100.779
0 0 0.976631 -0.214921
3
154.434 99.5059
162.166 82.7876
203.817 102.052
196.084 118.77
2
176.921 100.99
0 0 0.982815 -0.184595
3
152.198 101.247
158.882 84.0824
201.644 100.733
194.961 117.898
2
174.735 101.337
0 0 0.988056 -0.154092
3
150.075 103.123
155.684 85.5779
199.394 99.5516
193.785 117.097
2
173.254 99.6914
0 0 0.982815 -0.184595
3
148.531 99.9482
155.214 82.7836
197.977 99.4345
191.293 116.599
2
171.878 97.9569
0 0 0.976631 -0.214921
3
147.186 96.6839
154.919 79.9655
196.569 99.23
188.837 115.948
2
170.611 96.1407
0 0 0.969513 -0.245041
3
146.046 93.3425
154.798 77.1346
195.177 98.9388
186.425 115.147
2
169.46 94.2496
0 0 0.961465 -0.274926
3
145.115 89.9371
154.853 74.3016
193.805 98.562
184.067 114.197
2
168.428 92.2908
0 0 0.952497 -0.304548
3
144.396 86.4806
155.082 71.4775
192.46 98.1011
181.773 113.104
2
167.519 90.272
0 0 0.942616 -0.333878
3
143.892 82.9862
155.486 68.6729
191.145 97.5578
179.551 111.871
2
166.736 88.2008
0 0 0.931833 -0.362889
3
143.606 79.4674
156.063 65.8987
189.867 96.9343
177.409 110.503
2
166.083 86.0852
0 0 0.920156 -0.391551
3
143.537 75.9375
156.811 63.1656
188.629 96.2328
175.356 109.005
2
163.953 85.4821
0 0 0.931833 -0.362889
3
140.823 76.7487
153.28 63.1801
187.084 94.2156
174.626 107.784
2
161.79 85.012
0 0 0.942616 -0.333878
3
138.163 77.7262
149.757 63.4129
185.416 92.2978
173.822 106.611
2
159.601 84.6766
0 0 0.952497 -0.304548
3
135.569 78.8664
146.256 63.8633
183.633 90.4869
172.946 105.49
2
157.396 84.4773
0 0 0.961465 -0.274926
3
133.051 80.1648
142.789 64.5294
181.741 88.7897
172.003 104.425
2
155.183 84.4147
0 0 0.969513 -0.245041
3
130.617 81.6166
139.369 65.4087
179.748 87.2128
170.996 103.421
2
152.97 84.4892
0 0 0.976631 -0.214921
3
128.278 83.2161
136.011 66.4978
177.662 85.7623
169.929 102.481
2
150.766 84.7004
0 0 0.982815 -0.184595
3
126.043 84.9573
132.727 67.7926
175.489 84.4436
168.806 101.608
2
148.579 85.0476
0 0 0.988056 -0.154092
3
123.92 86.8334
129.528 69.2881
173.239 83.2618
167.63 100.807
2
146.418 85.5294
0 0 0.992352 -0.123442
3
121.916 88.8372
126.429 70.9786
170.92 82.2215
166.408 100.08
2
144.291 86.1439
0 0 0.995697 -0.0926736
3
120.041 90.9612
123.44 72.8576
168.542 81.3266
165.142 99.4302
2
142.206 86.8888
0 0 0.998088 -0.0618163
3
118.3 93.1971
120.573 74.9179
166.112 80.5805
163.839 98.8598
2
140.171 87.7613
0 0 0.999522 -0.0308998
3
116.701 95.5364
117.839 77.1516
163.642 79.9862
162.504 98.3711
2
138.221 87.6407
0 0 0.999522 -0.0308998
3
114.751 95.4158
115.889 77.0309
161.691 79.8656
160.554 98.2504
2
136.271 87.52
0 0 0.999522 -0.0308998
3
112.801 95.2951
113.939 76.9102
159.741 79.7449
158.604 98.1297
2
134.321 87.3993
0 0 0.999522 -0.0308998
3
110.851 95.1744
111.989 76.7896
157.791 79.6242
156.654 98.009
2
132.371 87.2786
0 0 0.999522 -0.0308998
3
108.901 95.0537
110.039 76.6689
155.841 79.5035
154.704 97.8883
2
130.421 87.1579
0 0 0.999522 -0.0308998
3
106.951 94.933
108.089 76.5482
153.891 79.3828
152.754 97.7677
2
128.471 87.0372
0 0 0.999522 -0.0308998
3
105.001 94.8123
106.139 76.4275
151.941 79.2621
150.804 97.647
2
126.521 86.9166
0 0 0.999522 -0.0308998
3
103.051 94.6917
104.189 76.3068
149.991 79.1415
148.854 97.5263
2
124.571 86.7959
0 0 0.999522 -0.0308998
3
101.101 94.571
102.239 76.1862
148.041 79.0208
146.904 97.4056
2
122.621 86.6752
0 0 0.999522 -0.0308998
3
99.1512 94.4503
100.289 76.0655
146.091 78.9001
144.954 97.2849
2
120.671 86.5545
0 0 0.999522 -0.0308998
3
97.2012 94.3296
98.339 75.9448
144.141 78.7794
143.004 97.1642
2
118.721 86.4338
0 0 0.999522 -0.0308998
3
95.2512 94.2089
96.389 75.8241
142.191 78.6587
141.054 97.0436
2
116.771 86.3132
0 0 0.999522 -0.0308998
3
93.3012 94.0883
94.439 75.7034
140.241 78.5381
139.104 96.9229
2
114.821 86.1925
0 0 0.999522 -0.0308998
3
91.3512 93.9676
92.489 75.5827
138.291 78.4174
137.154 96.8022
2
112.871 86.0718
0 0 0.999522 -0.0308998
3
89.4012 93.8469
90.539 75.4621
136.341 78.2967
135.204 96.6815
2
110.921 85.9511
0 0 0.999522 -0.0308998
3
87.4511 93.7262
88.5889 75.3414
134.391 78.176
133.254 96.5608
2
108.971 85.8304
0 0 0.999522 -0.0308998
3
85.5011 93.6055
86.6389 75.2207
132.441 78.0553
131.303 96.4402
2
107.021 85.7097
0 0 0.999522 -0.0308998
3
83.5511 93.4848
84.6889 75.1
130.491 77.9346
129.353 96.3195
2
105.071 85.5891
0 0 0.999522 -0.0308998
3
81.6011 93.3642
82.7389 74.9793
128.541 77.814
127.403 96.1988
2
103.121 85.4684
0 0 0.999522 -0.0308998
3
79.6511 93.2435
80.7889 74.8587
126.591 77.6933
125.453 96.0781
2
101.171 85.3477
0 0 0.999522 -0.0308998
3
77.701 93.1228
78.8389 74.738
124.641 77.5726
123.503 95.9574
2
99.2211 85.227
0 0 0.999522 -0.0308998
3
75.751 93.0021
76.8888 74.6173
122.691 77.4519
121.553 95.8367
2
97.2711 85.1063
0 0 0.999522 -0.0308998
3
73.801 92.8814
74.9388 74.4966
120.741 77.3312
119.603 95.7161
2
95.3211 84.9857
0 0 0.999522 -0.0308998
3
71.851 92.7608
72.9888 74.3759
118.791 77.2106
117.653 95.5954
2
93.482 83.7528
0 0 0.998088 -0.0618163
3
69.5759 90.0611
71.8489 71.7818
117.388 77.4445
115.115 95.7237
2
91.7228 82.4085
0 0 0.995697 -0.0926736
3
67.4722 87.2258
70.8716 69.1222
115.973 77.5912
112.574 95.6948
2
89.6378 83.1534
0 0 0.998088 -0.0618163
3
65.7317 89.4617
68.0046 71.1825
113.544 76.8451
111.271 95.1244
2
87.6029 84.0259
0 0 0.999522 -0.0308998
3
64.1328 91.801
65.2706 73.4162
111.073 76.2508
109.935 94.6357
2
85.6259 85.0226
0 0 1 4.63287e-05
3
62.6817 94.2348
62.68 75.8148
108.57 75.8105
108.572 94.2305
2
83.7143 86.1397
0 0 0.99952 0.0309924
3
61.384 96.7536
60.2428 78.369
106.045 75.5259
107.186 93.9105
2
81.8755 87.373
0 0 0.998082 0.0619088
3
60.2445 99.3479
57.9682 81.0691
103.506 75.398
105.783 93.6768
2
79.8404 86.5008
0 0 0.99952 0.0309924
3
57.5101 97.1147
56.3689 78.7301
102.171 75.887
103.312 94.2716
2
77.8632 85.5045
0 0 1 4.63287e-05
3
54.9191 94.7166
54.9174 76.2966
100.807 76.2924
100.809 94.7124
2
75.9514 84.3877
0 0 0.999522 -0.0308998
3
52.4813 92.1628
53.6191 73.778
99.4215 76.6126
98.2837 94.9975
2
74.1124 83.1549
0 0 0.998088 -0.0618163
3
50.2063 89.4632
52.4792 71.1839
98.0185 76.8466
95.7455 95.1258
2
72.3531 81.8106
0 0 0.995697 -0.0926736
3
48.1025 86.6279
51.5019 68.5243
96.6037 76.9933
93.2043 95.0969
2
70.6804 80.36
0 0 0.992352 -0.123442
3
46.1783 83.6679
50.6911 65.8093
95.1825 77.0521
90.6697 94.9108
2
69.1006 78.8088
0 0 0.988056 -0.154092
3
44.4408 80.5946
50.0497 63.0493
93.7605 77.023
88.1515 94.5683
2
67.6198 77.1628
0 0 0.982815 -0.184595
3
42.8967 77.4196
49.5803 60.255
92.3429 76.9059
85.6593 94.0706
2
66.2437 75.4283
0 0 0.976631 -0.214921
3
41.5521 74.1552
49.2847 57.4369
90.9353 76.7014
83.2027 93.4197
2
64.9775 73.6121
0 0 0.969513 -0.245041
3
40.4119 70.8139
49.164 54.606
89.5431 76.4102
80.791 92.6181
2
63.8261 71.7209
0 0 0.961465 -0.274926
3
39.4807 67.4085
49.2186 51.773
88.1715 76.0334
78.4335 91.6689
2
62.7939 69.7622
0 0 0.952497 -0.304548
3
38.7618 63.952
49.4484 48.9489
86.8259 75.5725
76.1393 90.5756
2
64.7632 70.3861
0 0 0.942616 -0.333878
3
41.1366 63.1002
52.7309 48.787
88.3897 77.6719
76.7955 91.9852
2
66.6901 71.1305
0 0 0.931833 -0.362889
3
43.5595 62.3971
56.017 48.8284
89.8207 79.864
77.3632 93.4326
2
68.5673 71.9928
0 0 0.920156 -0.391551
3
46.0213 61.8451
59.2943 49.0731
91.1133 82.1404
77.8402 94.9124
2
70.3875 72.9695
0 0 0.907599 -0.419839
3
48.5124 61.4465
62.5502 49.5201
92.2626 84.4924
78.2249 96.4188
2
72.1438 74.0569
0 0 0.894172 -0.447725
3
51.0235 61.2028
65.7721 50.1676
93.2642 86.9111
78.5156 97.9462
2
73.8296 75.2509
0 0 0.879888 -0.475181
3
53.5449 61.1148
68.9479 51.0132
94.1142 89.387
78.7112 99.4886
2
75.4382 76.5469
0 0 0.864762 -0.502183
3
56.0668 61.1831
72.0653 52.0537
94.8095 91.9108
78.811 101.04
2
76.9635 77.94
0 0 0.848807 -0.528703
3
58.5797 61.4072
75.1123 53.2849
95.3473 94.4728
78.8147 102.595
2
78.3998 79.4247
0 0 0.832039 -0.554717
3
61.0739 61.7863
78.0773 54.7024
95.7256 97.0631
78.7222 104.147
2
79.7414 80.9954
0 0 0.814474 -0.5802
3
63.5399 62.319
80.949 56.3005
95.9429 99.6719
78.5339 105.69
2
80.9833 82.6462
0 0 0.796129 -0.605127
3
65.9683 63.0032
83.7163 58.0733
95.9984 102.289
78.2504 107.219
2
82.1207 84.3706
0 0 0.777021 -0.629474
3
68.3496 63.8364
86.3686 60.0138
95.8919 104.905
77.8729 108.727
2
83.1493 86.162
0 0 0.75717 -0.653218
3
70.6748 64.8153
88.8958 62.1147
95.6238 107.509
77.4028 110.209
2
84.0651 88.0137
0 0 0.736592 -0.676337
3
72.9351 65.9361
91.2882 64.3679
95.1951 110.091
76.842 111.659
2
84.8645 89.9184
0 0 0.71531 -0.698808
3
75.1216 67.1946
93.5366 66.7648
94.6075 112.642
76.1925 113.072
2
85.5446 91.869
0 0 0.693342 -0.720609
3
77.2261 68.586
95.6324 69.2962
93.8632 115.152
75.4569 114.442
2
86.1028 93.8579
0 0 0.67071 -0.74172
3
79.2405 70.1049
97.5677 71.9524
92.965 117.611
74.6379 115.763
2
86.5368 95.8775
0 0 0.647435 -0.762121
3
81.1571 71.7455
99.3349 74.7232
91.9165 120.01
73.7387 117.032
2
86.8451 97.9202
0 0 0.62354 -0.781791
3
82.9686 73.5015
100.927 77.598
90.7216 122.339
72.7628 118.242
2
87.0264 99.9779
0 0 0.599048 -0.800713
3
84.6679 75.3662
102.339 80.5659
89.3848 124.59
71.7139 119.39
2
87.08 102.043
0 0 0.573982 -0.818868
3
86.2486 77.3325
103.564 83.6153
87.9114 126.753
70.5961 120.471
2
87.0058 104.107
0 0 0.548367 -0.836238
3
87.7046 79.3928
104.598 86.7348
86.307 128.822
69.4135 121.48
2
85.6404 105.657
0 0 0.573982 -0.818868
3
84.809 80.947
102.124 87.2299
86.4718 130.368
69.1564 124.085
2
84.3735 107.289
0 0 0.599048 -0.800713
3
82.015 82.6774
99.6859 87.8771
86.732 131.901
69.0611 126.701
2
83.21 108.996
0 0 0.62354 -0.781791
3
79.3335 84.5773
97.2922 88.6739
87.0865 133.415
69.1278 129.318
2
82.1543 110.772
0 0 0.647435 -0.762121
3
76.7746 86.6395
94.9523 89.6172
87.5339 134.904
69.3562 131.926
2
82.4625 112.814
0 0 0.62354 -0.781791
3
78.586 88.3955
96.5447 92.492
86.339 137.233
68.3803 133.136
2
82.6438 114.872
0 0 0.599048 -0.800713
3
80.2853 90.2602
97.9562 95.4599
85.0023 139.484
67.3314 134.284
2
82.6975 116.937
0 0 0.573982 -0.818868
3
81.8661 92.2265
99.1814 98.5094
83.5289 141.647
66.2135 135.365
2
82.6233 119.001
0 0 0.548367 -0.836238
3
83.3221 94.2868
100.216 101.629
81.9244 143.716
65.0309 136.374
2
81.2579 120.551
0 0 0.573982 -0.818868
3
80.4264 95.8411
97.7418 102.124
82.0893 145.262
64.7739 138.979
2
79.991 122.183
0 0 0.599048 -0.800713
3
77.6325 97.5714
95.3034 102.771
82.3494 146.795
64.6786 141.595
2
78.8274 123.89
0 0 0.62354 -0.781791
3
74.9509 99.4714
92.9096 103.568
82.7039 148.309
64.7452 144.212
2
77.7717 125.666
0 0 0.647435 -0.762121
3
72.392 101.534
90.5698 104.511
83.1514 149.798
64.9736 146.82
2
76.8279 127.503
0 0 0.67071 -0.74172
3
69.9656 103.75
88.2927 105.598
83.6901 151.256
65.363 149.409
2
75.9995 129.395
0 0 0.693342 -0.720609
3
67.681 106.112
86.0873 106.823
84.318 152.678
65.9117 151.968
2
76.5576 131.384
0 0 0.67071 -0.74172
3
69.6954 107.631
88.0225 109.479
83.4198 155.137
65.0927 153.29
2
76.9916 133.404
0 0 0.647435 -0.762121
3
71.612 109.272
89.7897 112.25
82.3713 157.536
64.1936 154.558
2
77.2999 135.447
0 0 0.62354 -0.781791
3
73.4234 111.028
91.3821 115.124
81.1764 159.865
63.2177 155.769
2
76.2442 137.222
0 0 0.647435 -0.762121
3
70.8645 113.09
89.0422 116.068
81.6238 161.354
63.4461 158.377
2
75.3003 139.06
0 0 0.67071 -0.74172
3
68.4381 115.307
86.7652 117.154
82.1626 162.813
63.8354 160.965
2
74.4719 140.952
0 0 0.693342 -0.720609
3
66.1534 117.669
84.5597 118.379
82.7905 164.235
64.3842 163.525
2
73.7622 142.892
0 0 0.71531 -0.698808
3
64.0193 120.168
82.4343 119.738
83.5051 165.616
65.0902 166.046
2
73.8078 144.845
0 0 0.71531 -0.698808
3
64.0649 122.121
82.4799 121.692
83.5507 167.569
65.1358 167.999
2
73.8534 146.798
0 0 0.71531 -0.698808
3
64.1105 124.075
82.5255 123.645
83.5963 169.522
65.1814 169.952
2
73.899 148.752
0 0 0.71531 -0.698808
3
64.1561 126.028
82.5711 125.598
83.6419 171.475
65.2269 171.905
2
73.9446 150.705
0 0 0.71531 -0.698808
3
64.2017 127.981
82.6166 127.551
83.6875 173.429
65.2725 173.859
2
73.9902 152.658
0 0 0.71531 -0.698808
3
64.2473 129.934
82.6622 129.504
83.7331 175.382
65.3181 175.812
2
74.0358 154.611
0 0 0.71531 -0.698808
3
64.2928 131.887
82.7078 131.458
83.7787 177.335
65.3637 177.765
2
74.0814 156.565
0 0 0.71531 -0.698808
3
64.3384 133.841
82.7534 133.411
83.8243 179.288
65.4093 179.718
2
74.127 158.518
0 0 0.71531 -0.698808
3
64.384 135.794
82.799 135.364
83.8699 181.242
65.4549 181.671
2
74.1726 160.471
0 0 0.71531 -0.698808
3
64.4296 137.747
82.8446 137.317
83.9155 183.195
65.5005 183.625
2
74.2182 162.424
0 0 0.71531 -0.698808
3
64.4752 139.7
82.8902 139.27
83.9611 185.148
65.5461 185.578
2
74.2637 164.377
0 0 0.71531 -0.698808
3
64.5208 141.654
82.9358 141.224
84.0067 187.101
65.5917 187.531
2
74.3093 166.331
0 0 0.71531 -0.698808
3
64.5664 143.607
82.9814 143.177
84.0523 189.054
65.6373 189.484
2
74.3549 168.284
0 0 0.71531 -0.698808
3
64.612 145.56
83.027 145.13
84.0979 191.008
65.6829 191.437
2
74.4005 170.237
0 0 0.71531 -0.698808
3
64.6576 147.513
83.0726 147.083
84.1435 192.961
65.7285 193.391
2
74.4461 172.19
0 0 0.71531 -0.698808
3
64.7032 149.466
83.1182 149.037
84.189 194.914
65.7741 195.344
2
74.4917 174.143
0 0 0.71531 -0.698808
3
64.7488 151.42
83.1638 150.99
84.2346 196.867
65.8197 197.297
2
74.5373 176.097
0 0 0.71531 -0.698808
3
64.7944 153.373
83.2094 152.943
84.2802 198.821
65.8653 199.25
2
74.5829 178.05
0 0 0.71531 -0.698808
3
64.84 155.326
83.255 154.896
84.3258 200.774
65.9108 201.204
2
74.6285 180.003
0 0 0.71531 -0.698808
3
64.8856 157.279
83.3005 156.849
84.3714 202.727
65.9564 203.157
2
74.6741 181.956
0 0 0.71531 -0.698808
3
64.9312 159.233
83.3461 158.803
84.417 204.68
66.002 205.11
2
74.7197 183.91
0 0 0.71531 -0.698808
3
64.9767 161.186
83.3917 160.756
84.4626 206.633
66.0476 207.063
2
74.7653 185.863
0 0 0.71531 -0.698808
3
65.0223 163.139
83.4373 162.709
84.5082 208.587
66.0932 209.016
2
74.8109 187.816
0 0 0.71531 -0.698808
3
65.0679 165.092
83.4829 164.662
84.5538 210.54
66.1388 210.97
2
74.8565 189.769
0 0 0.71531 -0.698808
3
65.1135 167.045
83.5285 166.616
84.5994 212.493
66.1844 212.923
2
74.9021 191.722
0 0 0.71531 -0.698808
3
65.1591 168.999
83.5741 168.569
84.645 214.446
66.23 214.876
2
74.9476 193.676
0 0 0.71531 -0.698808
3
65.2047 170.952
83.6197 170.522
84.6906 216.399
66.2756 216.829
2
74.9932 195.629
0 0 0.71531 -0.698808
3
65.2503 172.905
83.6653 172.475
84.7362 218.353
66.3212 218.783
2
75.0388 197.582
0 0 0.71531 -0.698808
3
65.2959 174.858
83.7109 174.428
84.7818 220.306
66.3668 220.736
2
75.0844 199.535
0 0 0.71531 -0.698808
3
65.3415 176.811
83.7565 176.382
84.8274 222.259
66.4124 222.689
2
75.13 201.489
0 0 0.71531 -0.698808
3
65.3871 178.765
83.8021 178.335
84.8729 224.212
66.458 224.642
2
75.1756 203.442
0 0 0.71531 -0.698808
3
65.4327 180.718
83.8477 180.288
84.9185 226.166
66.5036 226.595
2
75.2212 205.395
0 0 0.71531 -0.698808
3
65.4783 182.671
83.8933 182.241
84.9641 228.119
66.5492 228.549
2
75.2668 207.348
0 0 0.71531 -0.698808
3
65.5239 184.624
83.9389 184.194
85.0097 230.072
66.5947 230.502
2
75.3124 209.301
0 0 0.71531 -0.698808
3
65.5695 186.578
83.9844 186.148
85.0553 232.025
66.6403 232.455
2
75.358 211.255
0 0 0.71531 -0.698808
3
65.6151 188.531
84.03 188.101
85.1009 233.978
66.6859 234.408
2
75.4036 213.208
0 0 0.71531 -0.698808
3
65.6606 190.484
84.0756 190.054
85.1465 235.932
66.7315 236.361
2
75.4492 215.161
0 0 0.71531 -0.698808
3
65.7062 192.437
84.1212 192.007
85.1921 237.885
66.7771 238.315
2
75.4948 217.114
0 0 0.71531 -0.698808
3
65.7518 194.39
84.1668 193.961
85.2377 239.838
66.8227 240.268
2
75.5404 219.067
0 0 0.71531 -0.698808
3
65.7974 196.344
84.2124 195.914
85.2833 241.791
66.8683 242.221
2
75.586 221.021
0 0 0.71531 -0.698808
3
65.843 198.297
84.258 197.867
85.3289 243.744
66.9139 244.174
2
75.6315 222.974
0 0 0.71531 -0.698808
3
65.8886 200.25
84.3036 199.82
85.3745 245.698
66.9595 246.128
2
75.6771 224.927
0 0 0.71531 -0.698808
3
65.9342 202.203
84.3492 201.773
85.4201 247.651
67.0051 248.081
2
75.7227 226.88
0 0 0.71531 -0.698808
3
65.9798 204.156
84.3948 203.727
85.4657 249.604
67.0507 250.034
2
75.7683 228.834
0 0 0.71531 -0.698808
3
66.0254 206.11
84.4404 205.68
85.5113 251.557
67.0963 251.987
2
75.8139 230.787
0 0 0.71531 -0.698808
3
66.071 208.063
84.486 207.633
85.5568 253.511
67.1419 253.94
2
75.8595 232.74
0 0 0.71531 -0.698808
3
66.1166 210.016
84.5316 209.586
85.6024 255.464
67.1875 255.894
2
75.9051 234.693
0 0 0.71531 -0.698808
3
66.1622 211.969
84.5772 211.54
85.648 257.417
67.233 257.847
2
75.9507 236.646
0 0 0.71531 -0.698808
3
66.2078 213.923
84.6228 213.493
85.6936 259.37
67.2786 259.8
2
75.9963 238.6
0 0 0.71531 -0.698808
3
66.2534 215.876
84.6683 215.446
85.7392 261.323
67.3242 261.753
2
76.0419 240.553
0 0 0.71531 -0.698808
3
66.299 217.829
84.7139 217.399
85.7848 263.277
67.3698 263.707
2
76.0875 242.506
0 0 0.71531 -0.698808
3
66.3445 219.782
84.7595 219.352
85.8304 265.23
67.4154 265.66
2
76.1331 244.459
0 0 0.71531 -0.698808
3
66.3901 221.735
84.8051 221.306
85.876 267.183
67.461 267.613
2
76.1787 246.412
0 0 0.71531 -0.698808
3
66.4357 223.689
84.8507 223.259
85.9216 269.136
67.5066 269.566
2
76.2243 248.366
0 0 0.71531 -0.698808
3
66.4813 225.642
84.8963 225.212
85.9672 271.09
67.5522 271.519
2
76.2699 250.319
0 0 0.71531 -0.698808
3
66.5269 227.595
84.9419 227.165
86.0128 273.043
67.5978 273.473
2
76.3154 252.272
0 0 0.71531 -0.698808
3
66.5725 229.548
84.9875 229.118
86.0584 274.996
67.6434 275.426
2
76.361 254.225
0 0 0.71531 -0.698808
3
66.6181 231.502
85.0331 231.072
86.104 276.949
67.689 277.379
2
76.4066 256.179
0 0 0.71531 -0.698808
3
66.6637 233.455
85.0787 233.025
86.1496 278.902
67.7346 279.332
2
76.4522 258.132
0 0 0.71531 -0.698808
3
66.7093 235.408
85.1243 234.978
86.1952 280.856
67.7802 281.285
2
76.4978 260.085
0 0 0.71531 -0.698808
3
66.7549 237.361
85.1699 236.931
86.2407 282.809
67.8258 283.239
2
76.5434 262.038
0 0 0.71531 -0.698808
3
66.8005 239.314
85.2155 238.885
86.2863 284.762
67.8714 285.192
2
76.589 263.991
0 0 0.71531 -0.698808
3
66.8461 241.268
85.2611 240.838
86.3319 286.715
67.9169 287.145
2
76.6346 265.945
0 0 0.71531 -0.698808
3
66.8917 243.221
85.3066 242.791
86.3775 288.668
67.9625 289.098
2
77.3147 267.895
0 0 0.693342 -0.720609
3
68.9962 244.612
87.4025 245.322
85.6332 291.178
67.2269 290.468
2
77.2394 269.848
0 0 0.693342 -0.720609
3
68.9209 246.565
87.3272 247.275
85.5579 293.131
67.1516 292.42
2
77.164 271.8
0 0 0.693342 -0.720609
3
68.8455 248.517
87.2518 249.227
85.4826 295.083
67.0763 294.373
2
77.0887 273.752
0 0 0.693342 -0.720609
3
68.7702 250.469
87.1765 251.179
85.4072 297.035
67.0009 296.325
2
77.0134 275.704
0 0 0.693342 -0.720609
3
68.6949 252.421
87.1012 253.132
85.3319 298.987
66.9256 298.277
2
76.9381 277.657
0 0 0.693342 -0.720609
3
68.6196 254.374
87.0259 255.084
85.2566 300.94
66.8503 300.23
2
76.8627 279.609
0 0 0.693342 -0.720609
3
68.5442 256.326
86.9505 257.036
85.1813 302.892
66.775 302.182
2
76.7874 281.561
0 0 0.693342 -0.720609
3
68.4689 258.278
86.8752 258.988
85.1059 304.844
66.6996 304.134
2
76.7121 283.514
0 0 0.693342 -0.720609
3
68.3936 260.231
86.7999 260.941
85.0306 306.797
66.6243 306.086
2
76.6368 285.466
0 0 0.693342 -0.720609
3
68.3183 262.183
86.7246 262.893
84.9553 308.749
66.549 308.039
2
76.5614 287.418
0 0 0.693342 -0.720609
3
68.2429 264.135
86.6492 264.845
84.88 310.701
66.4737 309.991
2
76.4861 289.371
0 0 0.693342 -0.720609
3
68.1676 266.088
86.5739 266.798
84.8046 312.654
66.3983 311.943
2
77.0443 291.359
0 0 0.67071 -0.74172
3
70.182 267.606
88.5091 269.454
83.9065 315.112
65.5794 313.265
2
77.4783 293.379
0 0 0.647435 -0.762121
3
72.0986 269.247
90.2763 272.225
82.8579 317.511
64.6802 314.533
2
77.7865 295.422
0 0 0.62354 -0.781791
3
73.91 271.003
91.8687 275.1
81.663 319.84
63.7043 315.744
2
77.9678 297.479
0 0 0.599048 -0.800713
3
75.6094 272.868
93.2802 278.067
80.3263 322.091
62.6554 316.891
2
76.8043 299.186
0 0 0.62354 -0.781791
3
72.9278 274.768
90.8865 278.864
80.6808 323.605
62.7221 319.508
2
75.7486 300.962
0 0 0.647435 -0.762121
3
70.3689 276.83
88.5466 279.808
81.1283 325.094
62.9505 322.116
2
74.8047 302.799
0 0 0.67071 -0.74172
3
67.9425 279.046
86.2696 280.894
81.667 326.552
63.3398 324.705
2
73.9763 304.692
0 0 0.693342 -0.720609
3
65.6578 281.409
84.0641 282.119
82.2949 327.975
63.8886 327.265
2
73.2666 306.632
0 0 0.71531 -0.698808
3
63.5237 283.908
81.9387 283.478
83.0096 329.356
64.5946 329.785
2
73.9467 308.582
0 0 0.693342 -0.720609
3
65.6282 285.299
84.0345 286.009
82.2653 331.865
63.8589 331.155
2
74.5049 310.571
0 0 0.67071 -0.74172
3
67.6426 286.818
85.9697 288.666
81.3671 334.324
63.04 332.477
2
74.9389 312.591
0 0 0.647435 -0.762121
3
69.5592 288.459
87.7369 291.436
80.3186 336.723
62.1408 333.745
2
75.2471 314.633
0 0 0.62354 -0.781791
3
71.3706 290.215
89.3294 294.311
79.1236 339.052
61.1649 334.956
2
74.1914 316.409
0 0 0.647435 -0.762121
3
68.8118 292.277
86.9895 295.255
79.5711 340.541
61.3934 337.563
2
73.2476 318.247
0 0 0.67071 -0.74172
3
66.3853 294.493
84.7125 296.341
80.1098 342
61.7827 340.152
2
72.4192 320.139
0 0 0.693342 -0.720609
3
64.1007 296.856
82.507 297.566
80.7377 343.422
62.3314 342.712
2
71.7095 322.079
0 0 0.71531 -0.698808
3
61.9665 299.355
80.3815 298.925
81.4524 344.803
63.0374 345.233
2
71.1211 324.059
0 0 0.736592 -0.676337
3
59.9911 301.981
78.3442 300.413
82.2511 346.137
63.898 347.705
2
70.6564 326.072
0 0 0.75717 -0.653218
3
58.1819 304.725
76.4029 302.024
83.1309 347.419
64.9099 350.119
2
70.3171 328.11
0 0 0.777021 -0.629474
3
56.5459 307.575
74.5649 303.753
84.0882 348.644
66.0692 352.466
2
70.1045 330.164
0 0 0.796129 -0.605127
3
55.0894 310.521
72.8374 305.591
85.1195 349.807
67.3715 354.737
2
70.0194 332.228
0 0 0.814474 -0.5802
3
53.8179 313.552
71.2269 307.533
86.2209 350.905
68.8118 356.923
2
70.0621 334.294
0 0 0.832039 -0.554717
3
52.7363 316.655
69.7397 309.571
87.3879 351.932
70.3846 359.016
2
70.2326 336.352
0 0 0.848807 -0.528703
3
51.8488 319.819
68.3814 311.697
88.6164 352.885
72.0838 361.007
2
70.53 338.396
0 0 0.864762 -0.502183
3
51.1587 323.033
67.1571 313.903
89.9014 353.76
73.9029 362.89
2
70.9534 340.418
0 0 0.879888 -0.475181
3
50.6687 326.282
66.0717 316.181
91.2381 354.554
75.835 364.656
2
71.501 342.41
0 0 0.894172 -0.447725
3
50.3807 329.556
65.1293 318.521
92.6213 355.264
77.8727 366.299
2
72.1708 344.364
0 0 0.907599 -0.419839
3
50.2957 332.841
64.3334 320.915
94.0459 355.887
80.0081 367.814
2
72.9602 346.273
0 0 0.920156 -0.391551
3
50.4142 336.126
63.6872 323.354
95.5062 356.421
82.2332 369.193
2
73.8662 348.13
0 0 0.931833 -0.362889
3
50.7356 339.396
63.1931 325.828
96.9968 356.863
84.5393 370.432
2
74.8853 349.927
0 0 0.942616 -0.333878
3
51.2587 342.641
62.853 328.327
98.5118 357.212
86.9176 371.526
2
76.0136 351.657
0 0 0.952497 -0.304548
3
51.9815 345.847
62.6681 330.844
100.046 357.467
89.359 372.47
2
77.2467 353.314
0 0 0.961465 -0.274926
3
52.9013 349.002
62.6393 333.366
101.592 357.627
91.8542 373.262
2
78.5801 354.892
0 0 0.969513 -0.245041
3
54.0145 352.094
62.7666 335.886
103.146 357.69
94.3936 373.898
2
80.0085 356.384
0 0 0.976631 -0.214921
3
55.3168 355.111
63.0495 338.393
104.7 357.657
96.9674 374.376
2
81.5264 357.785
0 0 0.982815 -0.184595
3
56.8033 358.042
63.487 340.878
106.25 357.529
99.5659 374.693
2
83.1282 359.09
0 0 0.988056 -0.154092
3
58.4683 360.876
64.0773 343.33
107.788 357.304
102.179 374.849
2
84.8075 360.293
0 0 0.992352 -0.123442
3
60.3054 363.601
64.8182 345.742
109.31 356.985
104.797 374.844
2
86.5581 361.389
0 0 0.995697 -0.0926736
3
62.3075 366.207
65.7069 348.103
110.809 356.572
107.409 374.676
2
88.3732 362.376
0 0 0.998088 -0.0618163
3
64.4671 368.684
66.74 350.405
112.279 356.068
110.006 374.347
2
90.2458 363.248
0 0 0.999522 -0.0308998
3
66.7757 371.023
67.9135 352.638
113.716 355.473
112.578 373.858
2
92.1687 364.003
0 0 1 4.63287e-05
3
69.2246 373.215
69.2229 354.795
115.113 354.79
115.115 373.21
2
94.1225 364.002
0 0 1 4.63287e-05
3
71.1783 373.215
71.1766 354.795
117.067 354.79
117.068 373.21
2
96.0762 364.002
0 0 1 4.63287e-05
3
73.1321 373.214
73.1304 354.794
119.02 354.79
119.022 373.21
2
98.03 364.002
0 0 1 4.63287e-05
3
75.0859 373.214
75.0841 354.794
120.974 354.79
120.976 373.21
2
99.9837 364.002
0 0 1 4.63287e-05
3
77.0396 373.214
77.0379 354.794
122.928 354.79
122.93 373.21
2
101.938 364.002
0 0 1 4.63287e-05
3
78.9934 373.214
78.9916 354.794
124.882 354.79
124.883 373.21
2
103.891 364.001
0 0 1 4.63287e-05
3
80.9471 373.214
80.9454 354.794
126.835 354.789
126.837 373.209
2
105.845 364.001
0 0 1 4.63287e-05
3
82.9009 373.213
82.8991 354.793
128.789 354.789
128.791 373.209
