1
317.201 50.847 6.24448
1
315.249 50.9226 6.24448
1
313.296 50.9982 6.24448
1
311.35 50.8321 0.0231988
1
309.417 50.546 0.0851008
1
307.506 50.1408 0.147003
1
305.553 50.0955 0.0851008
1
303.6 50.1711 0.0231988
1
301.656 50.3673 6.24448
1
299.728 50.6834 6.18258
1
297.824 51.1182 6.12068
1
295.949 51.6699 6.05878
1
294.113 52.3366 5.99687
1
292.321 53.1156 5.93497
1
290.581 54.0039 5.87307
1
288.899 54.9982 5.81117
1
287.282 56.0946 5.74927
1
285.736 57.289 5.68736
1
284.267 58.5767 5.62546
1
282.88 59.9529 5.56356
1
281.581 61.4122 5.50166
1
280.374 62.9491 5.43976
1
279.266 64.5576 5.37785
1
278.258 66.2317 5.31595
1
277.357 67.9649 5.25405
1
276.564 69.7505 5.19215
1
275.883 71.5818 5.13025
1
275.317 73.4517 5.06834
1
274.867 75.353 5.00644
1
274.536 77.2785 4.94454
1
274.325 79.2208 4.88264
1
274.234 81.1725 4.82073
1
274.264 83.126 4.75883
1
274.415 85.0739 4.69693
1
274.686 87.0087 4.63503
1
275.077 88.9231 4.57313
1
275.585 90.8096 4.51122
1
276.209 92.6611 4.44932
1
276.946 94.4705 4.38742
1
277.793 96.2308 4.32552
1
278.748 97.9352 4.26362
1
279.807 99.5774 4.20171
1
280.762 101.282 4.20171
1
281.717 102.986 4.20171
1
282.454 104.796 4.26362
1
283.302 106.556 4.26362
1
284.149 108.316 4.26362
1
285.208 109.958 4.20171
1
285.945 111.768 4.26362
1
286.793 113.528 4.26362
1
287.64 115.288 4.26362
1
288.699 116.931 4.20171
1
289.857 118.504 4.13981
1
290.915 120.146 4.13981
1
291.974 121.788 4.13981
1
293.227 123.287 4.07791
1
294.571 124.706 4.01601
1
295.999 126.038 3.95411
1
297.508 127.28 3.8922
1
299.09 128.426 3.8303
1
300.74 129.472 3.7684
1
302.452 130.414 3.7065
1
304.219 131.248 3.6446
1
305.801 132.394 3.7065
1
307.31 133.635 3.7684
1
309.021 134.577 3.7065
1
310.788 135.411 3.6446
1
312.603 136.135 3.58269
1
314.459 136.744 3.52079
1
316.171 137.686 3.58269
1
317.821 138.732 3.6446
1
319.404 139.878 3.7065
1
320.912 141.12 3.7684
1
322.341 142.452 3.8303
1
323.684 143.871 3.8922
1
324.938 145.37 3.95411
1
326.446 146.611 3.8922
1
328.028 147.757 3.8303
1
329.679 148.803 3.7684
1
331.39 149.745 3.7065
1
333.157 150.579 3.6446
1
334.972 151.302 3.58269
1
336.828 151.912 3.52079
1
338.719 152.406 3.45889
1
340.485 153.24 3.52079
1
342.197 154.181 3.58269
1
343.847 155.227 3.6446
1
345.43 156.373 3.7065
1
346.938 157.615 3.7684
1
348.367 158.948 3.8303
1
349.71 160.366 3.8922
1
350.964 161.865 3.95411
1
352.122 163.438 4.01601
1
353.18 165.081 4.07791
1
354.135 166.785 4.13981
1
354.983 168.545 4.20171
1
355.72 170.355 4.26362
1
356.344 172.206 4.32552
1
356.852 174.093 4.38742
1
357.242 176.007 4.44932
1
357.513 177.942 4.51122
1
357.664 179.89 4.57313
1
357.695 181.843 4.63503
1
357.604 183.795 4.69693
1
357.393 185.737 4.75883
1
357.062 187.663 4.82073
1
356.612 189.564 4.88264
1
356.046 191.434 4.94454
1
355.365 193.265 5.00644
1
354.572 195.051 5.06834
1
353.67 196.784 5.13025
1
352.878 198.57 5.13025
1
352.085 200.355 5.13025
1
351.292 202.141 5.13025
1
350.499 203.927 5.13025
1
349.706 205.712 5.13025
1
348.913 207.498 5.13025
1
348.12 209.284 5.13025
1
347.328 211.069 5.13025
1
346.535 212.855 5.13025
1
345.742 214.641 5.13025
1
344.949 216.426 5.13025
1
344.156 218.212 5.13025
1
343.363 219.998 5.13025
1
342.797 221.867 5.06834
1
341.895 223.601 5.13025
1
340.888 225.275 5.19215
1
339.779 226.883 5.25405
1
338.573 228.42 5.31595
1
337.274 229.879 5.37785
1
335.887 231.256 5.43976
1
334.418 232.543 5.50166
1
332.871 233.738 5.56356
1
331.254 234.834 5.62546
1
329.573 235.828 5.68736
1
327.832 236.717 5.74927
1
326.041 237.496 5.81117
1
324.204 238.162 5.87307
1
322.33 238.714 5.93497
1
320.425 239.149 5.99687
1
318.497 239.465 6.05878
1
316.553 239.661 6.12068
1
314.601 239.737 6.18258
1
312.648 239.692 6.24448
1
310.701 239.525 0.0231988
1
308.768 239.239 0.0851008
1
306.857 238.834 0.147003
1
304.904 238.789 0.0851008
1
302.952 238.864 0.0231988
1
301.008 239.061 6.24448
1
299.08 239.377 6.18258
1
297.127 239.331 6.24448
1
295.18 239.165 0.0231988
1
293.247 238.879 0.0851008
1
291.336 238.474 0.147003
1
289.453 237.951 0.208905
1
287.507 237.785 0.147003
1
285.553 237.74 0.0851008
1
283.601 237.816 0.0231988
1
281.657 238.012 6.24448
1
279.729 238.328 6.18258
1
277.776 238.283 6.24448
1
275.829 238.116 0.0231987
1
273.897 237.83 0.0851008
1
271.985 237.425 0.147003
1
270.103 236.902 0.208905
1
268.256 236.264 0.270807
1
266.453 235.513 0.332709
1
264.699 234.652 0.394611
1
262.895 233.901 0.394611
1
261.092 233.15 0.394611
1
259.288 232.399 0.394611
1
257.485 231.648 0.394611
1
255.681 230.896 0.394611
1
253.877 230.145 0.394611
1
252.074 229.394 0.394611
1
250.27 228.643 0.394611
1
248.467 227.892 0.394611
1
246.663 227.141 0.394611
1
244.859 226.39 0.394611
1
243.056 225.639 0.394611
1
241.252 224.888 0.394611
1
239.448 224.136 0.394611
1
237.645 223.385 0.394611
1
235.841 222.634 0.394611
1
234.038 221.883 0.394611
1
232.234 221.132 0.394611
1
230.43 220.381 0.394611
1
228.627 219.63 0.394611
1
226.823 218.879 0.394611
1
225.02 218.127 0.394611
1
223.216 217.376 0.394611
1
221.412 216.625 0.394611
1
219.609 215.874 0.394611
1
217.805 215.123 0.394611
1
216.002 214.372 0.394611
1
214.198 213.621 0.394611
1
212.394 212.87 0.394611
1
210.591 212.119 0.394611
1
208.787 211.367 0.394611
1
206.984 210.616 0.394611
1
205.18 209.865 0.394611
1
203.376 209.114 0.394611
1
201.679 208.146 0.456513
1
200.045 207.075 0.518415
1
198.481 205.905 0.580317
1
196.992 204.64 0.642219
1
195.584 203.285 0.704121
1
194.262 201.846 0.766024
1
193.032 200.328 0.827926
1
191.899 198.737 0.889828
1
190.866 197.079 0.95173
1
189.937 195.36 1.01363
1
189.117 193.587 1.07553
1
188.407 191.766 1.13744
1
187.587 189.993 1.13744
1
186.992 188.132 1.19934
1
186.513 186.238 1.26124
1
186.152 184.318 1.32314
1
185.911 182.379 1.38504
1
185.79 180.429 1.44695
1
185.548 178.49 1.44695
1
185.307 176.552 1.44695
1
185.066 174.613 1.44695
1
184.824 172.674 1.44695
1
184.583 170.735 1.44695
1
184.342 168.796 1.44695
1
184.342 166.843 1.50885
1
184.462 164.893 1.57075
1
184.703 162.954 1.63265
1
185.064 161.034 1.69455
1
185.543 159.14 1.75646
1
185.904 157.219 1.75646
1
186.264 155.299 1.75646
1
186.385 153.349 1.69455
1
186.385 151.395 1.63265
1
186.264 149.445 1.57075
1
186.505 147.507 1.63265
1
186.866 145.586 1.69455
1
187.344 143.692 1.75646
1
187.939 141.831 1.81836
1
188.648 140.011 1.88026
1
189.469 138.237 1.94216
1
189.947 136.343 1.88026
1
190.308 134.423 1.81836
1
190.549 132.484 1.75646
1
190.67 130.534 1.69455
1
190.67 128.581 1.63265
1
190.549 126.631 1.57075
1
190.308 124.692 1.50885
1
189.947 122.772 1.44695
1
189.468 120.877 1.38504
1
188.873 119.017 1.32314
1
188.164 117.196 1.26124
1
187.803 115.276 1.32314
1
187.561 113.337 1.38504
1
187.44 111.387 1.44695
1
187.44 109.433 1.50885
1
187.561 107.483 1.57075
1
187.802 105.545 1.63265
1
188.163 103.624 1.69455
1
188.642 101.73 1.75646
1
189.237 99.8693 1.81836
1
189.946 98.0487 1.88026
1
190.766 96.2755 1.94216
1
191.245 94.3813 1.88026
1
191.605 92.4611 1.81836
1
191.847 90.5223 1.75646
1
191.967 88.5723 1.69455
1
191.967 86.6186 1.63265
1
191.846 84.6686 1.57075
1
191.605 82.7298 1.50885
1
191.244 80.8096 1.44695
1
190.765 78.9155 1.38504
1
190.17 77.0546 1.32314
1
189.461 75.2341 1.26124
1
188.64 73.461 1.19934
1
187.712 71.742 1.13744
1
186.679 70.0837 1.07553
1
185.545 68.4925 1.01363
1
184.315 66.9745 0.95173
1
182.993 65.5355 0.889828
1
181.585 64.1811 0.827926
1
180.096 62.9163 0.766024
1
178.532 61.746 0.704121
1
176.898 60.6748 0.642219
1
175.201 59.7067 0.580317
1
173.447 58.8455 0.518415
1
171.644 58.0943 0.456513
1
169.797 57.4562 0.394611
1
167.914 56.9336 0.332709
1
166.003 56.5284 0.270807
1
164.071 56.2422 0.208905
1
162.124 56.0762 0.147003
1
160.171 56.0308 0.0851008
1
158.218 56.1064 0.0231988
1
156.274 56.3027 6.24448
1
154.346 56.6188 6.18258
1
152.442 57.0535 6.12068
1
150.568 57.6053 6.05878
1
148.731 58.272 5.99687
1
146.939 59.051 5.93497
1
145.199 59.9393 5.87307
1
143.517 60.9336 5.81117
1
141.777 61.8219 5.81117
1
140.037 62.7103 5.81117
1
138.297 63.5986 5.81117
1
136.557 64.4869 5.81117
1
134.817 65.3753 5.81117
1
133.077 66.2636 5.81117
1
131.337 67.152 5.81117
1
129.596 68.0403 5.81117
1
127.856 68.9286 5.81117
1
126.116 69.817 5.81117
1
124.376 70.7053 5.81117
1
122.636 71.5936 5.81117
1
120.896 72.482 5.81117
1
119.156 73.3703 5.81117
1
117.416 74.2586 5.81117
1
115.799 75.3551 5.74927
1
114.252 76.5494 5.68736
1
112.783 77.8371 5.62546
1
111.396 79.2133 5.56356
1
110.097 80.6726 5.50166
1
108.891 82.2095 5.43976
1
107.782 83.818 5.37785
1
106.775 85.4921 5.31595
1
105.873 87.2253 5.25405
1
105.08 89.011 5.19215
1
104.399 90.8422 5.13025
1
103.833 92.7121 5.06834
1
103.383 94.6135 5.00644
1
103.052 96.539 4.94454
1
102.841 98.4813 4.88264
1
102.75 100.433 4.82073
1
102.781 102.386 4.75883
1
102.932 104.334 4.69693
1
103.203 106.269 4.63503
1
103.593 108.184 4.57313
1
104.101 110.07 4.51122
1
104.725 111.922 4.44932
1
105.462 113.731 4.38742
1
106.31 115.491 4.32552
1
107.265 117.196 4.26362
1
108.323 118.838 4.20171
1
109.481 120.411 4.13981
1
110.329 122.172 4.20171
1
111.066 123.981 4.26362
1
111.69 125.832 4.32552
1
112.198 127.719 4.38742
1
112.588 129.633 4.44932
1
112.86 131.568 4.51122
1
113.011 133.516 4.57313
1
113.282 135.451 4.57313
1
113.553 137.386 4.57313
1
113.824 139.321 4.57313
1
114.095 141.255 4.57313
1
114.367 143.19 4.57313
1
114.638 145.125 4.57313
1
114.909 147.06 4.57313
1
115.18 148.995 4.57313
1
115.451 150.93 4.57313
1
115.723 152.864 4.57313
1
115.994 154.799 4.57313
1
116.265 156.734 4.57313
1
116.536 158.669 4.57313
1
116.808 160.604 4.57313
1
117.079 162.539 4.57313
1
117.35 164.473 4.57313
1
117.621 166.408 4.57313
1
117.892 168.343 4.57313
1
118.164 170.278 4.57313
1
118.435 172.213 4.57313
1
118.706 174.148 4.57313
1
118.977 176.082 4.57313
1
119.248 178.017 4.57313
1
119.52 179.952 4.57313
1
119.791 181.887 4.57313
1
120.062 183.822 4.57313
1
120.333 185.757 4.57313
1
120.604 187.691 4.57313
1
120.635 189.645 4.63503
1
120.544 191.596 4.69693
1
120.333 193.539 4.75883
1
120.002 195.464 4.82073
1
119.552 197.366 4.88264
1
118.986 199.236 4.94454
1
118.305 201.067 5.00644
1
117.512 202.852 5.06834
1
116.61 204.586 5.13025
1
115.603 206.26 5.19215
1
114.494 207.868 5.25405
1
113.288 209.405 5.31595
1
111.989 210.864 5.37785
1
110.602 212.241 5.43976
1
109.133 213.528 5.50166
1
107.586 214.723 5.56356
1
105.969 215.819 5.62546
1
104.288 216.813 5.68736
1
102.547 217.702 5.74927
1
100.756 218.481 5.81117
1
98.9192 219.147 5.87307
1
97.045 219.699 5.93497
1
95.1402 220.134 5.99687
1
93.2122 220.45 6.05878
1
91.2683 220.646 6.12068
1
89.316 220.722 6.18258
1
87.3628 220.677 6.24448
1
85.4161 220.51 0.0231986
1
83.4835 220.224 0.0851007
1
81.5722 219.819 0.147003
1
79.6896 219.296 0.208905
1
77.843 218.658 0.270807
1
76.0394 217.907 0.332709
1
74.2858 217.046 0.394611
1
72.4822 216.295 0.394611
1
70.6786 215.544 0.394611
1
68.875 214.793 0.394611
1
67.0714 214.042 0.394611
1
65.2678 213.29 0.394611
1
63.4642 212.539 0.394611
1
61.6606 211.788 0.394611
1
59.857 211.037 0.394611
1
58.0534 210.286 0.394611
1
56.2498 209.535 0.394611
1
54.4462 208.784 0.394611
1
52.6426 208.033 0.394611
1
50.839 207.282 0.394611
1
49.0354 206.53 0.394611
1
47.2318 205.779 0.394611
1
45.4282 205.028 0.394611
1
43.7312 204.06 0.456513
1
41.9775 203.199 0.456513
1
40.2238 202.338 0.456513
1
38.5899 201.266 0.518415
1
37.0254 200.096 0.580317
1
35.5363 198.831 0.642219
1
34.1283 197.477 0.704121
1
32.8068 196.038 0.766023
1
31.5768 194.52 0.827925
1
30.4431 192.929 0.889827
1
29.41 191.27 0.95173
1
28.4814 189.551 1.01363
1
27.661 187.778 1.07553
1
26.9518 185.958 1.13744
1
26.3567 184.097 1.19934
1
25.8777 182.203 1.26124
1
25.5169 180.283 1.32314
1
25.2755 178.344 1.38504
1
25.1546 176.394 1.44695
1
25.1545 174.44 1.50885
1
25.2753 172.49 1.57075
1
25.5165 170.551 1.63265
1
25.8771 168.631 1.69455
1
26.3559 166.737 1.75646
1
26.9509 164.876 1.81836
1
27.6599 163.055 1.88026
1
28.2549 161.194 1.88026
1
28.8499 159.334 1.88026
1
29.4449 157.473 1.88026
1
29.8055 155.552 1.81836
1
30.5145 153.732 1.88026
1
31.3348 151.959 1.94216
1
31.8135 150.064 1.88026
1
32.1742 148.144 1.81836
1
32.8832 146.324 1.88026
1
33.7035 144.55 1.94216
1
34.6318 142.831 2.00406
1
35.6648 141.173 2.06597
1
36.7984 139.582 2.12787
1
37.6186 137.808 2.06597
1
38.3276 135.988 2.00406
1
38.9226 134.127 1.94216
1
39.4014 132.233 1.88026
1
39.762 130.313 1.81836
1
40.0032 128.374 1.75646
1
40.124 126.424 1.69455
1
40.1239 124.47 1.63265
1
40.0029 122.52 1.57075
1
40.0028 120.566 1.57075
1
40.0027 118.613 1.57075
1
40.0027 116.659 1.57075
1
40.0026 114.705 1.57075
1
40.0025 112.751 1.57075
1
40.0024 110.798 1.57075
1
40.0023 108.844 1.57075
1
40.0022 106.89 1.57075
1
40.0021 104.936 1.57075
1
40.002 102.983 1.57075
1
40.0019 101.029 1.57075
1
40.0018 99.075 1.57075
1
40.0017 97.1213 1.57075
1
40.0016 95.1675 1.57075
1
40.0016 93.2138 1.57075
1
40.0015 91.26 1.57075
1
40.0014 89.3063 1.57075
1
40.0013 87.3525 1.57075
1
40.0012 85.3988 1.57075
1
40.0011 83.445 1.57075
1
40.001 81.4913 1.57075
1
40.0009 79.5375 1.57075
1
40.0008 77.5838 1.57075
1
40.0007 75.63 1.57075
1
40.0006 73.6763 1.57075
1
40.0005 71.7225 1.57075
1
40.0005 69.7688 1.57075
1
40.0004 67.815 1.57075
1
40.0003 65.8613 1.57075
1
40.0002 63.9075 1.57075
1
40.0001 61.9538 1.57075
1
40 60 1.57075
2
331.345 50.2993
0 0 0.0193504 -0.999813
3
353.917 40.2084
354.63 58.6146
308.774 60.3902
308.061 41.984
2
329.393 50.3749
0 0 0.0193504 -0.999813
3
351.965 40.284
352.677 58.6902
306.822 60.4658
306.109 42.0596
2
327.441 50.4505
0 0 0.0193504 -0.999813
3
350.012 40.3596
350.725 58.7658
304.869 60.5414
304.157 42.1352
2
325.501 51.1605
0 0 0.0115991 0.999933
3
348.653 42.4852
348.226 60.9003
302.349 59.8358
302.776 41.4207
2
323.521 51.7491
0 0 0.0425376 0.999095
3
347.166 44.5227
345.6 62.8761
299.876 58.9755
301.442 40.6222
2
321.508 52.2141
0 0 0.0734353 0.9973
3
345.555 46.4643
342.857 64.6856
297.462 57.9639
300.16 39.7426
2
319.656 51.2986
0 0 0.0425376 0.999095
3
343.301 44.0722
341.735 62.4256
296.012 58.525
297.577 40.1717
2
317.751 50.4994
0 0 0.0115991 0.999933
3
340.904 41.8241
340.477 60.2392
294.599 59.1747
295.026 40.7596
2
315.801 49.8196
0 0 0.0193504 -0.999813
3
338.372 39.7287
339.085 58.1349
293.229 59.9105
292.517 41.5043
2
313.812 49.2617
0 0 0.0502814 -0.998735
3
335.716 37.7938
337.566 56.1207
291.908 60.7297
290.058 42.4028
2
311.792 48.828
0 0 0.0811643 -0.996701
3
332.945 36.027
335.925 54.2043
290.64 61.629
287.659 43.4517
2
309.749 48.52
0 0 0.111969 -0.993712
3
330.07 34.435
334.169 52.3931
289.429 62.605
285.33 44.6469
2
307.692 48.339
0 0 0.142667 -0.989771
3
327.102 33.0239
332.304 50.694
288.282 63.6541
283.08 45.9839
2
305.627 48.2856
0 0 0.173228 -0.984882
3
324.052 31.7991
330.337 49.1136
287.201 64.7721
280.916 47.4576
2
303.562 48.3601
0 0 0.203624 -0.979049
3
320.932 30.7653
328.277 47.6578
286.192 65.9549
278.848 49.0624
2
301.506 48.5621
0 0 0.233824 -0.972279
3
317.755 29.9265
326.13 46.3323
285.258 67.1978
276.883 50.792
2
299.467 48.891
0 0 0.2638 -0.964577
3
314.531 29.2859
323.906 45.1422
284.403 68.4961
275.028 52.6398
2
297.452 49.3454
0 0 0.293524 -0.955952
3
311.275 28.8459
321.612 44.0919
283.629 69.8448
273.292 54.5988
2
295.469 49.9235
0 0 0.322966 -0.946411
3
307.997 28.6082
319.257 43.1855
282.941 71.2389
271.68 56.6615
2
293.525 50.6233
0 0 0.352099 -0.935963
3
304.711 28.5737
316.851 42.4265
282.34 72.6728
270.199 58.82
2
291.629 51.4419
0 0 0.380895 -0.924618
3
301.429 28.7426
314.403 41.8179
281.828 74.1412
268.854 61.0659
2
289.786 52.3763
0 0 0.409326 -0.912388
3
298.163 29.1143
311.922 41.3618
281.409 75.6383
267.651 63.3908
2
288.005 53.4229
0 0 0.437365 -0.899284
3
294.927 29.6872
309.417 41.0601
281.083 77.1586
266.594 65.7856
2
286.292 54.5776
0 0 0.464984 -0.885319
3
291.733 30.4592
306.898 40.914
280.852 78.6961
265.686 68.2413
2
284.654 55.8361
0 0 0.492159 -0.870505
3
288.592 31.4273
304.375 40.9239
280.716 80.2449
264.933 70.7483
2
283.097 57.1935
0 0 0.518862 -0.854858
3
285.517 32.5879
301.858 41.0899
280.677 81.7992
264.336 73.2972
2
281.627 58.6447
0 0 0.545068 -0.838392
3
282.52 33.9364
299.356 41.4113
280.733 83.353
263.898 75.8781
2
280.249 60.184
0 0 0.570752 -0.821123
3
279.613 35.4678
296.878 41.8869
280.886 84.9002
263.621 78.4811
2
278.97 61.8056
0 0 0.595889 -0.803067
3
276.805 37.1761
294.435 42.5148
281.134 86.4351
263.505 81.0964
2
277.793 63.5033
0 0 0.620455 -0.784242
3
274.109 39.0548
292.035 43.2927
281.477 87.9517
263.551 83.7138
2
276.723 65.2705
0 0 0.644427 -0.764666
3
271.534 41.0968
289.687 44.2176
281.912 89.4442
263.759 86.3233
2
275.765 67.1005
0 0 0.667782 -0.744357
3
269.09 43.2941
287.402 45.2859
282.44 90.9069
264.128 88.915
2
274.921 68.9863
0 0 0.690497 -0.723335
3
266.787 45.6384
285.187 46.4936
283.056 92.3341
264.656 91.4789
2
274.196 70.9206
0 0 0.712551 -0.70162
3
264.633 48.1207
283.051 47.836
283.76 93.7205
265.342 94.0052
2
273.592 72.8961
0 0 0.733922 -0.679234
3
262.637 50.7315
281.002 49.3079
284.548 95.0607
266.183 96.4842
2
273.112 74.9051
0 0 0.75459 -0.656196
3
260.806 53.4607
279.048 50.9038
285.418 96.3495
267.176 98.9065
2
272.757 76.9401
0 0 0.774535 -0.632531
3
259.148 56.298
277.196 52.6175
286.365 97.5821
268.317 101.263
2
272.528 78.9931
0 0 0.793739 -0.608259
3
257.668 59.2325
275.454 54.4425
287.388 98.7537
269.601 103.544
2
272.426 81.0563
0 0 0.812182 -0.583404
3
256.373 62.2528
273.828 56.3717
288.48 99.8599
271.024 105.741
2
272.453 83.1219
0 0 0.829847 -0.557991
3
255.267 65.3475
272.325 58.3978
289.639 100.896
272.58 107.846
2
272.607 85.1819
0 0 0.846717 -0.532043
3
254.354 68.5047
270.95 60.513
290.86 101.859
274.264 109.851
2
272.888 87.2284
0 0 0.862776 -0.505586
3
253.639 71.7123
269.709 62.7093
292.138 102.744
276.068 111.747
2
273.843 88.9328
0 0 0.862776 -0.505586
3
254.594 73.4168
270.664 64.4137
293.093 104.449
277.023 113.452
2
274.798 90.6373
0 0 0.862776 -0.505586
3
255.549 75.1213
271.618 66.1182
294.048 106.153
277.978 115.156
2
276.313 92.0423
0 0 0.846717 -0.532043
3
258.06 75.3652
274.656 67.3735
294.566 108.719
277.969 116.711
2
277.16 93.8026
0 0 0.846717 -0.532043
3
258.907 77.1255
275.503 69.1338
295.413 110.48
278.817 118.471
2
278.008 95.5629
0 0 0.846717 -0.532043
3
259.755 78.8858
276.351 70.8941
296.261 112.24
279.665 120.232
2
278.289 97.6094
0 0 0.862776 -0.505586
3
259.04 82.0934
275.109 73.0903
297.539 113.125
281.469 122.129
2
279.804 99.0144
0 0 0.846717 -0.532043
3
261.551 82.3373
278.147 74.3456
298.057 115.692
281.46 123.683
2
280.651 100.775
0 0 0.846717 -0.532043
3
262.398 84.0976
278.994 76.1059
298.904 117.452
282.308 125.444
2
281.499 102.535
0 0 0.846717 -0.532043
3
263.246 85.8579
279.842 77.8662
299.752 119.212
283.156 127.204
2
281.78 104.581
0 0 0.862776 -0.505586
3
262.531 89.0655
278.6 80.0624
301.03 120.098
284.96 129.101
2
282.188 106.607
0 0 0.878009 -0.478644
3
262.015 92.3112
277.497 82.3312
302.36 120.902
286.878 130.882
2
283.246 108.249
0 0 0.878009 -0.478644
3
263.074 93.9533
278.556 83.9734
303.419 122.544
287.937 132.524
2
284.305 109.891
0 0 0.878009 -0.478644
3
264.132 95.5955
279.614 85.6155
304.477 124.186
288.995 134.166
2
284.837 111.887
0 0 0.892401 -0.451244
3
263.818 98.8668
278.653 87.9482
305.855 124.907
291.02 135.826
2
285.491 113.846
0 0 0.905937 -0.423412
3
263.707 102.151
277.839 90.336
307.275 125.541
293.143 137.357
2
286.265 115.761
0 0 0.918606 -0.395174
3
263.8 105.436
277.173 92.7695
308.731 126.086
295.357 138.753
2
287.157 117.625
0 0 0.930396 -0.366557
3
264.096 108.71
276.66 95.2395
310.218 126.54
297.654 140.011
2
288.161 119.43
0 0 0.941293 -0.337589
3
264.593 111.958
276.3 97.7366
311.73 126.902
300.023 141.123
2
289.276 121.169
0 0 0.95129 -0.308298
3
265.291 115.17
276.095 100.251
313.262 127.169
302.457 142.087
2
290.496 122.836
0 0 0.960375 -0.278712
3
266.186 118.332
276.046 102.774
314.807 127.34
304.946 142.898
2
291.817 124.424
0 0 0.96854 -0.248859
3
267.274 121.433
276.154 105.294
316.36 127.416
307.48 143.554
2
293.845 124.816
0 0 0.960375 -0.278712
3
269.535 120.312
279.396 104.754
318.156 129.32
308.295 144.879
2
295.845 125.333
0 0 0.95129 -0.308298
3
271.86 119.333
282.664 104.415
319.831 131.332
309.026 146.251
2
297.065 127
0 0 0.960375 -0.278712
3
272.755 122.495
282.616 106.937
321.376 131.504
311.515 147.062
2
298.386 128.588
0 0 0.96854 -0.248859
3
273.844 125.596
282.723 109.458
322.929 131.579
314.05 147.718
2
299.803 130.091
0 0 0.975777 -0.218767
3
275.122 128.624
282.986 111.967
324.484 131.559
316.62 148.216
2
301.31 131.504
0 0 0.98208 -0.188466
3
276.585 131.566
283.404 114.455
326.034 131.442
319.216 148.554
2
303.371 131.643
0 0 0.975777 -0.218767
3
278.69 130.175
286.554 113.518
328.052 133.11
320.188 149.767
2
305.42 131.908
0 0 0.96854 -0.248859
3
280.877 128.917
289.756 112.778
329.962 134.9
321.083 151.039
2
307.448 132.3
0 0 0.960375 -0.278712
3
283.137 127.796
292.998 112.238
331.758 136.804
321.898 152.363
2
309.448 132.817
0 0 0.95129 -0.308298
3
285.462 126.817
296.267 111.899
333.433 138.816
322.629 153.735
2
311.412 133.456
0 0 0.941293 -0.337589
3
287.844 125.984
299.55 111.763
334.981 140.928
323.274 155.149
2
313.333 134.216
0 0 0.930396 -0.366557
3
290.272 125.3
302.836 111.83
336.394 143.131
323.83 156.601
2
315.204 135.093
0 0 0.918606 -0.395174
3
292.738 124.768
306.111 112.101
337.669 145.418
324.296 158.085
2
316.095 136.956
0 0 0.930396 -0.366557
3
293.034 128.041
305.598 114.571
339.156 145.872
326.592 159.342
2
317.1 138.761
0 0 0.941293 -0.337589
3
293.531 131.289
305.238 117.068
340.668 146.233
328.961 160.454
2
318.214 140.5
0 0 0.95129 -0.308298
3
294.229 134.501
305.033 119.583
342.2 146.5
331.395 161.418
2
319.434 142.167
0 0 0.960375 -0.278712
3
295.124 137.663
304.985 122.105
343.745 146.671
333.884 162.23
2
320.755 143.756
0 0 0.96854 -0.248859
3
296.213 140.764
305.092 124.625
345.298 146.747
336.419 162.886
2
322.172 145.259
0 0 0.975777 -0.218767
3
297.491 143.791
305.355 127.135
346.853 146.727
338.989 163.384
2
323.679 146.672
0 0 0.98208 -0.188466
3
298.954 146.734
305.773 129.623
348.403 146.61
341.584 163.722
2
325.27 147.989
0 0 0.987442 -0.157984
3
300.597 149.581
306.344 132.08
349.943 146.398
344.196 163.898
2
327.336 148
0 0 0.98208 -0.188466
3
302.612 148.062
309.43 130.95
352.06 147.938
345.242 165.049
2
329.397 148.138
0 0 0.975777 -0.218767
3
304.716 146.671
312.58 130.014
354.078 149.606
346.214 166.263
2
331.446 148.404
0 0 0.96854 -0.248859
3
306.903 145.412
315.782 129.274
355.988 151.395
347.109 167.534
2
333.474 148.796
0 0 0.960375 -0.278712
3
309.163 144.292
319.024 128.733
357.785 153.3
347.924 168.858
2
335.474 149.312
0 0 0.95129 -0.308298
3
311.488 143.313
322.293 128.394
359.459 155.312
348.655 170.23
2
337.438 149.952
0 0 0.941293 -0.337589
3
313.87 142.48
325.576 128.258
361.007 157.423
349.3 171.645
2
339.359 150.711
0 0 0.930396 -0.366557
3
316.298 141.796
328.862 128.326
362.42 159.627
349.856 173.097
2
341.23 151.588
0 0 0.918606 -0.395174
3
318.764 141.263
332.137 128.596
363.695 161.913
350.322 174.58
2
343.042 152.579
0 0 0.905937 -0.423412
3
321.258 140.884
335.39 129.069
364.826 164.274
350.694 176.09
2
344.79 153.68
0 0 0.892401 -0.451244
3
323.771 140.66
338.607 129.742
365.808 166.701
350.973 177.619
2
346.466 154.888
0 0 0.878009 -0.478644
3
326.293 140.592
341.776 130.612
366.639 169.183
351.157 179.163
2
348.064 156.196
0 0 0.862776 -0.505586
3
328.815 140.68
344.885 131.677
367.314 171.712
351.244 180.715
2
349.579 157.601
0 0 0.846717 -0.532043
3
331.326 140.924
347.922 132.933
367.832 174.279
351.236 182.27
2
351.003 159.097
0 0 0.829847 -0.557991
3
333.817 141.323
350.876 134.373
368.19 176.872
351.131 183.821
2
352.332 160.679
0 0 0.812182 -0.583404
3
336.279 141.875
353.735 135.994
368.386 179.482
350.93 185.363
2
353.561 162.339
0 0 0.793739 -0.608259
3
338.701 142.578
356.488 137.788
368.421 182.1
350.635 186.89
2
354.685 164.072
0 0 0.774535 -0.632531
3
341.076 143.43
359.125 139.75
368.294 184.714
350.245 188.395
2
355.699 165.872
0 0 0.75459 -0.656196
3
343.394 144.428
361.635 141.871
368.005 187.316
349.764 189.873
2
356.601 167.731
0 0 0.733922 -0.679234
3
345.645 145.566
364.01 144.143
367.556 189.895
349.191 191.319
2
357.385 169.642
0 0 0.712551 -0.70162
3
347.822 146.842
366.239 146.557
366.949 192.442
348.531 192.726
2
358.05 171.598
0 0 0.690497 -0.723335
3
349.915 148.25
368.315 149.105
366.185 194.945
347.784 194.09
2
358.592 173.591
0 0 0.667782 -0.744357
3
351.917 149.784
370.229 151.776
365.267 197.397
346.955 195.405
2
359.01 175.614
0 0 0.644427 -0.764666
3
353.821 151.44
371.975 154.561
364.2 199.788
346.046 196.667
2
359.302 177.659
0 0 0.620455 -0.784242
3
355.619 153.21
373.544 157.448
362.986 202.107
345.061 197.869
2
359.468 179.718
0 0 0.595889 -0.803067
3
357.303 155.088
374.932 160.427
361.632 204.347
344.003 199.009
2
359.505 181.783
0 0 0.570752 -0.821123
3
358.868 157.067
376.134 163.486
360.142 206.5
342.876 200.08
2
359.415 183.847
0 0 0.545068 -0.838392
3
360.308 159.139
377.143 166.614
358.521 208.555
341.686 201.08
2
358.622 185.633
0 0 0.545068 -0.838392
3
359.515 160.924
376.35 168.399
357.728 210.341
340.893 202.866
2
357.829 187.418
0 0 0.545068 -0.838392
3
358.722 162.71
375.558 170.185
356.935 212.127
340.1 204.652
2
357.036 189.204
0 0 0.545068 -0.838392
3
357.93 164.496
374.765 171.971
356.142 213.912
339.307 206.437
2
356.243 190.99
0 0 0.545068 -0.838392
3
357.137 166.281
373.972 173.756
355.35 215.698
338.514 208.223
2
355.45 192.775
0 0 0.545068 -0.838392
3
356.344 168.067
373.179 175.542
354.557 217.484
337.722 210.009
2
354.657 194.561
0 0 0.545068 -0.838392
3
355.551 169.853
372.386 177.328
353.764 219.269
336.929 211.794
2
353.865 196.347
0 0 0.545068 -0.838392
3
354.758 171.638
371.593 179.113
352.971 221.055
336.136 213.58
2
353.072 198.132
0 0 0.545068 -0.838392
3
353.965 173.424
370.8 180.899
352.178 222.84
335.343 215.366
2
352.279 199.918
0 0 0.545068 -0.838392
3
353.172 175.21
370.008 182.684
351.385 224.626
334.55 217.151
2
351.486 201.703
0 0 0.545068 -0.838392
3
352.38 176.995
369.215 184.47
350.592 226.412
333.757 218.937
2
350.693 203.489
0 0 0.545068 -0.838392
3
351.587 178.781
368.422 186.256
349.8 228.197
332.964 220.723
2
349.9 205.275
0 0 0.545068 -0.838392
3
350.794 180.567
367.629 188.041
349.007 229.983
332.172 222.508
2
349.108 207.06
0 0 0.545068 -0.838392
3
350.001 182.352
366.836 189.827
348.214 231.769
331.379 224.294
2
347.73 208.6
0 0 0.570752 -0.821123
3
347.093 183.884
364.359 190.303
348.367 233.316
331.101 226.897
2
347.639 210.663
0 0 0.545068 -0.838392
3
348.533 185.955
365.368 193.43
346.746 235.372
329.911 227.897
2
347.422 212.718
0 0 0.518862 -0.854858
3
349.842 188.112
366.182 196.614
345.001 237.323
328.661 228.821
2
347.077 214.754
0 0 0.492159 -0.870505
3
351.015 190.346
366.798 199.842
343.139 239.163
327.356 229.667
2
346.607 216.766
0 0 0.464984 -0.885319
3
352.047 192.648
367.213 203.102
341.167 240.885
326.001 230.43
2
346.013 218.745
0 0 0.437365 -0.899284
3
352.935 195.009
367.425 206.382
339.092 242.48
324.602 231.107
2
345.299 220.683
0 0 0.409326 -0.912388
3
353.676 197.421
367.434 209.668
336.922 243.945
323.163 231.697
2
344.465 222.573
0 0 0.380895 -0.924618
3
354.265 199.874
367.24 212.949
334.665 245.272
321.691 232.197
2
343.517 224.408
0 0 0.352099 -0.935963
3
354.702 202.359
366.843 216.211
332.331 246.458
320.191 232.605
2
342.456 226.181
0 0 0.322966 -0.946411
3
354.985 204.866
366.245 219.443
329.928 247.496
318.668 232.919
2
341.288 227.885
0 0 0.293524 -0.955952
3
355.111 207.385
365.448 222.631
327.466 248.384
317.129 233.138
2
340.017 229.513
0 0 0.2638 -0.964577
3
355.082 209.908
364.456 225.764
324.953 249.118
315.579 233.262
2
338.648 231.06
0 0 0.233824 -0.972279
3
354.896 212.424
363.272 228.83
322.399 249.695
314.024 233.289
2
337.185 232.519
0 0 0.203624 -0.979049
3
354.555 214.924
361.9 231.816
319.815 250.113
312.471 233.221
2
335.635 233.884
0 0 0.173228 -0.984882
3
354.061 217.398
360.346 234.712
317.21 250.371
310.925 233.056
2
334.004 235.151
0 0 0.142667 -0.989771
3
353.414 219.836
358.616 237.506
314.594 250.466
309.392 232.796
2
332.297 236.315
0 0 0.111969 -0.993712
3
352.617 222.23
356.716 240.188
311.977 250.4
307.878 232.442
2
330.522 237.371
0 0 0.0811643 -0.996701
3
351.674 224.57
354.655 242.747
309.369 250.172
306.389 231.995
2
328.684 238.315
0 0 0.0502814 -0.998735
3
350.588 226.847
352.438 245.174
306.781 249.783
304.93 231.456
2
326.792 239.144
0 0 0.0193504 -0.999813
3
349.364 229.053
350.076 247.459
304.221 249.235
303.508 230.829
2
324.852 239.854
0 0 0.0115991 0.999933
3
348.005 231.179
347.578 249.594
301.7 248.529
302.127 230.114
2
322.872 240.442
0 0 0.0425376 0.999095
3
346.517 233.216
344.951 251.569
299.227 247.669
300.793 229.315
2
320.859 240.907
0 0 0.0734353 0.9973
3
344.906 235.158
342.208 253.379
296.813 246.657
299.511 228.436
2
319.008 239.992
0 0 0.0425376 0.999095
3
342.653 232.766
341.087 251.119
295.363 247.218
296.929 228.865
2
317.103 239.193
0 0 0.0115991 0.999933
3
340.255 230.517
339.828 248.932
293.95 247.868
294.378 229.453
2
315.152 238.513
0 0 0.0193504 -0.999813
3
337.724 228.422
338.436 246.828
292.581 248.604
291.868 230.198
2
313.163 237.955
0 0 0.0502814 -0.998735
3
335.067 226.487
336.917 244.814
291.259 249.423
289.409 231.096
2
311.271 238.784
0 0 0.0193504 -0.999813
3
333.842 228.693
334.555 247.099
288.699 248.875
287.987 230.468
2
309.331 239.494
0 0 0.0115991 0.999933
3
332.483 230.818
332.056 249.233
286.179 248.169
286.606 229.754
2
307.351 240.082
0 0 0.0425376 0.999095
3
330.996 232.856
329.43 251.209
283.706 247.309
285.272 228.955
2
305.338 240.547
0 0 0.0734353 0.9973
3
329.385 234.797
326.687 253.019
281.292 246.297
283.99 228.076
2
303.301 240.887
0 0 0.104263 0.99455
3
327.657 236.636
323.837 254.655
278.944 245.138
282.764 227.119
2
301.509 239.859
0 0 0.0734353 0.9973
3
325.556 234.109
322.857 252.33
277.462 245.608
280.16 227.387
2
299.657 238.943
0 0 0.0425376 0.999095
3
323.302 231.717
321.736 250.07
276.012 246.169
277.578 227.816
2
297.752 238.144
0 0 0.0115991 0.999933
3
320.905 229.469
320.477 247.884
274.6 246.819
275.027 228.404
2
295.802 237.464
0 0 0.0193504 -0.999813
3
318.373 227.373
319.086 245.779
273.23 247.555
272.517 229.149
2
293.813 236.906
0 0 0.0502814 -0.998735
3
315.717 225.438
317.567 243.765
271.909 248.374
270.059 230.047
2
291.92 237.735
0 0 0.0193504 -0.999813
3
314.492 227.644
315.205 246.05
269.349 247.826
268.636 229.42
2
289.98 238.445
0 0 0.0115991 0.999933
3
313.133 229.77
312.706 248.185
266.828 247.12
267.255 228.705
2
288 239.033
0 0 0.0425376 0.999095
3
311.645 231.807
310.08 250.16
264.356 246.26
265.921 227.906
2
285.988 239.498
0 0 0.0734353 0.9973
3
310.034 233.749
307.336 251.97
261.941 245.248
264.639 227.027
2
283.95 239.838
0 0 0.104263 0.99455
3
308.306 235.587
304.486 253.606
259.594 244.089
263.414 226.07
2
281.895 240.051
0 0 0.13499 0.990847
3
306.468 237.315
301.54 255.063
257.323 242.787
262.25 225.039
2
279.831 240.136
0 0 0.165588 0.986195
3
304.526 238.925
298.51 256.335
255.137 241.347
261.153 223.937
2
277.766 240.094
0 0 0.196028 0.980598
3
302.488 240.413
295.407 257.417
253.044 239.775
260.125 222.771
2
275.962 239.343
0 0 0.196028 0.980598
3
300.685 239.662
293.603 256.666
251.24 239.024
258.322 222.019
2
274.159 238.592
0 0 0.196028 0.980598
3
298.881 238.911
291.8 255.915
249.436 238.273
256.518 221.268
2
272.355 237.841
0 0 0.196028 0.980598
3
297.078 238.16
289.996 255.164
247.633 237.522
254.714 220.517
2
270.552 237.089
0 0 0.196028 0.980598
3
295.274 237.408
288.192 254.413
245.829 236.77
252.911 219.766
2
268.748 236.338
0 0 0.196028 0.980598
3
293.47 236.657
286.389 253.662
244.026 236.019
251.107 219.015
2
266.944 235.587
0 0 0.196028 0.980598
3
291.667 235.906
284.585 252.911
242.222 235.268
249.304 218.264
2
265.141 234.836
0 0 0.196028 0.980598
3
289.863 235.155
282.782 252.159
240.418 234.517
247.5 217.513
2
263.337 234.085
0 0 0.196028 0.980598
3
288.06 234.404
280.978 251.408
238.615 233.766
245.696 216.762
2
261.534 233.334
0 0 0.196028 0.980598
3
286.256 233.653
279.174 250.657
236.811 233.015
243.893 216.01
2
259.73 232.583
0 0 0.196028 0.980598
3
284.452 232.902
277.371 249.906
235.008 232.264
242.089 215.259
2
257.926 231.832
0 0 0.196028 0.980598
3
282.649 232.151
275.567 249.155
233.204 231.513
240.286 214.508
2
256.123 231.081
0 0 0.196028 0.980598
3
280.845 231.4
273.764 248.404
231.4 230.761
238.482 213.757
2
254.319 230.329
0 0 0.196028 0.980598
3
279.042 230.648
271.96 247.653
229.597 230.01
236.678 213.006
2
252.516 229.578
0 0 0.196028 0.980598
3
277.238 229.897
270.156 246.902
227.793 229.259
234.875 212.255
2
250.712 228.827
0 0 0.196028 0.980598
3
275.434 229.146
268.353 246.151
225.99 228.508
233.071 211.504
2
248.908 228.076
0 0 0.196028 0.980598
3
273.631 228.395
266.549 245.399
224.186 227.757
231.268 210.753
2
247.105 227.325
0 0 0.196028 0.980598
3
271.827 227.644
264.746 244.648
222.382 227.006
229.464 210.002
2
245.301 226.574
0 0 0.196028 0.980598
3
270.024 226.893
262.942 243.897
220.579 226.255
227.66 209.25
2
243.498 225.823
0 0 0.196028 0.980598
3
268.22 226.142
261.138 243.146
218.775 225.504
225.857 208.499
2
241.694 225.072
0 0 0.196028 0.980598
3
266.416 225.391
259.335 242.395
216.972 224.753
224.053 207.748
2
239.89 224.32
0 0 0.196028 0.980598
3
264.613 224.639
257.531 241.644
215.168 224.001
222.25 206.997
2
238.087 223.569
0 0 0.196028 0.980598
3
262.809 223.888
255.728 240.893
213.364 223.25
220.446 206.246
2
236.283 222.818
0 0 0.196028 0.980598
3
261.006 223.137
253.924 240.142
211.561 222.499
218.642 205.495
2
234.48 222.067
0 0 0.196028 0.980598
3
259.202 222.386
252.12 239.391
209.757 221.748
216.839 204.744
2
232.676 221.316
0 0 0.196028 0.980598
3
257.398 221.635
250.317 238.639
207.954 220.997
215.035 203.993
2
230.872 220.565
0 0 0.196028 0.980598
3
255.595 220.884
248.513 237.888
206.15 220.246
213.232 203.242
2
229.069 219.814
0 0 0.196028 0.980598
3
253.791 220.133
246.71 237.137
204.346 219.495
211.428 202.49
2
227.265 219.063
0 0 0.196028 0.980598
3
251.988 219.382
244.906 236.386
202.543 218.744
209.624 201.739
2
225.462 218.312
0 0 0.196028 0.980598
3
250.184 218.631
243.102 235.635
200.739 217.993
207.821 200.988
2
223.658 217.56
0 0 0.196028 0.980598
3
248.38 217.879
241.299 234.884
198.936 217.241
206.017 200.237
2
221.854 216.809
0 0 0.196028 0.980598
3
246.577 217.128
239.495 234.133
197.132 216.49
204.214 199.486
2
220.051 216.058
0 0 0.196028 0.980598
3
244.773 216.377
237.692 233.382
195.328 215.739
202.41 198.735
2
218.247 215.307
0 0 0.196028 0.980598
3
242.97 215.626
235.888 232.63
193.525 214.988
200.606 197.984
2
216.444 214.556
0 0 0.196028 0.980598
3
241.166 214.875
234.084 231.879
191.721 214.237
198.803 197.233
2
214.385 214.386
0 0 0.22628 0.974062
3
239.04 216.234
230.92 232.767
189.73 212.538
197.849 196.004
2
212.341 214.089
0 0 0.256315 0.966593
3
236.834 217.458
227.707 233.458
187.847 210.719
196.974 194.719
2
210.319 213.666
0 0 0.286104 0.958198
3
234.557 218.544
224.458 233.948
186.08 208.787
196.18 193.383
2
208.327 213.118
0 0 0.31562 0.948886
3
232.217 219.487
221.184 234.237
184.437 206.75
195.47 192
2
206.373 212.449
0 0 0.344833 0.938664
3
229.823 220.283
217.899 234.322
182.922 204.615
194.847 190.575
2
204.463 211.66
0 0 0.373716 0.927543
3
227.384 220.929
214.614 234.204
181.543 202.39
194.313 189.115
2
202.607 210.754
0 0 0.402241 0.915534
3
224.91 221.424
211.344 233.883
180.303 200.084
193.87 187.625
2
200.81 209.735
0 0 0.43038 0.902648
3
222.411 221.764
208.099 233.361
179.209 197.706
193.521 186.109
2
199.079 208.607
0 0 0.458107 0.888897
3
219.895 221.95
204.893 232.638
178.264 195.264
193.266 184.576
2
197.422 207.374
0 0 0.485396 0.874295
3
217.372 221.979
201.738 231.719
177.472 192.769
193.106 183.029
2
195.844 206.041
0 0 0.512219 0.858855
3
214.852 221.852
198.645 230.606
176.836 190.23
193.042 181.476
2
194.351 204.613
0 0 0.538552 0.842592
3
212.345 221.569
195.628 229.304
176.358 187.656
193.075 179.921
2
193.531 202.84
0 0 0.538552 0.842592
3
211.525 219.796
194.807 227.531
175.537 185.883
192.254 178.148
2
192.13 201.322
0 0 0.564369 0.825523
3
209.04 219.359
191.876 226.045
175.219 183.285
192.383 176.599
2
190.825 199.72
0 0 0.589646 0.807662
3
206.587 218.769
189.043 224.38
175.063 180.672
192.607 175.06
2
189.622 198.041
0 0 0.614357 0.789028
3
204.175 218.028
186.317 222.544
175.068 178.054
192.926 173.538
2
188.525 196.291
0 0 0.63848 0.769638
3
201.814 217.14
183.711 220.542
175.236 175.441
193.339 172.039
2
187.538 194.476
0 0 0.661992 0.749511
3
199.512 216.107
181.233 218.383
175.564 172.844
193.843 170.569
2
187.297 192.537
0 0 0.661992 0.749511
3
199.271 214.168
180.992 216.444
175.323 170.905
193.602 168.63
2
187.056 190.598
0 0 0.661992 0.749511
3
199.03 212.23
180.751 214.505
175.082 168.967
193.361 166.691
2
186.814 188.659
0 0 0.661992 0.749511
3
198.788 210.291
180.509 212.566
174.84 167.028
193.119 164.752
2
186.573 186.721
0 0 0.661992 0.749511
3
198.547 208.352
180.268 210.628
174.599 165.089
192.878 162.814
2
186.332 184.782
0 0 0.661992 0.749511
3
198.306 206.413
180.027 208.689
174.358 163.15
192.637 160.875
2
186.09 182.843
0 0 0.661992 0.749511
3
198.064 204.475
179.785 206.75
174.116 161.212
192.395 158.936
2
185.218 180.971
0 0 0.684869 0.728666
3
195.831 203.301
177.446 204.442
174.605 158.64
192.99 157.499
2
184.463 179.048
0 0 0.70709 0.707123
3
193.674 201.992
175.254 201.993
175.252 156.103
193.672 156.102
2
183.828 177.082
0 0 0.728634 0.684903
3
191.602 200.552
173.218 199.414
176.054 153.611
194.439 154.75
2
183.317 175.08
0 0 0.749481 0.662026
3
189.624 198.987
171.345 196.713
177.01 151.174
195.289 153.448
2
182.93 173.051
0 0 0.769609 0.638516
3
187.746 197.302
169.643 193.902
178.114 148.8
196.217 152.201
2
183.291 171.131
0 0 0.769609 0.638516
3
188.107 195.382
170.003 191.982
178.474 146.88
196.578 150.281
2
183.651 169.211
0 0 0.769609 0.638516
3
188.467 193.462
170.364 190.061
178.835 144.96
196.938 148.36
2
184.638 167.396
0 0 0.749481 0.662026
3
190.945 191.302
172.666 189.028
178.33 143.489
196.61 145.763
2
185.51 165.523
0 0 0.728634 0.684903
3
193.284 188.994
174.899 187.855
177.736 142.053
196.121 143.192
2
186.265 163.6
0 0 0.70709 0.707123
3
195.476 186.545
177.056 186.546
177.053 140.656
195.473 140.655
2
185.63 161.635
0 0 0.728634 0.684903
3
193.404 185.105
175.019 183.966
177.856 138.164
196.241 139.303
2
185.118 159.633
0 0 0.749481 0.662026
3
191.426 183.54
173.146 181.266
178.811 135.727
197.09 138.001
2
184.732 157.604
0 0 0.769609 0.638516
3
189.548 181.855
171.444 178.455
179.915 133.353
198.019 136.753
2
184.471 155.555
0 0 0.789 0.614394
3
187.778 180.057
169.919 175.543
181.164 131.052
199.023 135.566
2
184.338 153.493
0 0 0.807635 0.589683
3
186.122 178.153
168.577 172.543
182.553 128.833
200.098 134.443
2
184.332 151.428
0 0 0.825496 0.564407
3
184.588 176.151
167.423 169.466
184.076 126.704
201.241 133.389
2
185.637 149.826
0 0 0.807635 0.589683
3
187.421 174.486
169.876 168.876
183.852 125.166
201.397 130.776
2
186.84 148.147
0 0 0.789 0.614394
3
190.146 172.649
172.288 168.135
183.533 123.644
201.391 128.158
2
187.936 146.396
0 0 0.769609 0.638516
3
192.753 170.647
174.649 167.247
183.12 122.145
201.224 125.545
2
188.923 144.581
0 0 0.749481 0.662026
3
195.23 168.487
176.951 166.214
182.616 120.675
200.895 122.948
2
189.795 142.708
0 0 0.728634 0.684903
3
197.569 166.179
179.184 165.04
182.021 119.238
200.406 120.377
2
190.55 140.786
0 0 0.70709 0.707123
3
199.761 163.73
181.341 163.731
181.339 117.841
199.759 117.84
2
191.184 138.82
0 0 0.684869 0.728666
3
201.797 161.15
183.412 162.291
180.571 116.489
198.956 115.348
2
191.695 136.818
0 0 0.661992 0.749511
3
203.669 158.45
185.39 160.725
179.722 115.187
198 112.911
2
192.082 134.789
0 0 0.63848 0.769638
3
205.371 155.638
187.268 159.04
178.793 113.94
196.896 110.538
2
192.343 132.74
0 0 0.614357 0.789028
3
206.896 152.727
189.038 157.242
177.789 112.752
195.647 108.237
2
192.476 130.678
0 0 0.589646 0.807662
3
208.238 149.727
190.693 155.338
176.714 111.63
194.258 106.018
2
191.273 128.999
0 0 0.614357 0.789028
3
205.826 148.986
187.968 153.502
176.719 109.012
194.577 104.496
2
190.176 127.249
0 0 0.63848 0.769638
3
203.465 148.098
185.362 151.5
176.886 106.399
194.99 102.997
2
189.189 125.434
0 0 0.661992 0.749511
3
201.163 147.065
182.884 149.341
177.215 103.802
195.494 101.527
2
188.317 123.561
0 0 0.684869 0.728666
3
198.929 145.892
180.545 147.032
177.704 101.23
196.088 100.09
2
187.562 121.638
0 0 0.70709 0.707123
3
196.773 144.583
178.353 144.584
178.351 98.6938
196.771 98.693
2
186.927 119.673
0 0 0.728634 0.684903
3
194.701 143.143
176.317 142.004
179.153 96.2021
197.538 97.3407
2
186.416 117.671
0 0 0.749481 0.662026
3
192.723 141.578
174.444 139.304
180.108 93.7647
198.388 96.0385
2
186.029 115.642
0 0 0.769609 0.638516
3
190.845 139.893
172.741 136.493
181.213 91.3912
199.316 94.7914
2
185.768 113.593
0 0 0.789 0.614394
3
189.075 138.095
171.216 133.581
182.461 89.0904
200.32 93.6041
2
185.635 111.531
0 0 0.807635 0.589683
3
187.419 136.191
169.874 130.581
183.85 86.8714
201.395 92.4812
2
185.629 109.466
0 0 0.825496 0.564407
3
185.885 134.189
168.721 127.504
185.374 84.7425
202.538 91.4269
2
186.934 107.864
0 0 0.807635 0.589683
3
188.718 132.524
171.173 126.914
185.149 83.204
202.694 88.8137
2
188.137 106.185
0 0 0.789 0.614394
3
191.444 130.687
173.585 126.173
184.83 81.6823
202.688 86.1959
2
189.234 104.434
0 0 0.769609 0.638516
3
194.05 128.685
175.946 125.285
184.417 80.1833
202.521 83.5835
2
190.22 102.619
0 0 0.749481 0.662026
3
196.527 126.525
178.248 124.252
183.913 78.7126
202.192 80.9864
2
191.092 100.746
0 0 0.728634 0.684903
3
198.866 124.217
180.481 123.078
183.318 77.276
201.703 78.4147
2
191.847 98.8236
0 0 0.70709 0.707123
3
201.058 121.768
182.638 121.769
182.636 75.879
201.056 75.8781
2
192.481 96.8576
0 0 0.684869 0.728666
3
203.094 119.188
184.709 120.329
181.868 74.5268
200.253 73.3865
2
192.993 94.8562
0 0 0.661992 0.749511
3
204.967 116.488
186.688 118.763
181.019 73.2247
199.298 70.9492
2
193.379 92.827
0 0 0.63848 0.769638
3
206.669 113.676
188.565 117.078
180.09 71.9777
198.193 68.5757
2
193.64 90.7777
0 0 0.614357 0.789028
3
208.193 110.765
190.335 115.28
179.086 70.7904
196.944 66.2751
2
193.773 88.7163
0 0 0.589646 0.807662
3
209.535 107.765
191.991 113.376
178.011 69.6676
195.555 64.0562
2
193.778 86.6506
0 0 0.564369 0.825523
3
210.689 104.688
193.525 111.374
176.868 68.6134
194.032 61.9274
2
193.656 84.5885
0 0 0.538552 0.842592
3
211.65 101.545
194.932 109.28
175.662 67.632
192.379 59.897
2
193.406 82.5379
0 0 0.512219 0.858855
3
212.414 98.3487
196.208 107.103
174.398 66.727
190.604 57.9727
2
193.03 80.5067
0 0 0.485396 0.874295
3
212.98 95.1114
197.346 104.852
173.08 65.902
188.714 56.1619
2
192.529 78.5027
0 0 0.458107 0.888897
3
213.344 91.8452
198.342 102.534
171.714 65.1601
186.715 54.4714
2
191.905 76.5335
0 0 0.43038 0.902648
3
213.505 88.5628
199.194 100.159
170.304 64.5042
184.616 52.9079
2
191.16 74.6066
0 0 0.402241 0.915534
3
213.464 85.2766
199.897 97.736
168.856 63.9367
182.423 51.4773
2
190.297 72.7296
0 0 0.373716 0.927543
3
213.218 81.9994
200.448 95.2742
167.377 63.4598
180.147 50.185
2
189.321 70.9095
0 0 0.344833 0.938664
3
212.771 78.7436
200.847 92.7829
165.87 63.0754
177.795 49.036
2
188.233 69.1533
0 0 0.31562 0.948886
3
212.123 75.5217
201.09 90.2718
164.343 62.7849
175.376 48.0347
2
187.039 67.4678
0 0 0.286104 0.958198
3
211.277 72.346
201.177 87.7505
162.8 62.5895
172.9 47.185
2
185.742 65.8593
0 0 0.256315 0.966593
3
210.236 69.2288
201.109 85.2285
161.249 62.4898
170.376 46.4901
2
184.349 64.3342
0 0 0.22628 0.974062
3
209.004 66.182
200.884 82.7157
159.694 62.4864
167.814 45.9527
2
182.864 62.8981
0 0 0.196028 0.980598
3
207.587 63.2171
200.505 80.2215
158.142 62.5791
165.223 45.5748
2
181.293 61.5567
0 0 0.165588 0.986195
3
205.988 60.3457
199.972 77.7556
156.598 62.7677
162.615 45.3578
2
179.642 60.315
0 0 0.13499 0.990847
3
204.215 57.5787
199.287 75.3273
155.07 63.0513
159.997 45.3027
2
177.918 59.1778
0 0 0.104263 0.99455
3
202.274 54.9266
198.454 72.9461
153.562 63.429
157.382 45.4095
2
176.126 58.1495
0 0 0.0734353 0.9973
3
200.173 52.3997
197.475 70.621
152.08 63.8993
154.778 45.678
2
174.274 57.234
0 0 0.0425376 0.999095
3
197.919 50.0076
196.354 68.3609
150.63 64.4604
152.195 46.107
2
172.37 56.4348
0 0 0.0115991 0.999933
3
195.522 47.7595
195.095 66.1746
149.217 65.1101
149.644 46.695
2
170.419 55.755
0 0 0.0193504 -0.999813
3
192.99 45.664
193.703 64.0702
147.847 65.8459
147.135 47.4397
2
168.43 55.1971
0 0 0.0502814 -0.998735
3
190.334 43.7292
192.184 62.056
146.526 66.665
144.676 48.3382
2
166.41 54.7634
0 0 0.0811643 -0.996701
3
187.563 41.9624
190.543 60.1397
145.258 67.5644
142.277 49.387
2
164.368 54.4554
0 0 0.111969 -0.993712
3
184.688 40.3704
188.787 58.3285
144.047 68.5404
139.948 50.5823
2
162.31 54.2744
0 0 0.142667 -0.989771
3
181.72 38.9593
186.922 56.6294
142.9 69.5895
137.698 51.9193
2
160.245 54.221
0 0 0.173228 -0.984882
3
178.67 37.7345
184.955 55.049
141.819 70.7075
135.534 53.393
2
158.18 54.2955
0 0 0.203624 -0.979049
3
175.55 36.7007
182.895 53.5932
140.81 71.8903
133.466 54.9977
2
156.125 54.4975
0 0 0.233824 -0.972279
3
172.373 35.8619
180.748 52.2677
139.876 73.1332
131.501 56.7273
2
154.384 55.3859
0 0 0.233824 -0.972279
3
170.633 36.7502
179.008 53.1561
138.136 74.0215
129.761 57.6157
2
152.644 56.2742
0 0 0.233824 -0.972279
3
168.893 37.6386
177.268 54.0444
136.396 74.9099
128.021 58.504
2
150.904 57.1626
0 0 0.233824 -0.972279
3
167.153 38.5269
175.528 54.9327
134.656 75.7982
126.281 59.3924
2
149.164 58.0509
0 0 0.233824 -0.972279
3
165.412 39.4153
173.788 55.8211
132.916 76.6865
124.54 60.2807
2
147.424 58.9392
0 0 0.233824 -0.972279
3
163.672 40.3036
172.048 56.7094
131.176 77.5749
122.8 61.169
2
145.684 59.8276
0 0 0.233824 -0.972279
3
161.932 41.1919
170.308 57.5977
129.435 78.4632
121.06 62.0574
2
143.944 60.7159
0 0 0.233824 -0.972279
3
160.192 42.0803
168.567 58.4861
127.695 79.3515
119.32 62.9457
2
142.204 61.6042
0 0 0.233824 -0.972279
3
158.452 42.9686
166.827 59.3744
125.955 80.2399
117.58 63.8341
2
140.464 62.4926
0 0 0.233824 -0.972279
3
156.712 43.8569
165.087 60.2628
124.215 81.1282
115.84 64.7224
2
138.723 63.3809
0 0 0.233824 -0.972279
3
154.972 44.7453
163.347 61.1511
122.475 82.0165
114.1 65.6107
2
136.983 64.2692
0 0 0.233824 -0.972279
3
153.232 45.6336
161.607 62.0394
120.735 82.9049
112.36 66.4991
2
135.243 65.1576
0 0 0.233824 -0.972279
3
151.492 46.5219
159.867 62.9278
118.995 83.7932
110.62 67.3874
2
133.503 66.0459
0 0 0.233824 -0.972279
3
149.751 47.4103
158.127 63.8161
117.255 84.6816
108.879 68.2757
2
131.763 66.9342
0 0 0.233824 -0.972279
3
148.011 48.2986
156.387 64.7044
115.515 85.5699
107.139 69.1641
2
130.023 67.8226
0 0 0.233824 -0.972279
3
146.271 49.1869
154.647 65.5928
113.774 86.4582
105.399 70.0524
2
127.983 68.1514
0 0 0.2638 -0.964577
3
143.048 48.5463
152.422 64.4026
112.919 87.7565
103.545 71.9003
2
125.968 68.6058
0 0 0.293524 -0.955952
3
139.791 48.1063
150.128 63.3523
112.146 89.1053
101.808 73.8593
2
123.985 69.184
0 0 0.322966 -0.946411
3
136.513 47.8686
147.774 62.4459
111.457 90.4993
100.197 75.922
2
122.042 69.8837
0 0 0.352099 -0.935963
3
133.227 47.8342
145.368 61.687
110.856 91.9332
98.7154 78.0804
2
120.145 70.7023
0 0 0.380895 -0.924618
3
129.945 48.0031
142.919 61.0783
110.345 93.4016
97.3705 80.3264
2
118.303 71.6367
0 0 0.409326 -0.912388
3
126.68 48.3747
140.438 60.6222
109.926 94.8988
96.1672 82.6512
2
116.522 72.6833
0 0 0.437365 -0.899284
3
123.444 48.9476
137.933 60.3205
109.6 96.419
95.1099 85.046
2
114.809 73.8381
0 0 0.464984 -0.885319
3
120.249 49.7196
135.415 60.1744
109.368 97.9565
94.2029 87.5017
2
113.171 75.0965
0 0 0.492159 -0.870505
3
117.109 50.6877
132.892 60.1843
109.233 99.5054
93.4495 90.0088
2
111.614 76.454
0 0 0.518862 -0.854858
3
114.034 51.8483
130.374 60.3503
109.193 101.06
92.8527 92.5576
2
110.143 77.9051
0 0 0.545068 -0.838392
3
111.037 53.1968
127.872 60.6717
109.25 102.613
92.4146 95.1385
2
108.766 79.4444
0 0 0.570752 -0.821123
3
108.129 54.7282
125.394 61.1473
109.402 104.161
92.1371 97.7416
2
107.486 81.066
0 0 0.595889 -0.803067
3
105.322 56.4365
122.951 61.7753
109.651 105.696
92.0211 100.357
2
106.309 82.7637
0 0 0.620455 -0.784242
3
102.625 58.3153
120.551 62.5532
109.993 107.212
92.0672 102.974
2
105.239 84.5309
0 0 0.644427 -0.764666
3
100.05 60.3572
118.204 63.478
110.429 108.705
92.2751 105.584
2
104.281 86.3609
0 0 0.667782 -0.744357
3
97.6063 62.5545
115.918 64.5464
110.956 110.167
92.644 108.175
2
103.438 88.2467
0 0 0.690497 -0.723335
3
95.3031 64.8988
113.703 65.754
111.573 111.595
93.1725 110.739
2
102.713 90.181
0 0 0.712551 -0.70162
3
93.1493 67.3811
111.567 67.0964
112.276 112.981
93.8586 113.266
2
102.109 92.1565
0 0 0.733922 -0.679234
3
91.1532 69.9919
109.518 68.5683
113.065 114.321
94.6997 115.745
2
101.628 94.1656
0 0 0.75459 -0.656196
3
89.3225 72.7212
107.564 70.1642
113.934 115.61
95.6926 118.167
2
101.273 96.2005
0 0 0.774535 -0.632531
3
87.6641 75.5584
105.713 71.8779
114.882 116.843
96.8334 120.523
2
101.044 98.2535
0 0 0.793739 -0.608259
3
86.1844 78.4929
103.971 73.7029
115.904 118.014
98.1177 122.804
2
100.943 100.317
0 0 0.812182 -0.583404
3
84.889 81.5132
102.345 75.6321
116.997 119.12
99.5407 125.001
2
100.969 102.382
0 0 0.829847 -0.557991
3
83.783 84.608
100.842 77.6582
118.156 120.157
101.097 127.106
2
101.124 104.442
0 0 0.846717 -0.532043
3
82.8706 87.7652
99.4667 79.7735
119.376 121.119
102.78 129.111
2
101.405 106.489
0 0 0.862776 -0.505586
3
82.1552 90.9728
98.2251 81.9697
120.655 122.005
104.585 131.008
2
101.812 108.514
0 0 0.878009 -0.478644
3
81.6396 94.2185
97.1218 84.2385
121.985 122.809
106.503 132.789
2
103.411 109.823
0 0 0.862776 -0.505586
3
84.161 94.3066
100.231 85.3035
122.66 125.339
106.59 134.342
2
104.925 111.228
0 0 0.846717 -0.532043
3
86.672 94.5505
103.268 86.5588
123.178 127.905
106.582 135.896
2
106.349 112.724
0 0 0.829847 -0.557991
3
89.1632 94.9492
106.222 87.9995
123.536 130.498
106.477 137.448
2
107.679 114.305
0 0 0.812182 -0.583404
3
91.6249 95.5013
109.081 89.6202
123.733 133.108
106.277 138.99
2
108.908 115.965
0 0 0.793739 -0.608259
3
94.0477 96.2047
111.834 91.4147
123.767 135.726
105.981 140.516
2
110.031 117.699
0 0 0.774535 -0.632531
3
96.4225 97.0566
114.471 93.3761
123.64 138.341
105.592 142.021
2
111.046 119.498
0 0 0.75459 -0.656196
3
98.7399 98.0537
116.982 95.4968
123.352 140.943
105.11 143.499
2
111.317 121.433
0 0 0.75459 -0.656196
3
99.0111 99.9886
117.253 97.4316
123.623 142.877
105.381 145.434
2
111.588 123.368
0 0 0.75459 -0.656196
3
99.2823 101.923
117.524 99.3665
123.894 144.812
105.652 147.369
2
111.859 125.303
0 0 0.75459 -0.656196
3
99.5535 103.858
117.795 101.301
124.165 146.747
105.924 149.304
2
112.131 127.237
0 0 0.75459 -0.656196
3
99.8247 105.793
118.066 103.236
124.436 148.682
106.195 151.239
2
112.402 129.172
0 0 0.75459 -0.656196
3
100.096 107.728
118.338 105.171
124.708 150.617
106.466 153.174
2
112.673 131.107
0 0 0.75459 -0.656196
3
100.367 109.663
118.609 107.106
124.979 152.552
106.737 155.108
2
112.944 133.042
0 0 0.75459 -0.656196
3
100.638 111.598
118.88 109.041
125.25 154.486
107.008 157.043
2
113.215 134.977
0 0 0.75459 -0.656196
3
100.91 113.532
119.151 110.975
125.521 156.421
107.28 158.978
2
113.487 136.912
0 0 0.75459 -0.656196
3
101.181 115.467
119.422 112.91
125.792 158.356
107.551 160.913
2
113.758 138.846
0 0 0.75459 -0.656196
3
101.452 117.402
119.694 114.845
126.064 160.291
107.822 162.848
2
114.029 140.781
0 0 0.75459 -0.656196
3
101.723 119.337
119.965 116.78
126.335 162.226
108.093 164.783
2
114.3 142.716
0 0 0.75459 -0.656196
3
101.994 121.272
120.236 118.715
126.606 164.16
108.364 166.717
2
114.571 144.651
0 0 0.75459 -0.656196
3
102.266 123.207
120.507 120.65
126.877 166.095
108.636 168.652
2
114.843 146.586
0 0 0.75459 -0.656196
3
102.537 125.141
120.778 122.584
127.148 168.03
108.907 170.587
2
115.114 148.521
0 0 0.75459 -0.656196
3
102.808 127.076
121.05 124.519
127.42 169.965
109.178 172.522
2
115.385 150.455
0 0 0.75459 -0.656196
3
103.079 129.011
121.321 126.454
127.691 171.9
109.449 174.457
2
115.656 152.39
0 0 0.75459 -0.656196
3
103.35 130.946
121.592 128.389
127.962 173.835
109.72 176.392
2
115.927 154.325
0 0 0.75459 -0.656196
3
103.622 132.881
121.863 130.324
128.233 175.769
109.992 178.326
2
116.199 156.26
0 0 0.75459 -0.656196
3
103.893 134.816
122.134 132.259
128.505 177.704
110.263 180.261
2
116.47 158.195
0 0 0.75459 -0.656196
3
104.164 136.75
122.406 134.193
128.776 179.639
110.534 182.196
2
116.741 160.13
0 0 0.75459 -0.656196
3
104.435 138.685
122.677 136.128
129.047 181.574
110.805 184.131
2
117.012 162.064
0 0 0.75459 -0.656196
3
104.706 140.62
122.948 138.063
129.318 183.509
111.076 186.066
2
117.283 163.999
0 0 0.75459 -0.656196
3
104.978 142.555
123.219 139.998
129.589 185.444
111.348 188.001
2
117.555 165.934
0 0 0.75459 -0.656196
3
105.249 144.49
123.49 141.933
129.861 187.378
111.619 189.935
2
117.826 167.869
0 0 0.75459 -0.656196
3
105.52 146.424
123.762 143.868
130.132 189.313
111.89 191.87
2
118.097 169.804
0 0 0.75459 -0.656196
3
105.791 148.359
124.033 145.802
130.403 191.248
112.161 193.805
2
118.368 171.739
0 0 0.75459 -0.656196
3
106.062 150.294
124.304 147.737
130.674 193.183
112.432 195.74
2
118.639 173.673
0 0 0.75459 -0.656196
3
106.334 152.229
124.575 149.672
130.945 195.118
112.704 197.675
2
119.541 175.532
0 0 0.733922 -0.679234
3
108.585 153.368
126.95 151.944
130.496 197.697
112.131 199.12
2
120.325 177.443
0 0 0.712551 -0.70162
3
110.761 154.643
129.179 154.359
129.889 200.243
111.471 200.528
2
120.99 179.399
0 0 0.690497 -0.723335
3
112.855 156.051
131.255 156.906
129.125 202.747
110.724 201.892
2
121.532 181.392
0 0 0.667782 -0.744357
3
114.857 157.586
133.169 159.578
128.207 205.199
109.895 203.207
2
121.95 183.415
0 0 0.644427 -0.764666
3
116.761 159.242
134.915 162.362
127.14 207.589
108.986 204.468
2
122.242 185.46
0 0 0.620455 -0.784242
3
118.558 161.012
136.484 165.25
125.926 209.909
108.001 205.671
2
122.408 187.519
0 0 0.595889 -0.803067
3
120.243 162.89
137.872 168.229
124.572 212.149
106.943 206.81
2
122.445 189.585
0 0 0.570752 -0.821123
3
121.808 164.869
139.074 171.288
123.082 214.301
105.816 207.882
2
122.354 191.649
0 0 0.545068 -0.838392
3
123.248 166.94
140.083 174.415
121.461 216.357
104.626 208.882
2
122.136 193.703
0 0 0.518862 -0.854858
3
124.557 169.097
140.897 177.599
119.716 218.308
103.376 209.806
2
121.792 195.74
0 0 0.492159 -0.870505
3
125.73 171.331
141.513 180.827
117.854 220.148
102.071 210.652
2
121.322 197.751
0 0 0.464984 -0.885319
3
126.762 173.633
141.928 184.087
115.882 221.87
100.716 211.415
2
120.728 199.73
0 0 0.437365 -0.899284
3
127.65 175.994
142.14 187.367
113.806 223.465
99.3168 212.092
2
120.014 201.668
0 0 0.409326 -0.912388
3
128.391 178.406
142.149 190.653
111.637 224.93
97.8782 212.682
2
119.18 203.558
0 0 0.380895 -0.924618
3
128.98 180.859
141.955 193.934
109.38 226.257
96.4059 213.182
2
118.232 205.393
0 0 0.352099 -0.935963
3
129.417 183.344
141.558 197.196
107.046 227.443
94.9056 213.59
2
117.171 207.166
0 0 0.322966 -0.946411
3
129.7 185.851
140.96 200.428
104.643 228.481
93.3828 213.904
2
116.003 208.87
0 0 0.293524 -0.955952
3
129.826 188.37
140.163 203.616
102.181 229.369
91.8436 214.123
2
114.732 210.498
0 0 0.2638 -0.964577
3
129.797 190.893
139.171 206.749
99.6679 230.103
90.2937 214.247
2
113.363 212.045
0 0 0.233824 -0.972279
3
129.611 193.409
137.987 209.815
97.1145 230.68
88.7392 214.275
2
111.9 213.504
0 0 0.203624 -0.979049
3
129.271 195.909
136.615 212.801
94.5303 231.098
87.1859 214.206
2
110.35 214.869
0 0 0.173228 -0.984882
3
128.776 198.383
135.061 215.697
91.9251 231.356
85.6399 214.041
2
108.719 216.136
0 0 0.142667 -0.989771
3
128.129 200.821
133.331 218.491
89.3091 231.451
84.107 213.781
2
107.012 217.3
0 0 0.111969 -0.993712
3
127.332 203.215
131.431 221.173
86.6921 231.385
82.5931 213.427
2
105.237 218.356
0 0 0.0811643 -0.996701
3
126.389 205.555
129.37 223.732
84.0843 231.157
81.104 212.98
2
103.399 219.3
0 0 0.0502814 -0.998735
3
125.303 207.832
127.153 226.159
81.4955 230.768
79.6455 212.441
2
101.507 220.129
0 0 0.0193504 -0.999813
3
124.079 210.038
124.791 228.444
78.9358 230.22
78.223 211.814
2
99.5673 220.839
0 0 0.011599 0.999933
3
122.72 212.164
122.293 230.579
76.4149 229.514
76.8421 211.099
2
97.5872 221.427
0 0 0.0425375 0.999095
3
121.232 214.201
119.666 232.554
73.9424 228.654
75.5081 210.301
2
95.5745 221.892
0 0 0.0734352 0.9973
3
119.621 216.143
116.923 234.364
71.528 227.642
74.226 209.421
2
93.5369 222.232
0 0 0.104263 0.99455
3
117.893 217.981
114.073 236
69.1807 226.483
73.0008 208.464
2
91.4822 222.445
0 0 0.13499 0.990847
3
116.055 219.709
111.127 237.457
66.9096 225.181
71.8371 207.433
2
89.4182 222.53
0 0 0.165588 0.986195
3
114.113 221.319
108.097 238.729
64.7234 223.741
70.7395 206.331
2
87.3529 222.488
0 0 0.196028 0.980598
3
112.075 222.807
104.994 239.811
62.6305 222.169
69.7121 205.165
2
85.5493 221.737
0 0 0.196028 0.980598
3
110.272 222.056
103.19 239.06
60.8269 221.418
67.9085 204.413
2
83.7457 220.986
0 0 0.196028 0.980598
3
108.468 221.305
101.387 238.309
59.0233 220.667
66.1049 203.662
2
81.9421 220.235
0 0 0.196028 0.980598
3
106.664 220.554
99.5829 237.558
57.2197 219.916
64.3013 202.911
2
80.1385 219.483
0 0 0.196028 0.980598
3
104.861 219.802
97.7793 236.807
55.4161 219.164
62.4977 202.16
2
78.3349 218.732
0 0 0.196028 0.980598
3
103.057 219.051
95.9757 236.056
53.6125 218.413
60.6941 201.409
2
76.5313 217.981
0 0 0.196028 0.980598
3
101.254 218.3
94.1721 235.305
51.8089 217.662
58.8905 200.658
2
74.7277 217.23
0 0 0.196028 0.980598
3
99.4501 217.549
92.3685 234.553
50.0053 216.911
57.0869 199.907
2
72.9241 216.479
0 0 0.196028 0.980598
3
97.6465 216.798
90.5649 233.802
48.2018 216.16
55.2833 199.156
2
71.1205 215.728
0 0 0.196028 0.980598
3
95.8429 216.047
88.7613 233.051
46.3982 215.409
53.4797 198.404
2
69.3169 214.977
0 0 0.196028 0.980598
3
94.0393 215.296
86.9577 232.3
44.5946 214.658
51.6761 197.653
2
67.5133 214.226
0 0 0.196028 0.980598
3
92.2357 214.545
85.1541 231.549
42.791 213.907
49.8725 196.902
2
65.7097 213.475
0 0 0.196028 0.980598
3
90.4321 213.794
83.3505 230.798
40.9874 213.156
48.0689 196.151
2
63.9061 212.723
0 0 0.196028 0.980598
3
88.6285 213.042
81.5469 230.047
39.1838 212.404
46.2653 195.4
2
62.1025 211.972
0 0 0.196028 0.980598
3
86.8249 212.291
79.7433 229.296
37.3802 211.653
44.4617 194.649
2
60.2989 211.221
0 0 0.196028 0.980598
3
85.0213 211.54
77.9398 228.545
35.5766 210.902
42.6581 193.898
2
58.4953 210.47
0 0 0.196028 0.980598
3
83.2177 210.789
76.1362 227.793
33.773 210.151
40.8545 193.147
2
56.4366 210.3
0 0 0.22628 0.974062
3
81.0919 212.148
72.972 228.681
31.7814 208.452
39.9013 191.918
2
54.683 209.439
0 0 0.22628 0.974062
3
79.3382 211.286
71.2183 227.82
30.0277 207.591
38.1476 191.057
2
52.9293 208.577
0 0 0.22628 0.974062
3
77.5846 210.425
69.4646 226.959
28.274 206.73
36.3939 190.196
2
50.885 208.28
0 0 0.256315 0.966593
3
75.3788 211.65
66.2516 227.649
26.3913 204.911
35.5185 188.911
2
48.8631 207.857
0 0 0.286104 0.958199
3
73.1015 212.735
63.002 228.14
24.6247 202.979
34.7242 187.574
2
46.8712 207.31
0 0 0.31562 0.948886
3
70.7614 213.678
59.7283 228.428
22.981 200.941
34.0141 186.191
2
44.917 206.64
0 0 0.344833 0.938664
3
68.3674 214.474
56.443 228.514
21.4665 198.806
33.391 184.767
2
43.0079 205.851
0 0 0.373716 0.927543
3
65.9288 215.121
53.1587 228.396
20.087 196.581
32.8571 183.307
2
41.1513 204.945
0 0 0.40224 0.915534
3
63.4549 215.615
49.888 228.075
18.8477 194.275
32.4146 181.816
2
39.3543 203.927
0 0 0.43038 0.902648
3
60.9551 215.956
46.6434 227.552
17.7535 191.897
32.0652 180.301
2
37.6238 202.799
0 0 0.458107 0.888897
3
58.439 216.141
43.4374 226.83
16.8085 189.456
31.8102 178.767
2
35.9663 201.566
0 0 0.485396 0.874295
3
55.9163 216.17
40.2822 225.91
16.0164 186.961
31.6505 177.221
2
34.3883 200.232
0 0 0.512219 0.858855
3
53.3966 216.043
37.1899 224.798
15.3801 184.422
31.5868 175.667
2
32.8959 198.804
0 0 0.538552 0.842592
3
50.8896 215.761
34.1724 223.496
14.9021 181.848
31.6193 174.113
2
31.4946 197.287
0 0 0.564369 0.825523
3
48.4049 215.324
31.2412 222.01
14.5842 179.249
31.748 172.563
2
30.1899 195.685
0 0 0.589646 0.807662
3
45.952 214.734
28.4075 220.345
14.4277 176.636
31.9722 171.025
2
28.9867 194.006
0 0 0.614357 0.789028
3
43.5403 213.993
25.6823 218.508
14.4332 174.018
32.2912 169.503
2
27.8898 192.255
0 0 0.63848 0.769638
3
41.179 213.105
23.0758 216.507
14.6006 171.406
32.7037 168.004
2
26.9032 190.44
0 0 0.661992 0.749511
3
38.8772 212.072
20.5983 214.347
14.9293 168.809
33.2082 166.533
2
26.0308 188.568
0 0 0.684869 0.728666
3
36.6437 210.899
18.259 212.039
15.418 166.237
33.8027 165.097
2
25.2759 186.645
0 0 0.70709 0.707123
3
34.487 209.59
16.067 209.591
16.0649 163.701
34.4849 163.7
2
24.6414 184.679
0 0 0.728634 0.684903
3
32.4155 208.15
14.0307 207.011
16.8674 161.209
35.2522 162.347
2
24.1298 182.678
0 0 0.749481 0.662026
3
30.437 206.584
12.1578 204.31
17.8226 158.771
36.1017 161.045
2
23.7429 180.649
0 0 0.769609 0.638516
3
28.5591 204.899
10.4557 201.499
18.9267 156.398
37.0302 159.798
2
23.4823 178.599
0 0 0.789 0.614394
3
26.7891 203.102
8.93064 198.588
20.1756 154.097
38.034 158.611
2
23.349 176.538
0 0 0.807635 0.589683
3
25.1336 201.198
7.58863 195.588
21.5643 151.878
39.1093 157.488
2
23.944 174.677
0 0 0.807635 0.589683
3
25.7286 199.337
8.18364 193.727
22.1594 150.017
39.7043 155.627
2
24.539 172.816
0 0 0.807635 0.589683
3
26.3236 197.476
8.77865 191.866
22.7544 148.156
40.2994 153.766
2
25.134 170.955
0 0 0.807635 0.589683
3
26.9187 195.615
9.37366 190.005
23.3494 146.295
40.8944 151.905
2
26.337 169.276
0 0 0.789 0.614394
3
29.6437 193.778
11.7853 189.264
23.0302 144.774
40.8887 149.287
2
26.2037 167.214
0 0 0.807635 0.589683
3
27.9883 191.874
10.4433 186.265
24.419 142.554
41.964 148.164
2
26.1981 165.149
0 0 0.825496 0.564407
3
26.4538 189.872
9.28945 183.187
25.9424 140.426
43.1068 147.11
2
27.5027 163.547
0 0 0.807635 0.589683
3
29.2873 188.207
11.7423 182.597
25.718 138.887
43.263 144.497
2
28.7056 161.868
0 0 0.789 0.614394
3
32.0124 186.37
14.154 181.856
25.3989 137.365
43.2573 141.879
2
28.5723 159.806
0 0 0.807635 0.589683
3
30.357 184.466
12.812 178.856
26.7877 135.146
44.3327 140.756
2
28.5668 157.741
0 0 0.825496 0.564407
3
28.8225 182.464
11.6581 175.779
28.3111 133.017
45.4754 139.702
2
28.689 155.678
0 0 0.842567 0.538591
3
27.4148 180.37
10.6968 172.637
29.9632 130.987
46.6812 138.72
2
28.9386 153.628
0 0 0.858831 0.512259
3
26.1393 178.193
9.9318 169.44
31.7379 129.062
47.9454 137.815
2
29.3146 151.597
0 0 0.874272 0.485436
3
25.001 175.942
9.36596 166.203
33.6282 127.251
49.2632 136.99
2
30.8924 150.263
0 0 0.858831 0.512259
3
28.0932 174.829
11.8856 166.076
33.6917 125.698
49.8992 134.451
2
32.3848 148.835
0 0 0.842567 0.538591
3
31.1106 173.527
14.3926 165.793
33.659 124.143
50.377 131.877
2
33.7859 147.317
0 0 0.825496 0.564407
3
34.0416 172.04
16.8773 165.356
33.5302 122.594
50.6946 129.278
2
35.0905 145.715
0 0 0.807635 0.589683
3
36.8751 170.375
19.3301 164.766
33.3059 121.055
50.8508 126.665
2
36.2935 144.036
0 0 0.789 0.614394
3
39.6002 168.538
21.7418 164.025
32.9867 119.534
50.8451 124.047
2
37.3903 142.286
0 0 0.769609 0.638516
3
42.2065 166.536
24.103 163.136
32.5741 118.035
50.6775 121.435
2
38.3767 140.471
0 0 0.749481 0.662026
3
44.6838 164.377
26.4047 162.103
32.0695 116.564
50.3486 118.838
2
39.2489 138.598
0 0 0.728634 0.684903
3
47.0229 162.068
28.6381 160.93
31.4749 115.128
49.8596 116.266
2
40.0036 136.675
0 0 0.70709 0.707123
3
49.2146 159.62
30.7946 159.62
30.7925 113.73
49.2125 113.73
2
40.0035 134.721
0 0 0.70709 0.707123
3
49.2146 157.666
30.7946 157.667
30.7924 111.777
49.2124 111.776
2
40.0034 132.768
0 0 0.70709 0.707123
3
49.2145 155.712
30.7945 155.713
30.7923 109.823
49.2123 109.822
2
40.0033 130.814
0 0 0.70709 0.707123
3
49.2144 153.758
30.7944 153.759
30.7922 107.869
49.2122 107.868
2
40.0032 128.86
0 0 0.70709 0.707123
3
49.2143 151.805
30.7943 151.805
30.7922 105.915
49.2122 105.915
2
40.0031 126.906
0 0 0.70709 0.707123
3
49.2142 149.851
30.7942 149.852
30.7921 103.962
49.2121 103.961
2
40.003 124.953
0 0 0.70709 0.707123
3
49.2141 147.897
30.7941 147.898
30.792 102.008
49.212 102.007
2
40.0029 122.999
0 0 0.70709 0.707123
3
49.214 145.943
30.794 145.944
30.7919 100.054
49.2119 100.053
2
40.0029 121.045
0 0 0.70709 0.707123
3
49.2139 143.99
30.7939 143.99
30.7918 98.1004
49.2118 98.0996
2
40.0028 119.091
0 0 0.70709 0.707123
3
49.2138 142.036
30.7938 142.037
30.7917 96.1467
49.2117 96.1458
2
40.0027 117.138
0 0 0.70709 0.707123
3
49.2137 140.082
30.7937 140.083
30.7916 94.1929
49.2116 94.1921
2
40.0026 115.184
0 0 0.70709 0.707123
3
49.2136 138.128
30.7936 138.129
30.7915 92.2392
49.2115 92.2383
2
40.0025 113.23
0 0 0.70709 0.707123
3
49.2135 136.175
30.7935 136.175
30.7914 90.2854
49.2114 90.2846
2
40.0024 111.276
0 0 0.70709 0.707123
3
49.2135 134.221
30.7935 134.222
30.7913 88.3317
49.2113 88.3308
2
40.0023 109.323
0 0 0.70709 0.707123
3
49.2134 132.267
30.7934 132.268
30.7912 86.3779
49.2112 86.3771
2
40.0022 107.369
0 0 0.70709 0.707123
3
49.2133 130.313
30.7933 130.314
30.7911 84.4242
49.2111 84.4233
2
40.0021 105.415
0 0 0.70709 0.707123
3
49.2132 128.36
30.7932 128.36
30.7911 82.4704
49.2111 82.4696
2
40.002 103.461
0 0 0.70709 0.707123
3
49.2131 126.406
30.7931 126.407
30.791 80.5167
49.211 80.5158
2
40.0019 101.508
0 0 0.70709 0.707123
3
49.213 124.452
30.793 124.453
30.7909 78.5629
49.2109 78.5621
2
40.0018 99.5538
0 0 0.70709 0.707123
3
49.2129 122.498
30.7929 122.499
30.7908 76.6092
49.2108 76.6083
2
40.0018 97.6
0 0 0.70709 0.707123
3
49.2128 120.545
30.7928 120.545
30.7907 74.6554
49.2107 74.6546
2
40.0017 95.6463
0 0 0.70709 0.707123
3
49.2127 118.591
30.7927 118.592
30.7906 72.7017
49.2106 72.7008
2
40.0016 93.6925
0 0 0.70709 0.707123
3
49.2126 116.637
30.7926 116.638
30.7905 70.7479
49.2105 70.7471
2
40.0015 91.7388
0 0 0.70709 0.707123
3
49.2125 114.683
30.7925 114.684
30.7904 68.7942
49.2104 68.7933
2
40.0014 89.785
0 0 0.70709 0.707123
3
49.2125 112.73
30.7925 112.73
30.7903 66.8404
49.2103 66.8396
2
40.0013 87.8313
0 0 0.70709 0.707123
3
49.2124 110.776
30.7924 110.777
30.7902 64.8867
49.2102 64.8858
2
40.0012 85.8775
0 0 0.70709 0.707123
3
49.2123 108.822
30.7923 108.823
30.7901 62.9329
49.2101 62.9321
2
40.0011 83.9238
0 0 0.70709 0.707123
3
49.2122 106.868
30.7922 106.869
30.7901 60.9792
49.2101 60.9783
2
40.001 81.97
0 0 0.70709 0.707123
3
49.2121 104.915
30.7921 104.915
30.79 59.0254
49.21 59.0246
2
40.0009 80.0163
0 0 0.70709 0.707123
3
49.212 102.961
30.792 102.962
30.7899 57.0717
49.2099 57.0708
2
40.0008 78.0625
0 0 0.70709 0.707123
3
49.2119 101.007
30.7919 101.008
30.7898 55.1179
49.2098 55.1171
2
40.0007 76.1087
0 0 0.70709 0.707123
3
49.2118 99.0533
30.7918 99.0542
30.7897 53.1642
49.2097 53.1633
2
40.0007 74.155
0 0 0.70709 0.707123
3
49.2117 97.0996
30.7917 97.1004
30.7896 51.2104
49.2096 51.2096
