1
578.057 195.37 3.1415
1
576.103 195.37 3.1415
1
574.149 195.37 3.1415
1
572.196 195.37 3.1415
1
570.257 195.612 3.0796
1
568.337 195.973 3.0177
1
566.398 196.214 3.0177
1
564.459 196.456 3.0177
1
562.521 196.697 3.0177
1
560.582 196.939 3.0177
1
558.643 197.18 3.0177
1
556.704 197.421 3.0177
1
554.765 197.663 3.0177
1
552.827 197.904 3.0177
1
550.873 197.905 3.0796
1
548.953 198.265 3.0177
1
547.014 198.507 3.0177
1
545.075 198.748 3.0177
1
543.136 198.99 3.0177
1
541.183 198.99 3.0796
1
539.233 198.869 3.1415
1
537.294 198.628 3.2034
1
535.374 198.268 3.2653
1
533.479 197.789 3.32721
1
531.618 197.194 3.38911
1
529.798 196.485 3.45101
1
528.025 195.665 3.51291
1
526.305 194.737 3.57481
1
524.647 193.704 3.63672
1
523.056 192.57 3.69862
1
521.538 191.341 3.76052
1
520.098 190.019 3.82242
1
518.744 188.611 3.88432
1
520.009 190.1 3.94623
1
521.179 191.665 4.00813
1
522.251 193.298 4.07003
1
523.219 194.995 4.13193
1
524.08 196.749 4.19383
1
524.832 198.552 4.25574
1
525.47 200.399 4.31764
1
525.993 202.281 4.37954
1
526.399 204.193 4.44144
1
526.685 206.125 4.50335
1
526.851 208.072 4.56525
1
526.897 210.025 4.62715
1
526.822 211.977 4.68905
1
526.626 213.921 4.75095
1
526.31 215.849 4.81286
1
525.875 217.754 4.87476
1
525.324 219.628 4.93666
1
524.657 221.465 4.99856
1
523.879 223.257 5.06046
1
522.991 224.997 5.12237
1
521.997 226.679 5.18427
1
520.9 228.296 5.24617
1
519.906 229.978 5.24617
1
518.912 231.66 5.24617
1
517.918 233.342 5.24617
1
516.924 235.024 5.24617
1
515.93 236.706 5.24617
1
514.736 238.252 5.30807
1
513.448 239.722 5.36997
1
512.072 241.109 5.43188
1
510.613 242.408 5.49378
1
509.419 243.955 5.43188
1
508.323 245.572 5.36997
1
507.329 247.254 5.30807
1
506.441 248.994 5.24617
1
505.662 250.786 5.18427
1
504.996 252.622 5.12237
1
504.444 254.497 5.06046
1
503.556 256.237 5.12237
1
502.562 257.919 5.18427
1
501.466 259.536 5.24617
1
500.272 261.083 5.30807
1
498.984 262.552 5.36997
1
497.608 263.939 5.43188
1
496.149 265.238 5.49378
1
494.612 266.445 5.55568
1
493.004 267.554 5.61758
1
491.467 268.76 5.61758
1
489.93 269.967 5.61758
1
488.394 271.173 5.61758
1
486.857 272.38 5.61758
1
485.32 273.587 5.61758
1
483.784 274.793 5.61758
1
482.247 276 5.61758
1
480.71 277.206 5.61758
1
479.173 278.413 5.61758
1
477.637 279.619 5.61758
1
476.1 280.826 5.61758
1
474.563 282.032 5.61758
1
473.027 283.239 5.61758
1
471.49 284.445 5.61758
1
469.953 285.652 5.61758
1
468.416 286.858 5.61758
1
466.88 288.065 5.61758
1
465.343 289.271 5.61758
1
463.806 290.478 5.61758
1
462.27 291.684 5.61758
1
460.733 292.891 5.61758
1
459.196 294.097 5.61758
1
457.659 295.304 5.61758
1
456.123 296.51 5.61758
1
454.586 297.717 5.61758
1
453.049 298.923 5.61758
1
451.513 300.13 5.61758
1
449.976 301.336 5.61758
1
448.439 302.543 5.61758
1
446.902 303.749 5.61758
1
445.366 304.956 5.61758
1
443.829 306.162 5.61758
1
442.292 307.369 5.61758
1
440.756 308.575 5.61758
1
439.219 309.782 5.61758
1
437.682 310.988 5.61758
1
436.146 312.195 5.61758
1
434.609 313.401 5.61758
1
433.072 314.608 5.61758
1
431.535 315.814 5.61758
1
429.999 317.021 5.61758
1
428.462 318.227 5.61758
1
426.788 319.235 5.67948
1
425.055 320.137 5.74139
1
423.269 320.93 5.80329
1
421.661 322.039 5.74139
1
420.124 323.246 5.67948
1
418.665 324.545 5.61758
1
417.289 325.932 5.55568
1
416.002 327.402 5.49378
1
414.465 328.608 5.55568
1
412.857 329.717 5.61758
1
411.183 330.725 5.67948
1
409.45 331.627 5.74139
1
407.664 332.42 5.80329
1
405.833 333.101 5.86519
1
403.963 333.667 5.92709
1
402.062 334.117 5.98899
1
400.136 334.448 6.0509
1
398.194 334.66 6.1128
1
396.242 334.751 6.1747
1
394.289 334.721 6.2366
1
392.337 334.812 6.2366
1
390.386 334.903 6.2366
1
388.434 334.994 6.2366
1
386.482 335.085 6.2366
1
384.531 335.176 6.2366
1
382.579 335.267 6.2366
1
380.627 335.358 6.2366
1
378.676 335.449 6.2366
1
376.724 335.54 6.2366
1
374.773 335.631 6.2366
1
372.821 335.722 6.2366
1
370.869 335.813 6.2366
1
368.918 335.904 6.2366
1
366.966 335.995 6.2366
1
365.014 336.086 6.2366
1
363.063 336.177 6.2366
1
361.111 336.268 6.2366
1
359.16 336.359 6.2366
1
357.208 336.45 6.2366
1
355.256 336.541 6.2366
1
353.305 336.632 6.2366
1
351.353 336.722 6.2366
1
349.401 336.813 6.2366
1
347.45 336.904 6.2366
1
345.498 336.995 6.2366
1
343.546 337.086 6.2366
1
341.595 337.177 6.2366
1
339.647 337.027 0.015319
1
337.712 336.756 0.0772211
1
335.764 336.605 0.0772211
1
333.816 336.454 0.0772211
1
331.868 336.303 0.0772211
1
329.92 336.153 0.0772211
1
327.972 336.002 0.0772211
1
326.024 335.851 0.0772211
1
324.077 335.701 0.0772211
1
322.129 335.55 0.0772211
1
320.181 335.399 0.0772211
1
318.233 335.248 0.0772211
1
316.285 335.098 0.0772211
1
314.337 334.947 0.0772211
1
312.389 334.796 0.0772211
1
310.441 334.646 0.0772211
1
308.493 334.495 0.0772211
1
306.545 334.344 0.0772211
1
304.597 334.193 0.0772211
1
302.649 334.043 0.0772211
1
300.701 333.892 0.0772211
1
298.753 333.741 0.0772211
1
296.805 333.59 0.0772211
1
294.857 333.44 0.0772211
1
292.91 333.289 0.0772211
1
290.962 333.138 0.0772211
1
289.014 332.988 0.0772211
1
287.066 332.837 0.0772211
1
285.151 332.447 0.139123
1
283.265 331.939 0.201025
1
281.413 331.315 0.262927
1
279.604 330.578 0.324829
1
277.843 329.731 0.386731
1
276.139 328.776 0.448634
1
274.496 327.718 0.510536
1
272.923 326.56 0.572438
1
271.424 325.307 0.63434
1
270.005 323.964 0.696242
1
268.672 322.535 0.758144
1
267.43 321.027 0.820046
1
266.284 319.445 0.881948
1
265.238 317.795 0.94385
1
264.296 316.083 1.00575
1
263.462 314.317 1.06765
1
262.52 312.605 1.06765
1
261.577 310.893 1.06765
1
260.635 309.182 1.06765
1
259.693 307.47 1.06765
1
258.751 305.758 1.06765
1
257.809 304.047 1.06765
1
256.867 302.335 1.06765
1
255.925 300.623 1.06765
1
255.202 298.809 1.12956
1
254.592 296.952 1.19146
1
254.098 295.062 1.25336
1
253.722 293.145 1.31526
1
253.465 291.208 1.37716
1
253.329 289.259 1.43907
1
253.314 287.305 1.50097
1
252.938 285.388 1.43907
1
252.922 283.435 1.50097
1
252.546 281.517 1.43907
1
252.531 279.564 1.50097
1
252.636 277.613 1.56287
1
252.862 275.672 1.62477
1
253.208 273.749 1.68667
1
253.671 271.851 1.74858
1
253.777 269.9 1.68667
1
253.761 267.947 1.62477
1
253.625 265.998 1.56287
1
253.368 264.061 1.50097
1
253.232 262.112 1.50097
1
253.096 260.163 1.50097
1
252.959 258.214 1.50097
1
252.823 256.265 1.50097
1
252.687 254.316 1.50097
1
252.551 252.367 1.50097
1
252.414 250.418 1.50097
1
252.278 248.469 1.50097
1
252.142 246.52 1.50097
1
252.005 244.571 1.50097
1
251.869 242.622 1.50097
1
251.733 240.673 1.50097
1
251.596 238.724 1.50097
1
251.46 236.775 1.50097
1
251.324 234.826 1.50097
1
251.187 232.877 1.50097
1
251.051 230.928 1.50097
1
250.915 228.979 1.50097
1
250.778 227.03 1.50097
1
250.642 225.081 1.50097
1
250.506 223.132 1.50097
1
250.369 221.183 1.50097
1
250.233 219.234 1.50097
1
250.097 217.285 1.50097
1
249.96 215.336 1.50097
1
249.824 213.387 1.50097
1
249.688 211.438 1.50097
1
249.551 209.489 1.50097
1
249.415 207.54 1.50097
1
249.279 205.591 1.50097
1
249.142 203.642 1.50097
1
249.006 201.693 1.50097
1
248.87 199.744 1.50097
1
248.734 197.795 1.50097
1
248.597 195.846 1.50097
1
248.461 193.897 1.50097
1
248.325 191.948 1.50097
1
248.188 189.999 1.50097
1
248.052 188.05 1.50097
1
247.916 186.101 1.50097
1
247.779 184.152 1.50097
1
247.643 182.203 1.50097
1
247.507 180.254 1.50097
1
247.37 178.305 1.50097
1
247.234 176.356 1.50097
1
247.098 174.407 1.50097
1
246.961 172.458 1.50097
1
246.825 170.509 1.50097
1
246.689 168.56 1.50097
1
246.552 166.611 1.50097
1
246.416 164.662 1.50097
1
246.28 162.713 1.50097
1
246.143 160.764 1.50097
1
246.007 158.815 1.50097
1
245.871 156.866 1.50097
1
245.734 154.917 1.50097
1
245.598 152.968 1.50097
1
245.462 151.02 1.50097
1
245.325 149.071 1.50097
1
245.189 147.122 1.50097
1
245.053 145.173 1.50097
1
244.916 143.224 1.50097
1
244.78 141.275 1.50097
1
244.404 139.357 1.43907
1
243.91 137.467 1.37716
1
243.301 135.611 1.31526
1
242.577 133.796 1.25336
1
241.743 132.029 1.19146
1
241.249 130.139 1.25336
1
240.873 128.222 1.31526
1
240.616 126.285 1.37716
1
240.48 124.336 1.43907
1
240.465 122.382 1.50097
1
240.089 120.465 1.43907
1
239.595 118.575 1.37716
1
238.985 116.719 1.31526
1
238.261 114.904 1.25336
1
237.427 113.137 1.19146
1
236.485 111.426 1.12956
1
235.439 109.775 1.06765
1
234.293 108.193 1.00575
1
233.051 106.685 0.94385
1
231.904 105.103 0.94385
1
230.758 103.521 0.94385
1
229.612 101.938 0.94385
1
228.466 100.356 0.94385
1
227.32 98.7741 0.94385
1
226.173 97.1919 0.94385
1
225.027 95.6097 0.94385
1
223.881 94.0275 0.94385
1
222.735 92.4453 0.94385
1
221.589 90.8631 0.94385
1
220.442 89.2809 0.94385
1
219.296 87.6987 0.94385
1
218.15 86.1165 0.94385
1
217.004 84.5343 0.94385
1
215.858 82.9521 0.94385
1
214.711 81.3699 0.94385
1
213.565 79.7878 0.94385
1
212.419 78.2056 0.94385
1
211.273 76.6234 0.94385
1
210.127 75.0412 0.94385
1
208.98 73.459 0.94385
1
207.647 72.0305 0.881948
1
206.229 70.6871 0.820046
1
205.083 69.1049 0.881948
1
204.036 67.4548 0.94385
1
203.094 65.7432 1.00575
1
202.26 63.9766 1.06765
1
201.114 62.3944 1.00575
1
199.872 60.8862 0.94385
1
198.539 59.4576 0.881948
1
197.12 58.1143 0.820046
1
195.621 56.8613 0.758144
1
194.048 55.7034 0.696242
1
192.405 54.6451 0.63434
1
190.701 53.6904 0.572438
1
188.94 52.843 0.510536
1
187.131 52.1061 0.448634
1
185.279 51.4825 0.386731
1
183.393 50.9748 0.324829
1
181.478 50.5846 0.262927
1
179.543 50.3137 0.201025
1
177.596 50.163 0.139123
1
175.642 50.133 0.0772211
1
173.69 50.224 0.015319
1
171.748 50.4356 6.2366
1
169.823 50.7668 6.1747
1
167.921 51.2166 6.1128
1
166.052 51.7831 6.0509
1
164.22 52.4642 5.98899
1
162.295 52.7955 6.0509
1
160.353 53.0071 6.1128
1
158.401 53.098 6.1747
1
156.448 53.0681 6.2366
1
154.5 52.9174 0.015319
1
152.557 53.1289 6.2366
1
150.606 53.2199 6.2366
1
148.654 53.3109 6.2366
1
146.702 53.4019 6.2366
1
144.751 53.4928 6.2366
1
142.799 53.5838 6.2366
1
140.848 53.6748 6.2366
1
138.896 53.7658 6.2366
1
136.944 53.8568 6.2366
1
134.993 53.9477 6.2366
1
133.041 54.0387 6.2366
1
131.089 54.1297 6.2366
1
129.138 54.2207 6.2366
1
127.186 54.3117 6.2366
1
125.235 54.4026 6.2366
1
123.283 54.4936 6.2366
1
121.331 54.5846 6.2366
1
119.38 54.6756 6.2366
1
117.428 54.7666 6.2366
1
115.476 54.8576 6.2366
1
113.525 54.9485 6.2366
1
111.573 55.0395 6.2366
1
109.621 55.1305 6.2366
1
107.67 55.2215 6.2366
1
105.718 55.3125 6.2366
1
103.767 55.4034 6.2366
1
101.815 55.4944 6.2366
1
99.8633 55.5854 6.2366
1
97.9117 55.6764 6.2366
1
95.9601 55.7674 6.2366
1
94.0084 55.8583 6.2366
1
92.0568 55.9493 6.2366
1
90.1052 56.0403 6.2366
1
88.1536 56.1313 6.2366
1
86.2019 56.2223 6.2366
1
84.2503 56.3132 6.2366
1
82.2987 56.4042 6.2366
1
80.3732 56.7355 6.1747
1
78.4719 57.1853 6.1128
1
76.6021 57.7518 6.0509
1
74.7008 58.2016 6.0509
1
72.7996 58.6513 6.0509
1
70.8983 59.1011 6.0509
1
68.997 59.5508 6.0509
1
67.0957 60.0006 6.0509
1
65.1945 60.4504 6.0509
1
63.2932 60.9001 6.0509
1
61.462 61.5812 5.98899
1
59.5365 61.9125 6.0509
1
57.7054 62.5936 5.98899
1
55.9198 63.3867 5.92709
1
54.1868 64.2887 5.86519
1
52.5128 65.2962 5.80329
1
50.7798 66.1983 5.80329
1
49.0467 67.1003 5.80329
1
47.3136 68.0023 5.80329
1
45.5806 68.9043 5.80329
1
43.7494 69.5854 5.86519
1
42.0755 70.593 5.80329
1
40.4671 71.7021 5.74139
1
38.9304 72.9086 5.67948
1
37.4712 74.2079 5.61758
1
36.0953 75.5949 5.55568
1
34.8077 77.0644 5.49378
1
33.6136 78.6107 5.43188
1
32.5174 80.228 5.36997
1
31.5233 81.9099 5.30807
1
30.6353 83.6502 5.24617
1
29.8565 85.442 5.18427
1
29.1901 87.2786 5.12237
1
28.6386 89.1529 5.06046
1
28.2041 91.0577 4.99856
1
27.8883 92.9858 4.93666
1
27.6923 94.9297 4.87476
1
27.617 96.882 4.81286
1
27.6626 98.8352 4.75095
1
27.8289 100.782 4.68905
1
28.1153 102.714 4.62715
1
28.5208 104.626 4.56525
1
29.0437 106.508 4.50335
1
29.6821 108.355 4.44144
1
29.9685 110.287 4.50335
1
30.1348 112.234 4.56525
1
30.1804 114.187 4.62715
1
30.5859 116.098 4.56525
1
31.1088 117.981 4.50335
1
31.7472 119.827 4.44144
1
32.4985 121.631 4.37954
1
33.36 123.384 4.31764
1
34.3284 125.081 4.25574
1
34.9667 126.928 4.31764
1
35.4896 128.81 4.37954
1
35.8951 130.722 4.44144
1
36.1815 132.654 4.50335
1
36.3478 134.601 4.56525
1
36.3934 136.554 4.62715
1
36.3181 138.506 4.68905
1
36.1222 140.45 4.75095
1
35.8063 142.378 4.81286
1
35.3718 144.283 4.87476
1
34.8203 146.157 4.93666
1
34.6244 148.101 4.87476
1
34.549 150.054 4.81286
1
34.5946 152.007 4.75095
1
34.761 153.954 4.68905
1
35.0474 155.886 4.62715
1
35.4528 157.797 4.56525
1
35.7393 159.73 4.56525
1
36.0257 161.663 4.56525
1
36.3122 163.595 4.56525
1
36.5986 165.528 4.56525
1
36.8851 167.461 4.56525
1
37.1715 169.393 4.56525
1
37.4579 171.326 4.56525
1
37.7444 173.258 4.56525
1
38.0308 175.191 4.56525
1
38.3173 177.124 4.56525
1
38.6037 179.056 4.56525
1
38.8901 180.989 4.56525
1
39.1766 182.922 4.56525
1
39.463 184.854 4.56525
1
39.7495 186.787 4.56525
1
40.0359 188.719 4.56525
1
40.3224 190.652 4.56525
1
40.6088 192.585 4.56525
1
40.8952 194.517 4.56525
1
41.1817 196.45 4.56525
1
41.4681 198.383 4.56525
1
41.7546 200.315 4.56525
1
42.041 202.248 4.56525
1
42.3274 204.181 4.56525
1
42.6139 206.113 4.56525
1
42.9003 208.046 4.56525
1
43.1868 209.978 4.56525
1
43.4732 211.911 4.56525
1
43.7597 213.844 4.56525
1
44.0461 215.776 4.56525
1
44.3325 217.709 4.56525
1
44.619 219.642 4.56525
1
44.9054 221.574 4.56525
1
45.1919 223.507 4.56525
1
45.4783 225.439 4.56525
1
45.7648 227.372 4.56525
1
46.0512 229.305 4.56525
1
46.3376 231.237 4.56525
1
46.6241 233.17 4.56525
1
46.9105 235.103 4.56525
1
47.197 237.035 4.56525
1
47.4834 238.968 4.56525
1
47.7698 240.901 4.56525
1
48.0563 242.833 4.56525
1
48.3427 244.766 4.56525
1
48.6292 246.698 4.56525
1
48.9156 248.631 4.56525
1
49.2021 250.564 4.56525
1
49.4885 252.496 4.56525
1
49.7749 254.429 4.56525
1
50.0614 256.362 4.56525
1
50.3478 258.294 4.56525
1
50.6343 260.227 4.56525
1
50.9207 262.16 4.56525
1
51.2071 264.092 4.56525
1
51.4936 266.025 4.56525
1
51.78 267.957 4.56525
1
52.0665 269.89 4.56525
1
52.3529 271.823 4.56525
1
52.6394 273.755 4.56525
1
52.9258 275.688 4.56525
1
53.2122 277.621 4.56525
1
53.4987 279.553 4.56525
1
53.7851 281.486 4.56525
1
54.0716 283.419 4.56525
1
54.358 285.351 4.56525
1
54.6444 287.284 4.56525
1
55.1674 289.166 4.50335
1
55.8057 291.013 4.44144
1
56.5571 292.816 4.37954
1
57.4186 294.57 4.31764
1
58.3869 296.267 4.25574
1
59.0253 298.113 4.31764
1
59.5482 299.996 4.37954
1
59.9536 301.907 4.44144
1
60.2401 303.84 4.50335
1
60.4064 305.786 4.56525
1
60.452 307.74 4.62715
1
60.3767 309.692 4.68905
1
60.1807 311.636 4.75095
1
59.8649 313.564 4.81286
1
59.9105 315.517 4.75095
1
60.0768 317.464 4.68905
1
60.3633 319.396 4.62715
1
60.7687 321.308 4.56525
1
61.2916 323.19 4.50335
1
61.93 325.037 4.44144
1
62.2164 326.969 4.50335
1
62.3828 328.916 4.56525
1
62.4283 330.869 4.62715
1
62.353 332.822 4.68905
1
62.1571 334.765 4.75095
1
62.3234 336.712 4.68905
1
62.6098 338.645 4.62715
1
63.0153 340.556 4.56525
1
63.5382 342.438 4.50335
1
64.1766 344.285 4.44144
1
64.9279 346.088 4.37954
1
65.7894 347.842 4.31764
1
66.7578 349.539 4.25574
1
67.8292 351.173 4.19383
1
68.9997 352.737 4.13193
1
70.2647 354.226 4.07003
1
71.6193 355.634 4.00813
1
73.0585 356.955 3.94623
1
74.5767 358.185 3.88432
1
76.168 359.318 3.82242
1
77.8264 360.351 3.76052
1
79.5455 361.28 3.69862
1
81.3188 362.1 3.63672
1
83.1394 362.809 3.57481
1
85.0004 363.404 3.51291
1
86.8946 363.882 3.45101
1
88.8148 364.243 3.38911
1
90.7536 364.484 3.32721
1
92.7036 364.605 3.2653
1
94.6573 364.604 3.2034
1
96.6073 364.483 3.1415
1
98.5461 364.242 3.0796
1
100.466 363.881 3.0177
1
102.42 363.881 3.0796
1
104.37 364.001 3.1415
1
106.324 364.001 3.1415
1
108.277 364.001 3.1415
1
110.231 364.001 3.1415
1
112.185 364.001 3.1415
1
114.139 364.001 3.1415
1
116.092 364 3.1415
1
118.046 364 3.1415
1
120 364 3.1415
2
563.902 195.371
0 0 1 4.63287e-05
3
540.958 204.583
540.956 186.163
586.846 186.159
586.848 204.579
2
561.948 195.371
0 0 1 4.63287e-05
3
539.004 204.584
539.002 186.164
584.892 186.159
584.894 204.579
2
559.994 195.372
0 0 1 4.63287e-05
3
537.05 204.584
537.049 186.164
582.939 186.159
582.94 204.579
2
558.041 195.372
0 0 1 4.63287e-05
3
535.097 204.584
535.095 186.164
580.985 186.16
580.987 204.58
2
556.129 196.489
0 0 0.99952 0.0309924
3
533.799 207.103
532.658 188.718
578.459 185.875
579.601 204.26
2
554.29 197.722
0 0 0.998082 0.0619088
3
532.659 209.697
530.383 191.418
575.921 185.747
578.198 204.026
2
552.352 197.964
0 0 0.998082 0.0619088
3
530.721 209.939
528.444 191.66
573.983 185.989
576.259 204.267
2
550.413 198.205
0 0 0.998082 0.0619088
3
528.782 210.18
526.506 191.901
572.044 186.23
574.32 204.509
2
548.474 198.446
0 0 0.998082 0.0619088
3
526.843 210.421
524.567 192.143
570.105 186.472
572.381 204.75
2
546.535 198.688
0 0 0.998082 0.0619088
3
524.904 210.663
522.628 192.384
568.166 186.713
570.443 204.992
2
544.596 198.929
0 0 0.998082 0.0619088
3
522.966 210.904
520.689 192.625
566.227 186.954
568.504 205.233
2
542.658 199.171
0 0 0.998082 0.0619088
3
521.027 211.146
518.75 192.867
564.289 187.196
566.565 205.475
2
540.719 199.412
0 0 0.998082 0.0619088
3
519.088 211.387
516.812 193.108
562.35 187.437
564.626 205.716
2
538.78 199.654
0 0 0.998082 0.0619088
3
517.149 211.629
514.873 193.35
560.411 187.679
562.687 205.958
2
536.745 198.782
0 0 0.99952 0.0309924
3
514.415 209.395
513.274 191.011
559.075 188.168
560.217 206.552
2
534.906 200.015
0 0 0.998082 0.0619088
3
513.275 211.99
510.999 193.711
556.537 188.04
558.814 206.319
2
532.967 200.256
0 0 0.998082 0.0619088
3
511.337 212.231
509.06 193.952
554.598 188.281
556.875 206.56
2
531.029 200.498
0 0 0.998082 0.0619088
3
509.398 212.473
507.121 194.194
552.66 188.523
554.936 206.801
2
529.09 200.739
0 0 0.998082 0.0619088
3
507.459 212.714
505.183 194.435
550.721 188.764
552.997 207.043
2
527.055 199.867
0 0 0.99952 0.0309924
3
504.725 210.481
503.583 192.096
549.385 189.253
550.526 207.638
2
525.078 198.871
0 0 1 4.63287e-05
3
502.134 208.083
502.132 189.663
548.022 189.658
548.024 208.078
2
523.166 197.754
0 0 0.999522 -0.0308998
3
499.696 205.529
500.834 187.144
546.636 189.979
545.498 208.364
2
521.327 196.521
0 0 0.998088 -0.0618163
3
497.421 202.829
499.694 184.55
545.233 190.213
542.96 208.492
2
519.568 195.177
0 0 0.995697 -0.0926736
3
495.317 199.994
498.716 181.89
543.818 190.359
540.419 208.463
2
517.895 193.726
0 0 0.992352 -0.123442
3
493.393 197.034
497.906 179.175
542.397 190.418
537.884 208.277
2
516.315 192.175
0 0 0.988056 -0.154092
3
491.655 193.961
497.264 176.415
540.975 190.389
535.366 207.934
2
514.834 190.529
0 0 0.982815 -0.184595
3
490.111 190.786
496.795 173.621
539.557 190.272
532.874 207.437
2
513.458 188.794
0 0 0.976631 -0.214921
3
488.767 187.521
496.499 170.803
538.15 190.068
530.417 206.786
2
512.192 186.978
0 0 0.969513 -0.245041
3
487.626 184.18
496.378 167.972
536.758 189.776
528.005 205.984
2
511.041 185.087
0 0 0.961465 -0.274926
3
486.695 180.775
496.433 165.139
535.386 189.4
525.648 205.035
2
510.008 183.128
0 0 0.952497 -0.304548
3
485.976 177.318
496.663 162.315
534.04 188.939
523.354 203.942
2
509.099 181.11
0 0 0.942616 -0.333878
3
485.473 173.824
497.067 159.51
532.726 188.395
521.132 202.709
2
508.317 179.038
0 0 0.931833 -0.362889
3
485.186 170.305
497.644 156.736
531.447 187.772
518.99 201.34
2
510.194 179.901
0 0 0.920156 -0.391551
3
487.648 169.753
500.921 156.981
532.74 190.048
519.467 202.82
2
512.014 180.877
0 0 0.907599 -0.419839
3
490.139 169.354
504.177 157.428
533.889 192.4
519.852 204.327
2
513.771 181.965
0 0 0.894172 -0.447725
3
492.65 169.111
507.399 158.075
534.891 194.819
520.142 205.854
2
515.456 183.159
0 0 0.879888 -0.475181
3
495.172 169.023
510.575 158.921
535.741 197.295
520.338 207.396
2
517.065 184.455
0 0 0.864762 -0.502183
3
497.694 169.091
513.692 159.961
536.436 199.819
520.438 208.948
2
518.59 185.848
0 0 0.848807 -0.528703
3
500.206 169.315
516.739 161.193
536.974 202.381
520.441 210.503
2
520.027 187.332
0 0 0.832039 -0.554717
3
502.701 169.694
519.704 162.61
537.352 204.971
520.349 212.055
2
521.368 188.903
0 0 0.814474 -0.5802
3
505.167 170.227
522.576 164.208
537.57 207.58
520.161 213.598
2
522.61 190.554
0 0 0.796129 -0.605127
3
507.595 170.911
525.343 165.981
537.625 210.197
519.877 215.127
2
523.747 192.278
0 0 0.777021 -0.629474
3
509.976 171.744
527.995 167.922
537.519 212.813
519.5 216.635
2
524.776 194.07
0 0 0.75717 -0.653218
3
512.302 172.723
530.523 170.022
537.251 215.417
519.03 218.117
2
525.692 195.921
0 0 0.736592 -0.676337
3
514.562 173.844
532.915 172.276
536.822 217.999
518.469 219.567
2
526.491 197.826
0 0 0.71531 -0.698808
3
516.748 175.102
535.163 174.673
536.234 220.55
517.819 220.98
2
527.171 199.777
0 0 0.693342 -0.720609
3
518.853 176.494
537.259 177.204
535.49 223.06
517.084 222.35
2
527.73 201.766
0 0 0.67071 -0.74172
3
520.867 178.013
539.194 179.86
534.592 225.519
516.265 223.671
2
528.164 203.785
0 0 0.647435 -0.762121
3
522.784 179.653
540.962 182.631
533.543 227.917
515.365 224.94
2
528.472 205.828
0 0 0.62354 -0.781791
3
524.595 181.409
542.554 185.506
532.348 230.247
514.39 226.15
2
528.653 207.886
0 0 0.599048 -0.800713
3
526.295 183.274
543.965 188.474
531.012 232.497
513.341 227.298
2
528.707 209.951
0 0 0.573982 -0.818868
3
527.875 185.24
545.191 191.523
529.538 234.661
512.223 228.378
2
528.633 212.015
0 0 0.548367 -0.836238
3
529.331 187.301
546.225 194.643
527.934 236.73
511.04 229.388
2
528.431 214.071
0 0 0.522226 -0.852807
3
530.657 189.447
547.064 197.82
526.204 238.695
509.797 230.322
2
528.102 216.11
0 0 0.495585 -0.86856
3
531.848 191.671
547.705 201.043
524.357 240.549
508.499 231.178
2
527.108 217.792
0 0 0.495585 -0.86856
3
530.854 193.353
546.711 202.725
523.363 242.231
507.505 232.86
2
526.114 219.474
0 0 0.495585 -0.86856
3
529.86 195.035
545.717 204.407
522.369 243.913
506.511 234.541
2
525.12 221.156
0 0 0.495585 -0.86856
3
528.865 196.717
544.723 206.089
521.375 245.595
505.517 236.223
2
524.126 222.838
0 0 0.495585 -0.86856
3
527.871 198.399
543.729 207.771
520.381 247.277
504.523 237.905
2
523.132 224.52
0 0 0.495585 -0.86856
3
526.877 200.081
542.735 209.453
519.386 248.959
503.529 239.587
2
522.678 226.535
0 0 0.468469 -0.88348
3
527.928 202.375
543.175 212.71
517.428 250.696
502.18 240.361
2
522.1 228.519
0 0 0.440904 -0.897554
3
528.835 204.729
543.414 215.988
515.365 252.308
500.786 241.05
2
521.401 230.462
0 0 0.412917 -0.910769
3
529.594 207.135
543.448 219.274
513.207 253.79
499.353 241.651
2
520.582 232.359
0 0 0.384535 -0.923111
3
530.203 209.583
543.28 222.556
510.961 255.135
497.884 242.162
2
518.747 233.308
0 0 0.412917 -0.910769
3
526.941 209.981
540.795 222.119
510.554 256.635
496.699 244.497
2
516.975 234.369
0 0 0.440904 -0.897554
3
523.709 210.579
538.288 221.837
510.24 258.158
495.661 246.9
2
515.271 235.537
0 0 0.468469 -0.88348
3
520.521 211.376
535.768 221.711
510.021 259.697
494.773 249.362
2
513.643 236.808
0 0 0.495585 -0.86856
3
517.388 212.369
533.246 221.741
509.897 261.247
494.04 251.875
2
512.096 238.178
0 0 0.522226 -0.852807
3
514.323 213.554
530.73 221.927
509.87 262.802
493.463 254.429
2
510.638 239.64
0 0 0.548367 -0.836238
3
511.336 214.926
528.23 222.268
509.939 264.355
493.045 257.013
2
509.272 241.191
0 0 0.573982 -0.818868
3
508.441 216.48
525.756 222.763
510.104 265.901
492.788 259.618
2
509.198 243.255
0 0 0.548367 -0.836238
3
509.897 218.54
526.79 225.882
508.499 267.97
491.606 260.628
2
508.996 245.311
0 0 0.522226 -0.852807
3
511.223 220.687
527.63 229.06
506.77 269.935
490.363 261.562
2
508.668 247.35
0 0 0.495585 -0.86856
3
512.413 222.911
528.271 232.283
504.922 271.789
489.065 262.417
2
508.214 249.365
0 0 0.468469 -0.88348
3
513.464 225.205
528.711 235.54
502.964 273.526
487.716 263.191
2
507.636 251.349
0 0 0.440904 -0.897554
3
514.37 227.559
528.949 238.818
500.901 275.138
486.322 263.88
2
506.936 253.292
0 0 0.412917 -0.910769
3
515.13 229.965
528.984 242.104
498.743 276.62
484.888 264.481
2
506.118 255.189
0 0 0.384535 -0.923111
3
515.739 232.413
528.816 245.386
496.497 277.965
483.42 264.992
2
505.184 257.032
0 0 0.355784 -0.934568
3
516.195 234.895
528.445 248.651
494.172 279.169
481.923 265.412
2
504.137 258.813
0 0 0.326692 -0.945131
3
516.497 237.399
527.872 251.888
491.778 280.226
480.403 265.738
2
502.601 260.019
0 0 0.326692 -0.945131
3
514.96 238.606
526.335 253.094
490.241 281.433
478.866 266.945
2
501.064 261.226
0 0 0.326692 -0.945131
3
513.424 239.812
524.799 254.301
488.704 282.639
477.329 268.151
2
499.527 262.432
0 0 0.326692 -0.945131
3
511.887 241.019
523.262 255.507
487.168 283.846
475.793 269.358
2
497.991 263.639
0 0 0.326692 -0.945131
3
510.35 242.225
521.725 256.714
485.631 285.052
474.256 270.564
2
496.454 264.845
0 0 0.326692 -0.945131
3
508.814 243.432
520.189 257.92
484.094 286.259
472.719 271.771
2
494.917 266.052
0 0 0.326692 -0.945131
3
507.277 244.638
518.652 259.127
482.557 287.465
471.182 272.977
2
493.38 267.258
0 0 0.326692 -0.945131
3
505.74 245.845
517.115 260.333
481.021 288.672
469.646 274.184
2
491.844 268.465
0 0 0.326692 -0.945131
3
504.203 247.051
515.578 261.54
479.484 289.878
468.109 275.39
2
490.307 269.671
0 0 0.326692 -0.945131
3
502.667 248.258
514.042 262.746
477.947 291.085
466.572 276.597
2
488.77 270.878
0 0 0.326692 -0.945131
3
501.13 249.464
512.505 263.953
476.411 292.291
465.036 277.803
2
487.234 272.084
0 0 0.326692 -0.945131
3
499.593 250.671
510.968 265.159
474.874 293.498
463.499 279.01
2
485.697 273.291
0 0 0.326692 -0.945131
3
498.057 251.878
509.432 266.366
473.337 294.704
461.962 280.216
2
484.16 274.497
0 0 0.326692 -0.945131
3
496.52 253.084
507.895 267.572
471.8 295.911
460.425 281.423
2
482.623 275.704
0 0 0.326692 -0.945131
3
494.983 254.291
506.358 268.779
470.264 297.117
458.889 282.629
2
481.087 276.91
0 0 0.326692 -0.945131
3
493.446 255.497
504.821 269.985
468.727 298.324
457.352 283.836
2
479.55 278.117
0 0 0.326692 -0.945131
3
491.91 256.704
503.285 271.192
467.19 299.53
455.815 285.042
2
478.013 279.323
0 0 0.326692 -0.945131
3
490.373 257.91
501.748 272.398
465.654 300.737
454.279 286.249
2
476.477 280.53
0 0 0.326692 -0.945131
3
488.836 259.117
500.211 273.605
464.117 301.943
452.742 287.455
2
474.94 281.737
0 0 0.326692 -0.945131
3
487.3 260.323
498.675 274.811
462.58 303.15
451.205 288.662
2
473.403 282.943
0 0 0.326692 -0.945131
3
485.763 261.53
497.138 276.018
461.043 304.356
449.668 289.868
2
471.866 284.15
0 0 0.326692 -0.945131
3
484.226 262.736
495.601 277.224
459.507 305.563
448.132 291.075
2
470.33 285.356
0 0 0.326692 -0.945131
3
482.69 263.943
494.064 278.431
457.97 306.769
446.595 292.281
2
468.793 286.563
0 0 0.326692 -0.945131
3
481.153 265.149
492.528 279.637
456.433 307.976
445.058 293.488
2
467.256 287.769
0 0 0.326692 -0.945131
3
479.616 266.356
490.991 280.844
454.897 309.182
443.522 294.694
2
465.72 288.976
0 0 0.326692 -0.945131
3
478.079 267.562
489.454 282.05
453.36 310.389
441.985 295.901
2
464.183 290.182
0 0 0.326692 -0.945131
3
476.543 268.769
487.918 283.257
451.823 311.595
440.448 297.107
2
462.646 291.389
0 0 0.326692 -0.945131
3
475.006 269.975
486.381 284.463
450.286 312.802
438.911 298.314
2
461.109 292.595
0 0 0.326692 -0.945131
3
473.469 271.182
484.844 285.67
448.75 314.008
437.375 299.52
2
459.573 293.802
0 0 0.326692 -0.945131
3
471.933 272.388
483.307 286.876
447.213 315.215
435.838 300.727
2
458.036 295.008
0 0 0.326692 -0.945131
3
470.396 273.595
481.771 288.083
445.676 316.422
434.301 301.933
2
456.499 296.215
0 0 0.326692 -0.945131
3
468.859 274.801
480.234 289.289
444.14 317.628
432.765 303.14
2
454.963 297.421
0 0 0.326692 -0.945131
3
467.322 276.008
478.697 290.496
442.603 318.835
431.228 304.346
2
453.426 298.628
0 0 0.326692 -0.945131
3
465.786 277.214
477.161 291.702
441.066 320.041
429.691 305.553
2
451.889 299.834
0 0 0.326692 -0.945131
3
464.249 278.421
475.624 292.909
439.529 321.248
428.154 306.759
2
450.352 301.041
0 0 0.326692 -0.945131
3
462.712 279.627
474.087 294.115
437.993 322.454
426.618 307.966
2
448.816 302.247
0 0 0.326692 -0.945131
3
461.176 280.834
472.551 295.322
436.456 323.661
425.081 309.172
2
447.279 303.454
0 0 0.326692 -0.945131
3
459.639 282.04
471.014 296.528
434.919 324.867
423.544 310.379
2
445.742 304.66
0 0 0.326692 -0.945131
3
458.102 283.247
469.477 297.735
433.383 326.074
422.008 311.585
2
444.206 305.867
0 0 0.326692 -0.945131
3
456.565 284.453
467.94 298.942
431.846 327.28
420.471 312.792
2
442.669 307.073
0 0 0.326692 -0.945131
3
455.029 285.66
466.404 300.148
430.309 328.487
418.934 313.999
2
441.132 308.28
0 0 0.326692 -0.945131
3
453.492 286.866
464.867 301.355
428.772 329.693
417.397 315.205
2
439.595 309.486
0 0 0.326692 -0.945131
3
451.955 288.073
463.33 302.561
427.236 330.9
415.861 316.412
2
438.441 311.199
0 0 0.297288 -0.954788
3
452.102 290.592
462.559 305.756
424.78 331.807
414.323 316.643
2
437.183 312.838
0 0 0.267598 -0.963531
3
452.092 293.114
461.591 308.896
422.273 332.561
412.774 316.779
2
435.826 314.395
0 0 0.237653 -0.97135
3
451.927 295.632
460.431 311.971
419.724 333.158
411.22 316.819
2
433.789 314.74
0 0 0.267598 -0.963531
3
448.698 295.017
458.197 310.799
418.879 334.463
409.38 318.681
2
431.777 315.21
0 0 0.297288 -0.954788
3
445.438 294.602
455.895 309.766
418.116 335.818
407.66 320.654
2
429.799 315.804
0 0 0.326692 -0.945131
3
442.158 294.39
453.533 308.879
417.439 337.217
406.064 322.729
2
427.861 316.519
0 0 0.355784 -0.934568
3
438.872 294.382
451.122 308.139
416.849 338.656
404.6 324.899
2
425.971 317.352
0 0 0.384535 -0.923111
3
435.591 294.577
448.668 307.549
416.35 340.128
403.273 327.156
2
425.036 319.195
0 0 0.355784 -0.934568
3
436.048 297.058
448.297 310.815
414.025 341.332
401.776 327.575
2
423.99 320.976
0 0 0.326692 -0.945131
3
436.35 299.563
447.725 314.051
411.63 342.389
400.255 327.901
2
422.836 322.689
0 0 0.297288 -0.954788
3
436.496 302.081
446.953 317.245
409.175 343.297
398.718 328.133
2
421.577 324.327
0 0 0.267598 -0.963531
3
436.487 304.604
445.986 320.386
406.668 344.05
397.169 328.269
2
420.22 325.885
0 0 0.237653 -0.97135
3
436.321 307.121
444.825 323.461
404.119 344.648
395.615 328.308
2
418.769 327.355
0 0 0.207479 -0.978239
3
436 309.624
443.477 326.458
401.538 345.086
394.061 328.252
2
417.23 328.733
0 0 0.177107 -0.984192
3
435.525 312.102
441.946 329.366
398.935 345.364
392.514 328.1
2
415.609 330.013
0 0 0.146566 -0.989201
3
434.897 314.545
440.238 332.174
396.32 345.48
390.979 327.852
2
413.911 331.19
0 0 0.115884 -0.993263
3
434.12 316.945
438.36 334.87
393.703 345.435
389.462 327.509
2
412.144 332.26
0 0 0.0850905 -0.996373
3
433.195 319.293
436.318 337.446
391.093 345.227
387.97 327.074
2
410.314 333.218
0 0 0.0542159 -0.998529
3
432.127 321.578
434.121 339.89
388.501 344.859
386.507 326.547
2
408.428 334.062
0 0 0.0232894 -0.999729
3
430.92 323.793
431.777 342.193
385.937 344.33
385.08 325.93
2
406.477 334.153
0 0 0.0232894 -0.999729
3
428.968 323.884
429.826 342.284
383.986 344.421
383.128 326.021
2
404.525 334.244
0 0 0.0232894 -0.999729
3
427.016 323.975
427.874 342.375
382.034 344.512
381.176 326.112
2
402.574 334.335
0 0 0.0232894 -0.999729
3
425.065 324.066
425.923 342.466
380.082 344.603
379.225 326.203
2
400.622 334.426
0 0 0.0232894 -0.999729
3
423.113 324.157
423.971 342.557
378.131 344.694
377.273 326.294
2
398.67 334.517
0 0 0.0232894 -0.999729
3
421.162 324.248
422.019 342.648
376.179 344.785
375.321 326.385
2
396.719 334.608
0 0 0.0232894 -0.999729
3
419.21 324.339
420.068 342.739
374.227 344.876
373.37 326.476
2
394.767 334.699
0 0 0.0232894 -0.999729
3
417.258 324.43
418.116 342.83
372.276 344.967
371.418 326.567
2
392.815 334.79
0 0 0.0232894 -0.999729
3
415.307 324.521
416.164 342.921
370.324 345.058
369.466 326.658
2
390.864 334.881
0 0 0.0232894 -0.999729
3
413.355 324.612
414.213 343.012
368.373 345.149
367.515 326.749
2
388.912 334.972
0 0 0.0232894 -0.999729
3
411.403 324.703
412.261 343.103
366.421 345.24
365.563 326.84
2
386.961 335.063
0 0 0.0232894 -0.999729
3
409.452 324.794
410.31 343.194
364.469 345.331
363.612 326.931
2
385.009 335.154
0 0 0.0232894 -0.999729
3
407.5 324.885
408.358 343.285
362.518 345.422
361.66 327.022
2
383.057 335.245
0 0 0.0232894 -0.999729
3
405.549 324.976
406.406 343.376
360.566 345.513
359.708 327.113
2
381.106 335.336
0 0 0.0232894 -0.999729
3
403.597 325.067
404.455 343.467
358.614 345.604
357.757 327.204
2
379.154 335.427
0 0 0.0232894 -0.999729
3
401.645 325.158
402.503 343.558
356.663 345.695
355.805 327.295
2
377.202 335.517
0 0 0.0232894 -0.999729
3
399.694 325.249
400.551 343.649
354.711 345.786
353.853 327.386
2
375.251 335.608
0 0 0.0232894 -0.999729
3
397.742 325.34
398.6 343.74
352.76 345.877
351.902 327.477
2
373.299 335.699
0 0 0.0232894 -0.999729
3
395.79 325.431
396.648 343.831
350.808 345.968
349.95 327.568
2
371.348 335.79
0 0 0.0232894 -0.999729
3
393.839 325.522
394.697 343.922
348.856 346.059
347.999 327.659
2
369.396 335.881
0 0 0.0232894 -0.999729
3
391.887 325.613
392.745 344.013
346.905 346.15
346.047 327.75
2
367.444 335.972
0 0 0.0232894 -0.999729
3
389.936 325.704
390.793 344.104
344.953 346.241
344.095 327.841
2
365.493 336.063
0 0 0.0232894 -0.999729
3
387.984 325.795
388.842 344.195
343.001 346.332
342.144 327.932
2
363.541 336.154
0 0 0.0232894 -0.999729
3
386.032 325.886
386.89 344.286
341.05 346.423
340.192 328.023
2
361.589 336.245
0 0 0.0232894 -0.999729
3
384.081 325.977
384.938 344.377
339.098 346.514
338.24 328.114
2
359.638 336.336
0 0 0.0232894 -0.999729
3
382.129 326.068
382.987 344.468
337.147 346.605
336.289 328.205
2
357.686 336.427
0 0 0.0232894 -0.999729
3
380.177 326.159
381.035 344.559
335.195 346.696
334.337 328.296
2
355.734 336.518
0 0 0.0232894 -0.999729
3
378.226 326.25
379.083 344.65
333.243 346.787
332.386 328.387
2
353.8 337.243
0 0 0.00765943 0.999971
3
376.884 328.386
376.602 346.804
330.717 346.101
330.999 327.683
2
351.825 337.848
0 0 0.0386009 0.999255
3
375.412 330.435
373.991 348.8
328.238 345.26
329.659 326.895
2
349.877 337.697
0 0 0.0386009 0.999255
3
373.464 330.284
372.043 348.65
326.29 345.109
327.711 326.744
2
347.929 337.546
0 0 0.0386009 0.999255
3
371.516 330.134
370.095 348.499
324.342 344.959
325.763 326.594
2
345.981 337.395
0 0 0.0386009 0.999255
3
369.568 329.983
368.147 348.348
322.394 344.808
323.815 326.443
2
344.033 337.245
0 0 0.0386009 0.999255
3
367.62 329.832
366.199 348.197
320.446 344.657
321.867 326.292
2
342.085 337.094
0 0 0.0386009 0.999255
3
365.672 329.682
364.251 348.047
318.498 344.506
319.919 326.141
2
340.137 336.943
0 0 0.0386009 0.999255
3
363.724 329.531
362.303 347.896
316.55 344.356
317.971 325.991
2
338.189 336.793
0 0 0.0386009 0.999255
3
361.776 329.38
360.355 347.745
314.602 344.205
316.023 325.84
2
336.241 336.642
0 0 0.0386009 0.999255
3
359.829 329.229
358.408 347.594
312.654 344.054
314.075 325.689
2
334.293 336.491
0 0 0.0386009 0.999255
3
357.881 329.079
356.46 347.444
310.706 343.904
312.127 325.538
2
332.346 336.34
0 0 0.0386009 0.999255
3
355.933 328.928
354.512 347.293
308.758 343.753
310.179 325.388
2
330.398 336.19
0 0 0.0386009 0.999255
3
353.985 328.777
352.564 347.142
306.81 343.602
308.231 325.237
2
328.45 336.039
0 0 0.0386009 0.999255
3
352.037 328.626
350.616 346.992
304.863 343.451
306.284 325.086
2
326.502 335.888
0 0 0.0386009 0.999255
3
350.089 328.476
348.668 346.841
302.915 343.301
304.336 324.936
2
324.554 335.737
0 0 0.0386009 0.999255
3
348.141 328.325
346.72 346.69
300.967 343.15
302.388 324.785
2
322.606 335.587
0 0 0.0386009 0.999255
3
346.193 328.174
344.772 346.539
299.019 342.999
300.44 324.634
2
320.658 335.436
0 0 0.0386009 0.999255
3
344.245 328.024
342.824 346.389
297.071 342.849
298.492 324.483
2
318.71 335.285
0 0 0.0386009 0.999255
3
342.297 327.873
340.876 346.238
295.123 342.698
296.544 324.333
2
316.762 335.135
0 0 0.0386009 0.999255
3
340.349 327.722
338.928 346.087
293.175 342.547
294.596 324.182
2
314.814 334.984
0 0 0.0386009 0.999255
3
338.401 327.571
336.98 345.936
291.227 342.396
292.648 324.031
2
312.866 334.833
0 0 0.0386009 0.999255
3
336.453 327.421
335.032 345.786
289.279 342.246
290.7 323.88
2
310.918 334.682
0 0 0.0386009 0.999255
3
334.505 327.27
333.084 345.635
287.331 342.095
288.752 323.73
2
308.97 334.532
0 0 0.0386009 0.999255
3
332.557 327.119
331.136 345.484
285.383 341.944
286.804 323.579
2
307.022 334.381
0 0 0.0386009 0.999255
3
330.609 326.968
329.188 345.334
283.435 341.793
284.856 323.428
2
305.074 334.23
0 0 0.0386009 0.999255
3
328.662 326.818
327.241 345.183
281.487 341.643
282.908 323.278
2
303.126 334.079
0 0 0.0386009 0.999255
3
326.714 326.667
325.293 345.032
279.539 341.492
280.96 323.127
2
301.179 333.929
0 0 0.0386009 0.999255
3
324.766 326.516
323.345 344.881
277.591 341.341
279.012 322.976
2
299.17 334.41
0 0 0.0695055 0.997582
3
323.17 328.471
320.616 346.713
275.169 340.349
277.723 322.107
2
297.135 334.765
0 0 0.100343 0.994953
3
321.457 330.322
317.779 348.371
272.813 339.208
276.491 321.159
2
295.082 334.994
0 0 0.131085 0.991371
3
319.632 332.064
314.844 349.851
270.531 337.924
275.319 320.137
2
293.018 335.096
0 0 0.161702 0.98684
3
317.703 333.69
311.824 351.147
268.334 336.502
274.213 319.045
2
290.953 335.07
0 0 0.192163 0.981363
3
315.677 335.194
308.73 352.254
266.229 334.946
273.176 317.886
2
288.893 334.916
0 0 0.22244 0.974946
3
313.562 336.569
305.573 353.167
264.224 333.262
272.213 316.665
2
286.846 334.635
0 0 0.252505 0.967596
3
311.366 337.811
302.365 353.882
262.327 331.458
271.328 315.387
2
284.821 334.228
0 0 0.282327 0.959318
3
309.097 338.915
299.119 354.398
260.545 329.541
270.523 314.057
2
282.825 333.696
0 0 0.311879 0.950122
3
306.765 339.876
295.848 354.713
258.885 327.516
269.802 312.68
2
280.866 333.042
0 0 0.341132 0.940015
3
304.377 340.691
292.564 354.824
257.354 325.393
269.168 311.26
2
278.95 332.268
0 0 0.370058 0.929008
3
301.944 341.357
289.278 354.732
255.957 323.179
268.622 309.804
2
277.087 331.377
0 0 0.39863 0.917112
3
299.474 341.871
286.005 354.437
254.7 320.883
268.168 308.317
2
275.282 330.372
0 0 0.42682 0.904336
3
296.977 342.231
282.757 353.94
253.587 318.514
267.807 306.805
2
273.542 329.258
0 0 0.454602 0.890695
3
294.462 342.436
279.545 353.243
252.623 316.08
267.54 305.273
2
271.875 328.038
0 0 0.481947 0.8762
3
291.94 342.485
276.383 352.348
251.811 313.591
267.368 303.728
2
270.287 326.717
0 0 0.508832 0.860866
3
289.419 342.378
273.282 351.26
251.155 311.057
267.292 302.175
2
269.345 325.006
0 0 0.508832 0.860866
3
288.477 340.666
272.34 349.548
250.213 309.345
266.35 300.463
2
268.403 323.294
0 0 0.508832 0.860866
3
287.535 338.955
271.398 347.836
249.27 307.633
265.408 298.752
2
267.461 321.582
0 0 0.508832 0.860866
3
286.593 337.243
270.456 346.125
248.328 305.922
264.466 297.04
2
266.519 319.871
0 0 0.508832 0.860866
3
285.651 335.531
269.514 344.413
247.386 304.21
263.524 295.328
2
265.577 318.159
0 0 0.508832 0.860866
3
284.709 333.82
268.572 342.702
246.444 302.499
262.582 293.617
2
264.635 316.448
0 0 0.508832 0.860866
3
283.767 332.108
267.63 340.99
245.502 300.787
261.64 291.905
2
263.692 314.736
0 0 0.508832 0.860866
3
282.825 330.396
266.688 339.278
244.56 299.075
260.697 290.194
2
262.75 313.024
0 0 0.508832 0.860866
3
281.883 328.685
265.745 337.567
243.618 297.364
259.755 288.482
2
261.247 311.608
0 0 0.535228 0.844707
3
279.374 328.422
262.718 336.288
243.12 294.794
259.776 286.927
2
259.834 310.101
0 0 0.561112 0.82774
3
276.885 328.004
259.775 334.826
242.782 292.198
259.892 285.377
2
258.516 308.51
0 0 0.586459 0.809979
3
274.428 327.434
256.928 333.183
242.605 289.586
260.104 283.837
2
257.3 306.84
0 0 0.611244 0.791442
3
272.011 326.712
254.189 331.368
242.589 286.968
260.411 282.312
2
256.189 305.099
0 0 0.635443 0.772148
3
269.642 325.843
251.567 329.387
242.736 284.355
260.812 280.81
2
255.188 303.291
0 0 0.659034 0.752113
3
267.332 324.828
249.072 327.247
243.044 281.755
261.305 279.336
2
254.301 301.426
0 0 0.681993 0.731359
3
265.09 323.672
246.715 324.958
243.513 279.179
261.888 277.894
2
254.797 299.421
0 0 0.659034 0.752113
3
266.941 320.957
248.681 323.376
242.653 277.884
260.913 275.465
2
253.91 297.555
0 0 0.681993 0.731359
3
264.698 319.802
246.323 321.087
243.121 275.309
261.497 274.023
2
254.406 295.55
0 0 0.659034 0.752113
3
266.55 317.086
248.289 319.506
242.262 274.013
260.522 271.594
2
253.518 293.684
0 0 0.681993 0.731359
3
264.307 315.931
245.932 317.216
242.73 271.438
261.105 270.152
2
252.748 291.767
0 0 0.704299 0.709903
3
262.14 314.639
243.721 314.785
243.357 268.896
261.776 268.75
2
252.098 289.806
0 0 0.72593 0.687768
3
260.057 313.215
241.664 312.221
244.14 266.398
262.533 267.392
2
251.571 287.809
0 0 0.746866 0.664974
3
258.066 311.665
239.77 309.535
245.076 263.953
263.372 266.083
2
251.168 285.783
0 0 0.767087 0.641543
3
256.175 309.995
238.046 306.738
246.161 261.571
264.291 264.829
2
252.14 283.96
0 0 0.746866 0.664974
3
258.636 307.816
240.339 305.687
245.645 260.104
263.941 262.234
2
252.998 282.081
0 0 0.72593 0.687768
3
260.956 305.49
242.563 304.496
245.039 258.673
263.432 259.666
2
253.737 280.152
0 0 0.704299 0.709903
3
263.129 303.024
244.709 303.17
244.346 257.281
262.765 257.135
2
254.356 278.181
0 0 0.681993 0.731359
3
265.145 300.428
246.769 301.713
243.568 255.935
261.943 254.65
2
254.22 276.232
0 0 0.681993 0.731359
3
265.008 298.479
246.633 299.764
243.431 253.986
261.806 252.701
2
254.083 274.283
0 0 0.681993 0.731359
3
264.872 296.53
246.497 297.815
243.295 252.037
261.67 250.752
2
253.947 272.334
0 0 0.681993 0.731359
3
264.736 294.581
246.36 295.866
243.159 250.088
261.534 248.803
2
253.811 270.385
0 0 0.681993 0.731359
3
264.599 292.632
246.224 293.917
243.022 248.139
261.397 246.854
2
253.674 268.436
0 0 0.681993 0.731359
3
264.463 290.683
246.088 291.968
242.886 246.19
261.261 244.905
2
253.538 266.487
0 0 0.681993 0.731359
3
264.327 288.734
245.951 290.019
242.75 244.241
261.125 242.956
2
253.402 264.538
0 0 0.681993 0.731359
3
264.19 286.785
245.815 288.07
242.613 242.292
260.988 241.007
2
253.265 262.59
0 0 0.681993 0.731359
3
264.054 284.836
245.679 286.121
242.477 240.343
260.852 239.058
2
253.129 260.641
0 0 0.681993 0.731359
3
263.918 282.887
245.543 284.172
242.341 238.394
260.716 237.109
2
252.993 258.692
0 0 0.681993 0.731359
3
263.781 280.938
245.406 282.223
242.204 236.445
260.579 235.16
2
252.857 256.743
0 0 0.681993 0.731359
3
263.645 278.989
245.27 280.274
242.068 234.496
260.443 233.211
2
252.72 254.794
0 0 0.681993 0.731359
3
263.509 277.04
245.134 278.325
241.932 232.547
260.307 231.262
2
252.584 252.845
0 0 0.681993 0.731359
3
263.372 275.091
244.997 276.376
241.795 230.598
260.171 229.313
2
252.448 250.896
0 0 0.681993 0.731359
3
263.236 273.142
244.861 274.427
241.659 228.649
260.034 227.364
2
252.311 248.947
0 0 0.681993 0.731359
3
263.1 271.193
244.725 272.478
241.523 226.7
259.898 225.415
2
252.175 246.998
0 0 0.681993 0.731359
3
262.963 269.244
244.588 270.529
241.386 224.751
259.762 223.466
2
252.039 245.049
0 0 0.681993 0.731359
3
262.827 267.295
244.452 268.58
241.25 222.802
259.625 221.517
2
251.902 243.1
0 0 0.681993 0.731359
3
262.691 265.346
244.316 266.631
241.114 220.853
259.489 219.568
2
251.766 241.151
0 0 0.681993 0.731359
3
262.554 263.397
244.179 264.682
240.977 218.904
259.353 217.619
2
251.63 239.202
0 0 0.681993 0.731359
3
262.418 261.448
244.043 262.733
240.841 216.955
259.216 215.67
2
251.493 237.253
0 0 0.681993 0.731359
3
262.282 259.499
243.907 260.784
240.705 215.006
259.08 213.721
2
251.357 235.304
0 0 0.681993 0.731359
3
262.145 257.55
243.77 258.835
240.569 213.057
258.944 211.772
2
251.221 233.355
0 0 0.681993 0.731359
3
262.009 255.601
243.634 256.886
240.432 211.108
258.807 209.823
2
251.084 231.406
0 0 0.681993 0.731359
3
261.873 253.652
243.498 254.937
240.296 209.159
258.671 207.874
2
250.948 229.457
0 0 0.681993 0.731359
3
261.736 251.703
243.361 252.988
240.16 207.21
258.535 205.925
2
250.812 227.508
0 0 0.681993 0.731359
3
261.6 249.754
243.225 251.039
240.023 205.261
258.398 203.976
2
250.675 225.559
0 0 0.681993 0.731359
3
261.464 247.805
243.089 249.09
239.887 203.312
258.262 202.027
2
250.539 223.61
0 0 0.681993 0.731359
3
261.328 245.856
242.952 247.141
239.751 201.363
258.126 200.078
2
250.403 221.661
0 0 0.681993 0.731359
3
261.191 243.907
242.816 245.192
239.614 199.414
257.989 198.129
2
250.266 219.712
0 0 0.681993 0.731359
3
261.055 241.958
242.68 243.243
239.478 197.465
257.853 196.18
2
250.13 217.763
0 0 0.681993 0.731359
3
260.919 240.009
242.543 241.294
239.342 195.516
257.717 194.231
2
249.994 215.814
0 0 0.681993 0.731359
3
260.782 238.06
242.407 239.345
239.205 193.567
257.58 192.282
2
249.857 213.865
0 0 0.681993 0.731359
3
260.646 236.111
242.271 237.396
239.069 191.618
257.444 190.333
2
249.721 211.916
0 0 0.681993 0.731359
3
260.51 234.162
242.134 235.447
238.933 189.669
257.308 188.384
2
249.585 209.967
0 0 0.681993 0.731359
3
260.373 232.213
241.998 233.498
238.796 187.72
257.171 186.435
2
249.448 208.018
0 0 0.681993 0.731359
3
260.237 230.264
241.862 231.549
238.66 185.771
257.035 184.486
2
249.312 206.069
0 0 0.681993 0.731359
3
260.101 228.315
241.725 229.6
238.524 183.822
256.899 182.537
2
249.176 204.12
0 0 0.681993 0.731359
3
259.964 226.366
241.589 227.651
238.387 181.873
256.762 180.588
2
249.04 202.171
0 0 0.681993 0.731359
3
259.828 224.417
241.453 225.702
238.251 179.924
256.626 178.639
2
248.903 200.222
0 0 0.681993 0.731359
3
259.692 222.468
241.317 223.753
238.115 177.975
256.49 176.69
2
248.767 198.273
0 0 0.681993 0.731359
3
259.555 220.519
241.18 221.805
237.978 176.026
256.354 174.741
2
248.631 196.324
0 0 0.681993 0.731359
3
259.419 218.57
241.044 219.856
237.842 174.077
256.217 172.792
2
248.494 194.375
0 0 0.681993 0.731359
3
259.283 216.621
240.908 217.907
237.706 172.128
256.081 170.843
2
248.358 192.426
0 0 0.681993 0.731359
3
259.146 214.672
240.771 215.958
237.569 170.179
255.945 168.894
2
248.222 190.477
0 0 0.681993 0.731359
3
259.01 212.723
240.635 214.009
237.433 168.23
255.808 166.945
2
248.085 188.528
0 0 0.681993 0.731359
3
258.874 210.774
240.499 212.06
237.297 166.281
255.672 164.996
2
247.949 186.579
0 0 0.681993 0.731359
3
258.737 208.825
240.362 210.111
237.16 164.332
255.536 163.047
2
247.813 184.63
0 0 0.681993 0.731359
3
258.601 206.876
240.226 208.162
237.024 162.383
255.399 161.098
2
247.676 182.681
0 0 0.681993 0.731359
3
258.465 204.927
240.09 206.213
236.888 160.434
255.263 159.149
2
247.54 180.732
0 0 0.681993 0.731359
3
258.328 202.978
239.953 204.264
236.752 158.485
255.127 157.2
2
247.404 178.783
0 0 0.681993 0.731359
3
258.192 201.029
239.817 202.315
236.615 156.536
254.99 155.251
2
247.267 176.834
0 0 0.681993 0.731359
3
258.056 199.08
239.681 200.366
236.479 154.587
254.854 153.302
2
247.131 174.885
0 0 0.681993 0.731359
3
257.919 197.131
239.544 198.417
236.343 152.638
254.718 151.353
2
246.995 172.936
0 0 0.681993 0.731359
3
257.783 195.182
239.408 196.468
236.206 150.689
254.581 149.404
2
246.858 170.987
0 0 0.681993 0.731359
3
257.647 193.233
239.272 194.519
236.07 148.74
254.445 147.455
2
246.722 169.038
0 0 0.681993 0.731359
3
257.51 191.284
239.135 192.57
235.934 146.791
254.309 145.506
2
246.586 167.089
0 0 0.681993 0.731359
3
257.374 189.335
238.999 190.621
235.797 144.843
254.172 143.557
2
246.449 165.14
0 0 0.681993 0.731359
3
257.238 187.386
238.863 188.672
235.661 142.894
254.036 141.608
2
246.313 163.191
0 0 0.681993 0.731359
3
257.102 185.438
238.726 186.723
235.525 140.945
253.9 139.659
2
246.177 161.242
0 0 0.681993 0.731359
3
256.965 183.489
238.59 184.774
235.388 138.996
253.763 137.71
2
246.04 159.293
0 0 0.681993 0.731359
3
256.829 181.54
238.454 182.825
235.252 137.047
253.627 135.761
2
245.904 157.344
0 0 0.681993 0.731359
3
256.693 179.591
238.317 180.876
235.116 135.098
253.491 133.812
2
245.768 155.395
0 0 0.681993 0.731359
3
256.556 177.642
238.181 178.927
234.979 133.149
253.354 131.863
2
246.263 153.39
0 0 0.659034 0.752113
3
258.407 174.926
240.147 177.346
234.119 131.853
252.38 129.434
2
246.634 151.357
0 0 0.635443 0.772148
3
260.087 172.101
242.011 175.646
233.181 130.614
251.257 127.069
2
246.878 149.306
0 0 0.611244 0.791442
3
261.589 169.178
243.767 173.834
232.168 129.434
249.99 124.778
2
246.995 147.244
0 0 0.586459 0.809979
3
262.907 166.168
245.407 171.917
231.084 128.32
248.583 122.57
2
246.984 145.178
0 0 0.561112 0.82774
3
264.036 163.081
246.926 169.902
229.932 127.275
247.043 120.454
2
245.667 143.587
0 0 0.586459 0.809979
3
261.579 162.511
244.079 168.26
229.755 124.663
247.255 118.913
2
244.451 141.917
0 0 0.611244 0.791442
3
259.161 161.789
241.339 166.445
229.74 122.045
247.562 117.389
2
243.34 140.175
0 0 0.635443 0.772148
3
256.793 160.919
238.717 164.464
229.887 119.432
247.963 115.887
2
242.339 138.368
0 0 0.659034 0.752113
3
254.483 159.905
236.223 162.324
230.195 116.832
248.456 114.412
2
241.452 136.503
0 0 0.681993 0.731359
3
252.241 158.749
233.865 160.035
230.664 114.256
249.039 112.971
2
241.948 134.497
0 0 0.659034 0.752113
3
254.092 156.034
235.831 158.453
229.804 112.961
248.064 110.542
2
242.318 132.465
0 0 0.635443 0.772148
3
255.772 153.209
237.696 156.754
228.865 111.721
246.941 108.177
2
242.563 130.414
0 0 0.611244 0.791442
3
257.273 150.286
239.451 154.942
227.852 110.542
245.674 105.886
2
242.68 128.352
0 0 0.586459 0.809979
3
258.591 147.275
241.092 153.025
226.768 109.428
244.268 103.678
2
242.669 126.286
0 0 0.561112 0.82774
3
259.721 144.189
242.61 151.01
225.617 108.383
242.727 101.562
2
242.53 124.225
0 0 0.535228 0.844707
3
260.657 141.039
244.001 148.905
224.403 107.411
241.059 99.5442
2
242.264 122.176
0 0 0.508832 0.860866
3
261.396 137.837
245.259 146.719
223.132 106.516
239.269 97.6339
2
241.872 120.148
0 0 0.481947 0.8762
3
261.936 134.595
246.379 144.458
221.808 105.701
237.364 95.838
2
241.355 118.148
0 0 0.454602 0.890695
3
262.275 131.326
247.358 142.133
220.435 104.97
235.352 94.1634
2
240.209 116.566
0 0 0.454602 0.890695
3
261.129 129.744
246.212 140.551
219.289 103.388
234.206 92.5812
2
239.063 114.984
0 0 0.454602 0.890695
3
259.982 128.162
245.065 138.968
218.143 101.806
233.06 90.999
2
237.916 113.401
0 0 0.454602 0.890695
3
258.836 126.58
243.919 137.386
216.997 100.223
231.914 89.4168
2
236.77 111.819
0 0 0.454602 0.890695
3
257.69 124.997
242.773 135.804
215.851 98.6412
230.767 87.8346
2
235.624 110.237
0 0 0.454602 0.890695
3
256.544 123.415
241.627 134.222
214.704 97.059
229.621 86.2524
2
234.478 108.655
0 0 0.454602 0.890695
3
255.398 121.833
240.481 132.64
213.558 95.4768
228.475 84.6702
2
233.332 107.073
0 0 0.454602 0.890695
3
254.251 120.251
239.334 131.057
212.412 93.8946
227.329 83.0881
2
232.185 105.491
0 0 0.454602 0.890695
3
253.105 118.669
238.188 129.475
211.266 92.3124
226.183 81.5059
2
231.039 103.908
0 0 0.454602 0.890695
3
251.959 117.086
237.042 127.893
210.119 90.7302
225.036 79.9237
2
229.893 102.326
0 0 0.454602 0.890695
3
250.813 115.504
235.896 126.311
208.973 89.148
223.89 78.3415
2
228.747 100.744
0 0 0.454602 0.890695
3
249.666 113.922
234.75 124.729
207.827 87.5658
222.744 76.7593
2
227.601 99.1618
0 0 0.454602 0.890695
3
248.52 112.34
233.603 123.146
206.681 85.9836
221.598 75.1771
2
226.454 97.5796
0 0 0.454602 0.890695
3
247.374 110.758
232.457 121.564
205.535 84.4015
220.452 73.5949
2
225.308 95.9974
0 0 0.454602 0.890695
3
246.228 109.175
231.311 119.982
204.388 82.8193
219.305 72.0127
2
224.162 94.4152
0 0 0.454602 0.890695
3
245.082 107.593
230.165 118.4
203.242 81.2371
218.159 70.4305
2
223.016 92.833
0 0 0.454602 0.890695
3
243.935 106.011
229.019 116.818
202.096 79.6549
217.013 68.8483
2
221.87 91.2508
0 0 0.454602 0.890695
3
242.789 104.429
227.872 115.235
200.95 78.0727
215.867 67.2661
2
220.723 89.6686
0 0 0.454602 0.890695
3
241.643 102.847
226.726 113.653
199.804 76.4905
214.721 65.684
2
219.577 88.0864
0 0 0.454602 0.890695
3
240.497 101.265
225.58 112.071
198.657 74.9083
213.574 64.1018
2
218.431 86.5042
0 0 0.454602 0.890695
3
239.351 99.6823
224.434 110.489
197.511 73.3261
212.428 62.5196
2
217.285 84.922
0 0 0.454602 0.890695
3
238.204 98.1001
223.287 108.907
196.365 71.7439
211.282 60.9374
2
216.645 82.9578
0 0 0.42682 0.904336
3
238.34 94.8165
224.12 106.525
194.95 71.0991
209.17 59.3904
2
215.885 81.0369
0 0 0.39863 0.917112
3
238.272 91.5308
224.804 104.097
193.498 70.543
206.967 57.9771
2
214.08 80.0323
0 0 0.42682 0.904336
3
235.775 91.891
221.555 103.6
192.385 68.1736
206.605 56.4649
2
212.341 78.9179
0 0 0.454602 0.890695
3
233.261 92.096
218.344 102.903
191.421 65.7398
206.338 54.9332
2
210.674 77.698
0 0 0.481947 0.8762
3
230.738 92.1451
215.181 102.008
190.609 63.251
206.166 53.388
2
209.085 76.3774
0 0 0.508832 0.860866
3
228.218 92.038
212.08 100.92
189.953 60.7168
206.09 51.835
2
208.693 74.3492
0 0 0.481947 0.8762
3
228.758 88.7962
213.201 98.6593
188.629 59.9022
204.186 50.0392
2
208.176 72.3492
0 0 0.454602 0.890695
3
229.096 85.5273
214.179 96.3339
187.257 59.1711
202.173 48.3645
2
207.537 70.385
0 0 0.42682 0.904336
3
229.232 82.2437
215.012 93.9523
185.842 58.5263
200.062 46.8176
2
206.777 68.4641
0 0 0.39863 0.917112
3
229.164 78.958
215.695 91.5239
184.39 57.9702
197.858 45.4043
2
205.9 66.5939
0 0 0.370058 0.929008
3
228.893 75.6828
216.228 89.0578
182.906 57.505
195.571 44.13
2
204.908 64.7815
0 0 0.341132 0.940015
3
228.42 72.4306
216.606 86.5635
181.397 57.1325
193.21 42.9996
2
203.807 63.034
0 0 0.311879 0.950122
3
227.746 69.2139
216.83 84.0505
179.867 56.854
190.784 42.0174
2
202.599 61.3579
0 0 0.282327 0.959318
3
226.875 66.045
216.898 81.5286
178.323 56.6708
188.301 41.1872
2
201.29 59.7597
0 0 0.252505 0.967596
3
225.81 62.9361
216.809 79.0072
176.771 56.5833
185.772 40.5122
2
199.885 58.2456
0 0 0.22244 0.974946
3
224.554 59.8991
216.565 76.4962
175.216 56.5921
183.205 39.995
2
198.389 56.8213
0 0 0.192163 0.981363
3
223.113 56.9455
216.166 74.0051
173.665 56.6971
180.612 39.6375
2
196.807 55.4923
0 0 0.161702 0.98684
3
221.492 54.0867
215.613 71.5435
172.123 56.8978
178.002 39.4411
2
195.147 54.2636
0 0 0.131085 0.991371
3
219.697 51.3338
214.91 69.1207
170.597 57.1935
175.384 39.4066
2
193.413 53.1401
0 0 0.100343 0.994953
3
217.735 48.6971
214.057 66.7461
169.091 57.5831
172.769 39.534
2
191.614 52.1259
0 0 0.0695055 0.997582
3
215.614 46.1868
213.06 64.4288
167.613 58.065
170.168 39.823
2
189.755 51.225
0 0 0.038601 0.999255
3
213.342 43.8126
211.921 62.1777
166.168 58.6375
167.589 40.2724
2
187.844 50.4409
0 0 0.00765945 0.999971
3
210.927 41.5834
210.645 60.0013
164.76 59.2983
165.042 40.8805
2
185.888 49.7764
0 0 0.0232894 -0.999729
3
208.379 39.508
209.237 57.908
163.397 60.0449
162.539 41.6449
2
183.894 49.2343
0 0 0.0542159 -0.998529
3
205.707 37.5941
207.702 55.9058
162.082 60.8744
160.087 42.5627
2
181.871 48.8164
0 0 0.0850905 -0.996373
3
202.922 35.8492
206.046 54.0024
160.82 61.7837
157.697 43.6304
2
179.826 48.5246
0 0 0.115884 -0.993263
3
200.035 34.2799
204.275 52.2051
159.618 62.7693
155.377 44.844
2
177.767 48.3598
0 0 0.146566 -0.989201
3
197.056 32.8922
202.397 50.5208
158.479 63.8274
153.137 46.1987
2
176.07 49.537
0 0 0.115884 -0.993263
3
196.278 35.2923
200.519 53.2175
155.861 63.7817
151.621 45.8564
2
174.303 50.6069
0 0 0.0850905 -0.996373
3
195.354 37.6396
198.477 55.7929
153.252 63.5742
150.128 45.4209
2
172.473 51.5654
0 0 0.0542159 -0.998529
3
194.286 39.9253
196.28 58.237
150.66 63.2056
148.666 44.8939
2
170.587 52.409
0 0 0.0232894 -0.999729
3
193.078 42.1405
193.936 60.5405
148.096 62.6774
147.238 44.2774
2
168.653 53.1342
0 0 0.00765945 0.999971
3
191.736 44.2768
191.454 62.6946
145.57 61.9917
145.852 43.5738
2
166.697 52.4698
0 0 0.0232894 -0.999729
3
189.188 42.2013
190.046 60.6013
144.206 62.7382
143.348 44.3382
2
164.745 52.5608
0 0 0.0232894 -0.999729
3
187.237 42.2923
188.094 60.6923
142.254 62.8292
141.396 44.4292
2
162.794 52.6517
0 0 0.0232894 -0.999729
3
185.285 42.3833
186.143 60.7833
140.302 62.9202
139.445 44.5202
2
160.842 52.7427
0 0 0.0232894 -0.999729
3
183.333 42.4742
184.191 60.8743
138.351 63.0112
137.493 44.6112
2
158.89 52.8337
0 0 0.0232894 -0.999729
3
181.382 42.5652
182.239 60.9652
136.399 63.1022
135.541 44.7022
2
156.939 52.9247
0 0 0.0232894 -0.999729
3
179.43 42.6562
180.288 61.0562
134.448 63.1931
133.59 44.7931
2
154.987 53.0157
0 0 0.0232894 -0.999729
3
177.478 42.7472
178.336 61.1472
132.496 63.2841
131.638 44.8841
2
153.036 53.1066
0 0 0.0232894 -0.999729
3
175.527 42.8382
176.385 61.2382
130.544 63.3751
129.687 44.9751
2
151.084 53.1976
0 0 0.0232894 -0.999729
3
173.575 42.9292
174.433 61.3292
128.593 63.4661
127.735 45.0661
2
149.132 53.2886
0 0 0.0232894 -0.999729
3
171.624 43.0201
172.481 61.4202
126.641 63.5571
125.783 45.1571
2
147.181 53.3796
0 0 0.0232894 -0.999729
3
169.672 43.1111
170.53 61.5111
124.689 63.6481
123.832 45.248
2
145.229 53.4706
0 0 0.0232894 -0.999729
3
167.72 43.2021
168.578 61.6021
122.738 63.739
121.88 45.339
2
143.277 53.5615
0 0 0.0232894 -0.999729
3
165.769 43.2931
166.626 61.6931
120.786 63.83
119.928 45.43
2
141.326 53.6525
0 0 0.0232894 -0.999729
3
163.817 43.3841
164.675 61.7841
118.835 63.921
117.977 45.521
2
139.374 53.7435
0 0 0.0232894 -0.999729
3
161.865 43.475
162.723 61.8751
116.883 64.012
116.025 45.612
2
137.423 53.8345
0 0 0.0232894 -0.999729
3
159.914 43.566
160.772 61.966
114.931 64.103
114.074 45.7029
2
135.471 53.9255
0 0 0.0232894 -0.999729
3
157.962 43.657
158.82 62.057
112.98 64.1939
112.122 45.7939
2
133.519 54.0164
0 0 0.0232894 -0.999729
3
156.011 43.748
156.868 62.148
111.028 64.2849
110.17 45.8849
2
131.568 54.1074
0 0 0.0232894 -0.999729
3
154.059 43.839
154.917 62.239
109.076 64.3759
108.219 45.9759
2
129.616 54.1984
0 0 0.0232894 -0.999729
3
152.107 43.9299
152.965 62.33
107.125 64.4669
106.267 46.0669
2
127.664 54.2894
0 0 0.0232894 -0.999729
3
150.156 44.0209
151.013 62.4209
105.173 64.5579
104.315 46.1578
2
125.713 54.3804
0 0 0.0232894 -0.999729
3
148.204 44.1119
149.062 62.5119
103.222 64.6488
102.364 46.2488
2
123.761 54.4713
0 0 0.0232894 -0.999729
3
146.252 44.2029
147.11 62.6029
101.27 64.7398
100.412 46.3398
2
121.809 54.5623
0 0 0.0232894 -0.999729
3
144.301 44.2939
145.158 62.6939
99.3183 64.8308
98.4605 46.4308
2
119.858 54.6533
0 0 0.0232894 -0.999729
3
142.349 44.3848
143.207 62.7849
97.3666 64.9218
96.5089 46.5218
2
117.906 54.7443
0 0 0.0232894 -0.999729
3
140.397 44.4758
141.255 62.8758
95.415 65.0128
94.5573 46.6127
2
115.955 54.8353
0 0 0.0232894 -0.999729
3
138.446 44.5668
139.304 62.9668
93.4634 65.1037
92.6056 46.7037
2
114.003 54.9263
0 0 0.0232894 -0.999729
3
136.494 44.6578
137.352 63.0578
91.5117 65.1947
90.654 46.7947
2
112.051 55.0172
0 0 0.0232894 -0.999729
3
134.543 44.7488
135.4 63.1488
89.5601 65.2857
88.7024 46.8857
2
110.1 55.1082
0 0 0.0232894 -0.999729
3
132.591 44.8397
133.449 63.2398
87.6085 65.3767
86.7507 46.9767
2
108.148 55.1992
0 0 0.0232894 -0.999729
3
130.639 44.9307
131.497 63.3307
85.6569 65.4677
84.7991 47.0676
2
106.196 55.2902
0 0 0.0232894 -0.999729
3
128.688 45.0217
129.545 63.4217
83.7052 65.5586
82.8475 47.1586
2
104.245 55.3812
0 0 0.0232894 -0.999729
3
126.736 45.1127
127.594 63.5127
81.7536 65.6496
80.8958 47.2496
2
102.293 55.4721
0 0 0.0232894 -0.999729
3
124.784 45.2037
125.642 63.6037
79.802 65.7406
78.9442 47.3406
2
100.342 55.5631
0 0 0.0232894 -0.999729
3
122.833 45.2946
123.691 63.6947
77.8503 65.8316
76.9926 47.4316
2
98.3899 55.6541
0 0 0.0232894 -0.999729
3
120.881 45.3856
121.739 63.7856
75.8987 65.9226
75.041 47.5225
2
96.4383 55.7451
0 0 0.0232894 -0.999729
3
118.93 45.4766
119.787 63.8766
73.9471 66.0135
73.0893 47.6135
2
94.445 55.2029
0 0 0.0542159 -0.998529
3
116.258 43.5627
118.252 61.8745
72.6321 66.8431
70.6377 48.5314
2
92.422 54.7851
0 0 0.0850905 -0.996373
3
113.473 41.8178
116.596 59.9711
71.3709 67.7524
68.2475 49.5991
2
90.3769 54.4932
0 0 0.115884 -0.993263
3
110.585 40.2485
114.826 58.1738
70.1684 68.7379
65.928 50.8127
2
88.4757 54.943
0 0 0.115884 -0.993263
3
108.684 40.6983
112.925 58.6236
68.2671 69.1877
64.0267 51.2624
2
86.5744 55.3928
0 0 0.115884 -0.993263
3
106.783 41.148
111.023 59.0733
66.3658 69.6375
62.1255 51.7122
2
84.6731 55.8425
0 0 0.115884 -0.993263
3
104.882 41.5978
109.122 59.5231
64.4646 70.0872
60.2242 52.162
2
82.7718 56.2923
0 0 0.115884 -0.993263
3
102.98 42.0476
107.221 59.9728
62.5633 70.537
58.3229 52.6117
2
80.8706 56.742
0 0 0.115884 -0.993263
3
101.079 42.4973
105.32 60.4226
60.662 70.9868
56.4216 53.0615
2
78.9693 57.1918
0 0 0.115884 -0.993263
3
99.1778 42.9471
103.418 60.8724
58.7607 71.4365
54.5204 53.5112
2
77.068 57.6416
0 0 0.115884 -0.993263
3
97.2766 43.3969
101.517 61.3221
56.8595 71.8863
52.6191 53.961
2
75.0089 57.4768
0 0 0.146566 -0.989201
3
94.2975 42.0092
99.6387 59.6378
55.7202 72.9444
50.3791 55.3157
2
73.3114 58.654
0 0 0.115884 -0.993263
3
93.5199 44.4093
97.7603 62.3345
53.1028 72.8987
48.8624 54.9734
2
71.2522 58.4892
0 0 0.146566 -0.989201
3
90.5408 43.0216
95.882 60.6502
51.9636 73.9567
46.6224 56.3281
2
69.1868 58.4521
0 0 0.177107 -0.984192
3
87.4816 41.8209
93.9031 59.0853
50.892 75.0833
44.4705 57.8188
2
67.1231 58.5428
0 0 0.207479 -0.978239
3
84.354 40.8117
91.8312 57.6458
49.8921 76.2739
42.4149 59.4398
2
65.0689 58.7611
0 0 0.237653 -0.97135
3
81.1699 39.998
89.6742 56.3373
48.9679 77.5241
40.4636 61.1848
2
63.3358 59.6631
0 0 0.237653 -0.97135
3
79.4369 40.9
87.9412 57.2393
47.2348 78.4262
38.7305 62.0869
2
61.6028 60.5651
0 0 0.237653 -0.97135
3
77.7038 41.802
86.2081 58.1413
45.5017 79.3282
36.9975 62.9889
2
59.8697 61.4671
0 0 0.237653 -0.97135
3
75.9708 42.704
84.4751 59.0434
43.7687 80.2302
35.2644 63.8909
2
58.1367 62.3691
0 0 0.237653 -0.97135
3
74.2377 43.6061
82.742 59.9454
42.0356 81.1322
33.5313 64.7929
2
56.6857 63.8395
0 0 0.207479 -0.978239
3
73.9167 46.1084
81.3939 62.9425
39.4548 81.5706
31.9776 64.7365
2
54.6315 64.0578
0 0 0.237653 -0.97135
3
70.7326 45.2947
79.2369 61.634
38.5305 82.8209
30.0262 66.4815
2
52.5948 64.4027
0 0 0.267598 -0.963531
3
67.5043 44.6795
77.0031 60.4614
37.6853 84.1259
28.1865 68.3439
2
50.5833 64.8729
0 0 0.297288 -0.954788
3
64.2441 44.2651
74.701 59.4292
36.9225 85.4807
26.4656 70.3166
2
48.6048 65.4667
0 0 0.326692 -0.945131
3
60.9645 44.0533
72.3395 58.5414
36.245 86.8801
24.87 72.3919
2
46.6667 66.1817
0 0 0.355784 -0.934568
3
57.6781 44.0447
69.9276 57.8014
35.6553 88.3187
23.4058 74.562
2
44.7766 67.0152
0 0 0.384535 -0.923111
3
54.3975 44.2395
67.4745 57.2121
35.1558 89.791
22.0787 76.8184
2
42.9417 67.9641
0 0 0.412917 -0.910769
3
51.1352 44.6368
64.9897 56.7756
34.7482 91.2914
20.8938 79.1527
2
41.169 69.0247
0 0 0.440904 -0.897554
3
47.9037 45.2352
62.4826 56.4936
34.4343 92.8142
19.8554 81.5558
2
39.4654 70.1929
0 0 0.468469 -0.88348
3
44.7155 46.0323
59.9629 56.3673
34.2152 94.3535
18.9678 84.0185
2
37.8372 71.4643
0 0 0.495585 -0.86856
3
41.5826 47.0252
57.4402 56.3971
34.0918 95.9034
18.2342 86.5314
2
36.2908 72.8339
0 0 0.522226 -0.852807
3
38.5172 48.2099
54.9242 56.5829
34.0644 97.4579
17.6574 89.0849
2
34.8321 74.2966
0 0 0.548367 -0.836238
3
35.5309 49.5821
52.4245 56.9241
34.1333 99.0112
17.2398 91.6692
2
33.4667 75.8467
0 0 0.573982 -0.818868
3
32.6353 51.1363
49.9507 57.4192
34.2981 100.557
16.9827 94.2743
2
32.1998 77.4784
0 0 0.599048 -0.800713
3
29.8413 52.8667
47.5122 58.0663
34.5583 102.09
16.8874 96.8904
2
31.0363 79.1853
0 0 0.62354 -0.781791
3
27.1598 54.7666
45.1185 58.8631
34.9128 103.604
16.9541 99.5074
2
29.9805 80.9608
0 0 0.647435 -0.762121
3
24.6009 56.8288
42.7786 59.8065
35.3602 105.093
17.1825 102.115
2
29.0367 82.7983
0 0 0.67071 -0.74172
3
22.1744 59.0453
40.5016 60.8928
35.8989 106.551
17.5718 104.704
2
28.2083 84.6907
0 0 0.693342 -0.720609
3
19.8898 61.4077
38.2961 62.1179
36.5268 107.974
18.1205 107.264
2
27.4986 86.6307
0 0 0.71531 -0.698808
3
17.7557 63.9069
36.1706 63.477
37.2415 109.355
18.8265 109.784
2
26.9102 88.6109
0 0 0.736592 -0.676337
3
15.7802 66.5333
34.1333 64.9651
38.0403 110.688
19.6871 112.257
2
26.4455 90.6236
0 0 0.75717 -0.653218
3
13.971 69.2769
32.192 66.5763
38.92 111.97
20.699 114.671
2
26.1062 92.6613
0 0 0.777021 -0.629474
3
12.335 72.1272
30.354 68.3045
39.8773 113.196
21.8584 117.018
2
25.8936 94.7161
0 0 0.796129 -0.605127
3
10.8785 75.0732
28.6265 70.1432
40.9087 114.359
23.1606 119.289
2
27.031 96.4405
0 0 0.777021 -0.629474
3
13.2598 75.9063
31.2788 72.0837
40.8021 116.975
22.7832 120.797
2
28.0596 98.2319
0 0 0.75717 -0.653218
3
15.5851 76.8852
33.806 74.1846
40.534 119.579
22.3131 122.279
2
28.9753 100.084
0 0 0.736592 -0.676337
3
17.8453 78.006
36.1984 76.4378
40.1053 122.161
21.7522 123.729
2
28.5106 102.096
0 0 0.75717 -0.653218
3
16.0361 80.7496
34.2571 78.049
40.9851 123.443
22.7641 126.144
2
28.1713 104.134
0 0 0.777021 -0.629474
3
14.4001 83.5999
32.4191 79.7773
41.9424 124.668
23.9234 128.491
2
27.9587 106.189
0 0 0.796129 -0.605127
3
12.9436 86.5459
30.6916 81.6159
42.9737 125.832
25.2257 130.762
2
27.8736 108.253
0 0 0.814474 -0.5802
3
11.6721 89.5764
29.0811 83.5579
44.0751 126.929
26.666 132.948
2
27.9163 110.318
0 0 0.832039 -0.554717
3
10.5905 92.6797
27.5939 85.5958
45.2421 127.956
28.2388 135.04
2
28.0868 112.377
0 0 0.848807 -0.528703
3
9.70298 95.844
26.2355 87.7218
46.4705 128.91
29.938 137.032
2
29.523 113.862
0 0 0.832039 -0.554717
3
12.1972 96.2231
29.2006 89.1392
46.8488 131.5
29.8455 138.584
2
30.8647 115.432
0 0 0.814474 -0.5802
3
14.6632 96.7558
32.0722 90.7373
47.0661 134.109
29.6571 140.127
2
32.1066 117.083
0 0 0.796129 -0.605127
3
17.0915 97.44
34.8395 92.5101
47.1217 136.726
29.3736 141.656
2
33.244 118.807
0 0 0.777021 -0.629474
3
19.4728 98.2732
37.4918 94.4506
47.0151 139.342
28.9962 143.164
2
34.2726 120.599
0 0 0.75717 -0.653218
3
21.7981 99.2521
40.019 96.5515
46.747 141.946
28.5261 144.646
2
35.1883 122.45
0 0 0.736592 -0.676337
3
24.0583 100.373
42.4114 98.8047
46.3183 144.528
27.9652 146.096
2
35.9878 124.355
0 0 0.71531 -0.698808
3
26.2449 101.631
44.6598 101.202
45.7307 147.079
27.3157 147.509
2
36.6679 126.306
0 0 0.693342 -0.720609
3
28.3494 103.023
46.7557 103.733
44.9864 149.589
26.5801 148.879
2
37.226 128.295
0 0 0.67071 -0.74172
3
30.3638 104.542
48.6909 106.389
44.0883 152.048
25.7612 150.2
2
37.6601 130.314
0 0 0.647435 -0.762121
3
32.2804 106.182
50.4581 109.16
43.0397 154.446
24.862 151.469
2
37.9683 132.357
0 0 0.62354 -0.781791
3
34.0918 107.938
52.0505 112.035
41.8448 156.776
23.8861 152.679
2
36.9126 134.133
0 0 0.647435 -0.762121
3
31.5329 110
49.7106 112.978
42.2923 158.265
24.1145 155.287
2
35.9687 135.97
0 0 0.67071 -0.74172
3
29.1065 112.217
47.4336 114.064
42.831 159.723
24.5039 157.876
2
35.1404 137.862
0 0 0.693342 -0.720609
3
26.8218 114.579
45.2281 115.29
43.4589 161.145
25.0526 160.435
2
34.4306 139.802
0 0 0.71531 -0.698808
3
24.6877 117.079
43.1027 116.649
44.1736 162.526
25.7586 162.956
2
33.8423 141.783
0 0 0.736592 -0.676337
3
22.7123 119.705
41.0654 118.137
44.9723 163.86
26.6192 165.428
2
33.3776 143.795
0 0 0.75717 -0.653218
3
20.9031 122.449
39.124 119.748
45.852 165.142
27.6311 167.843
2
33.664 145.728
0 0 0.75717 -0.653218
3
21.1895 124.381
39.4105 121.681
46.1385 167.075
27.9175 169.775
2
33.9504 147.661
0 0 0.75717 -0.653218
3
21.476 126.314
39.6969 123.613
46.4249 169.007
28.204 171.708
2
34.2369 149.593
0 0 0.75717 -0.653218
3
21.7624 128.246
39.9834 125.546
46.7114 170.94
28.4904 173.641
2
34.5233 151.526
0 0 0.75717 -0.653218
3
22.0488 130.179
40.2698 127.478
46.9978 172.873
28.7769 175.573
2
34.8098 153.458
0 0 0.75717 -0.653218
3
22.3353 132.112
40.5562 129.411
47.2842 174.805
29.0633 177.506
2
35.0962 155.391
0 0 0.75717 -0.653218
3
22.6217 134.044
40.8427 131.344
47.5707 176.738
29.3497 179.438
2
35.3827 157.324
0 0 0.75717 -0.653218
3
22.9082 135.977
41.1291 133.276
47.8571 178.67
29.6362 181.371
2
35.6691 159.256
0 0 0.75717 -0.653218
3
23.1946 137.91
41.4156 135.209
48.1436 180.603
29.9226 183.304
2
35.9555 161.189
0 0 0.75717 -0.653218
3
23.4811 139.842
41.702 137.142
48.43 182.536
30.2091 185.236
2
36.242 163.122
0 0 0.75717 -0.653218
3
23.7675 141.775
41.9885 139.074
48.7165 184.468
30.4955 187.169
2
36.5284 165.054
0 0 0.75717 -0.653218
3
24.0539 143.707
42.2749 141.007
49.0029 186.401
30.7819 189.102
2
36.8149 166.987
0 0 0.75717 -0.653218
3
24.3404 145.64
42.5613 142.94
49.2893 188.334
31.0684 191.034
2
37.1013 168.92
0 0 0.75717 -0.653218
3
24.6268 147.573
42.8478 144.872
49.5758 190.266
31.3548 192.967
2
37.3877 170.852
0 0 0.75717 -0.653218
3
24.9133 149.505
43.1342 146.805
49.8622 192.199
31.6413 194.9
2
37.6742 172.785
0 0 0.75717 -0.653218
3
25.1997 151.438
43.4207 148.737
50.1487 194.132
31.9277 196.832
2
37.9606 174.717
0 0 0.75717 -0.653218
3
25.4861 153.371
43.7071 150.67
50.4351 196.064
32.2142 198.765
2
38.2471 176.65
0 0 0.75717 -0.653218
3
25.7726 155.303
43.9935 152.603
50.7216 197.997
32.5006 200.697
2
38.5335 178.583
0 0 0.75717 -0.653218
3
26.059 157.236
44.28 154.535
51.008 199.929
32.787 202.63
2
38.82 180.515
0 0 0.75717 -0.653218
3
26.3455 159.169
44.5664 156.468
51.2944 201.862
33.0735 204.563
2
39.1064 182.448
0 0 0.75717 -0.653218
3
26.6319 161.101
44.8529 158.401
51.5809 203.795
33.3599 206.495
2
39.3928 184.381
0 0 0.75717 -0.653218
3
26.9184 163.034
45.1393 160.333
51.8673 205.727
33.6464 208.428
2
39.6793 186.313
0 0 0.75717 -0.653218
3
27.2048 164.966
45.4258 162.266
52.1538 207.66
33.9328 210.361
2
39.9657 188.246
0 0 0.75717 -0.653218
3
27.4912 166.899
45.7122 164.198
52.4402 209.593
34.2192 212.293
2
40.2522 190.178
0 0 0.75717 -0.653218
3
27.7777 168.832
45.9986 166.131
52.7266 211.525
34.5057 214.226
2
40.5386 192.111
0 0 0.75717 -0.653218
3
28.0641 170.764
46.2851 168.064
53.0131 213.458
34.7921 216.158
2
40.825 194.044
0 0 0.75717 -0.653218
3
28.3506 172.697
46.5715 169.996
53.2995 215.391
35.0786 218.091
2
41.1115 195.976
0 0 0.75717 -0.653218
3
28.637 174.63
46.858 171.929
53.586 217.323
35.365 220.024
2
41.3979 197.909
0 0 0.75717 -0.653218
3
28.9235 176.562
47.1444 173.862
53.8724 219.256
35.6515 221.956
2
41.6844 199.842
0 0 0.75717 -0.653218
3
29.2099 178.495
47.4308 175.794
54.1589 221.188
35.9379 223.889
2
41.9708 201.774
0 0 0.75717 -0.653218
3
29.4963 180.428
47.7173 177.727
54.4453 223.121
36.2243 225.822
2
42.2573 203.707
0 0 0.75717 -0.653218
3
29.7828 182.36
48.0037 179.66
54.7317 225.054
36.5108 227.754
2
42.5437 205.64
0 0 0.75717 -0.653218
3
30.0692 184.293
48.2902 181.592
55.0182 226.986
36.7972 229.687
2
42.8301 207.572
0 0 0.75717 -0.653218
3
30.3557 186.225
48.5766 183.525
55.3046 228.919
37.0837 231.62
2
43.1166 209.505
0 0 0.75717 -0.653218
3
30.6421 188.158
48.8631 185.457
55.5911 230.852
37.3701 233.552
2
43.403 211.437
0 0 0.75717 -0.653218
3
30.9285 190.091
49.1495 187.39
55.8775 232.784
37.6565 235.485
2
43.6895 213.37
0 0 0.75717 -0.653218
3
31.215 192.023
49.4359 189.323
56.1639 234.717
37.943 237.417
2
43.9759 215.303
0 0 0.75717 -0.653218
3
31.5014 193.956
49.7224 191.255
56.4504 236.649
38.2294 239.35
2
44.2623 217.235
0 0 0.75717 -0.653218
3
31.7879 195.889
50.0088 193.188
56.7368 238.582
38.5159 241.283
2
44.5488 219.168
0 0 0.75717 -0.653218
3
32.0743 197.821
50.2953 195.121
57.0233 240.515
38.8023 243.215
2
44.8352 221.101
0 0 0.75717 -0.653218
3
32.3608 199.754
50.5817 197.053
57.3097 242.447
39.0888 245.148
2
45.1217 223.033
0 0 0.75717 -0.653218
3
32.6472 201.686
50.8682 198.986
57.5962 244.38
39.3752 247.081
2
45.4081 224.966
0 0 0.75717 -0.653218
3
32.9336 203.619
51.1546 200.919
57.8826 246.313
39.6616 249.013
2
45.6946 226.898
0 0 0.75717 -0.653218
3
33.2201 205.552
51.441 202.851
58.169 248.245
39.9481 250.946
2
45.981 228.831
0 0 0.75717 -0.653218
3
33.5065 207.484
51.7275 204.784
58.4555 250.178
40.2345 252.878
2
46.2674 230.764
0 0 0.75717 -0.653218
3
33.793 209.417
52.0139 206.716
58.7419 252.111
40.521 254.811
2
46.5539 232.696
0 0 0.75717 -0.653218
3
34.0794 211.35
52.3004 208.649
59.0284 254.043
40.8074 256.744
2
46.8403 234.629
0 0 0.75717 -0.653218
3
34.3658 213.282
52.5868 210.582
59.3148 255.976
41.0938 258.676
2
47.1268 236.562
0 0 0.75717 -0.653218
3
34.6523 215.215
52.8732 212.514
59.6012 257.908
41.3803 260.609
2
47.4132 238.494
0 0 0.75717 -0.653218
3
34.9387 217.148
53.1597 214.447
59.8877 259.841
41.6667 262.542
2
47.6996 240.427
0 0 0.75717 -0.653218
3
35.2252 219.08
53.4461 216.38
60.1741 261.774
41.9532 264.474
2
47.9861 242.36
0 0 0.75717 -0.653218
3
35.5116 221.013
53.7326 218.312
60.4606 263.706
42.2396 266.407
2
48.2725 244.292
0 0 0.75717 -0.653218
3
35.7981 222.945
54.019 220.245
60.747 265.639
42.5261 268.34
2
48.559 246.225
0 0 0.75717 -0.653218
3
36.0845 224.878
54.3055 222.178
61.0335 267.572
42.8125 270.272
2
48.8454 248.158
0 0 0.75717 -0.653218
3
36.3709 226.811
54.5919 224.11
61.3199 269.504
43.0989 272.205
2
49.1319 250.09
0 0 0.75717 -0.653218
3
36.6574 228.743
54.8783 226.043
61.6063 271.437
43.3854 274.138
2
49.4183 252.023
0 0 0.75717 -0.653218
3
36.9438 230.676
55.1648 227.975
61.8928 273.37
43.6718 276.07
2
49.7047 253.955
0 0 0.75717 -0.653218
3
37.2303 232.609
55.4512 229.908
62.1792 275.302
43.9583 278.003
2
49.9912 255.888
0 0 0.75717 -0.653218
3
37.5167 234.541
55.7377 231.841
62.4657 277.235
44.2447 279.935
2
50.2776 257.821
0 0 0.75717 -0.653218
3
37.8031 236.474
56.0241 233.773
62.7521 279.168
44.5312 281.868
2
50.5641 259.753
0 0 0.75717 -0.653218
3
38.0896 238.407
56.3105 235.706
63.0385 281.1
44.8176 283.801
2
50.8505 261.686
0 0 0.75717 -0.653218
3
38.376 240.339
56.597 237.639
63.325 283.033
45.104 285.733
2
51.137 263.619
0 0 0.75717 -0.653218
3
38.6625 242.272
56.8834 239.571
63.6114 284.965
45.3905 287.666
2
51.4234 265.551
0 0 0.75717 -0.653218
3
38.9489 244.205
57.1699 241.504
63.8979 286.898
45.6769 289.599
2
51.7098 267.484
0 0 0.75717 -0.653218
3
39.2354 246.137
57.4563 243.437
64.1843 288.831
45.9634 291.531
2
51.9963 269.417
0 0 0.75717 -0.653218
3
39.5218 248.07
57.7428 245.369
64.4708 290.763
46.2498 293.464
2
52.2827 271.349
0 0 0.75717 -0.653218
3
39.8082 250.003
58.0292 247.302
64.7572 292.696
46.5362 295.397
2
52.5692 273.282
0 0 0.75717 -0.653218
3
40.0947 251.935
58.3156 249.235
65.0436 294.629
46.8227 297.329
2
52.2298 275.32
0 0 0.777021 -0.629474
3
38.4587 254.785
56.4777 250.963
66.001 295.854
47.982 299.676
2
52.0172 277.374
0 0 0.796129 -0.605127
3
37.0022 257.731
54.7502 252.801
67.0323 297.017
49.2843 301.947
2
51.9321 279.438
0 0 0.814474 -0.5802
3
35.7307 260.762
53.1397 254.743
68.1336 298.115
50.7246 304.133
2
51.9749 281.504
0 0 0.832039 -0.554717
3
34.6491 263.865
51.6524 256.781
69.3007 299.142
52.2973 306.226
2
52.1453 283.562
0 0 0.848807 -0.528703
3
33.7615 267.03
50.2941 258.907
70.5291 300.095
53.9965 308.217
2
53.5816 285.047
0 0 0.832039 -0.554717
3
36.2558 267.409
53.2591 260.325
70.9074 302.685
53.904 309.769
2
54.9232 286.618
0 0 0.814474 -0.5802
3
38.7218 267.941
56.1308 261.923
71.1247 305.294
53.7157 311.313
2
56.1651 288.269
0 0 0.796129 -0.605127
3
41.1501 268.626
58.8981 263.696
71.1802 307.911
53.4322 312.841
2
57.3026 289.993
0 0 0.777021 -0.629474
3
43.5314 269.459
61.5504 265.636
71.0737 310.527
53.0547 314.35
2
58.3311 291.784
0 0 0.75717 -0.653218
3
45.8566 270.438
64.0776 267.737
70.8056 313.131
52.5846 315.832
2
59.2469 293.636
0 0 0.736592 -0.676337
3
48.1169 271.558
66.47 269.99
70.3769 315.714
52.0238 317.282
2
60.0464 295.541
0 0 0.71531 -0.698808
3
50.3034 272.817
68.7184 272.387
69.7893 318.265
51.3743 318.695
2
60.7265 297.491
0 0 0.693342 -0.720609
3
52.4079 274.208
70.8142 274.919
69.045 320.774
50.6387 320.064
2
61.2846 299.48
0 0 0.67071 -0.74172
3
54.4224 275.727
72.7495 277.575
68.1468 323.233
49.8197 321.386
2
60.4562 301.373
0 0 0.693342 -0.720609
3
52.1377 278.09
70.544 278.8
68.7747 324.656
50.3684 323.946
2
59.7465 303.313
0 0 0.71531 -0.698808
3
50.0036 280.589
68.4185 280.159
69.4894 326.036
51.0744 326.466
2
59.1581 305.293
0 0 0.736592 -0.676337
3
48.0281 283.215
66.3812 281.647
70.2882 327.37
51.935 328.939
2
58.6934 307.306
0 0 0.75717 -0.653218
3
46.2189 285.959
64.4399 283.258
71.1679 328.652
52.9469 331.353
2
58.3541 309.343
0 0 0.777021 -0.629474
3
44.5829 288.809
62.6019 284.987
72.1252 329.877
54.1063 333.7
2
58.1415 311.398
0 0 0.796129 -0.605127
3
43.1264 291.755
60.8744 286.825
73.1566 331.041
55.4086 335.971
2
59.2789 313.122
0 0 0.777021 -0.629474
3
45.5078 292.588
63.5267 288.766
73.0501 333.657
55.0311 337.479
2
60.3075 314.914
0 0 0.75717 -0.653218
3
47.833 293.567
66.0539 290.867
72.7819 336.261
54.561 338.961
2
61.2232 316.766
0 0 0.736592 -0.676337
3
50.0932 294.688
68.4463 293.12
72.3533 338.843
54.0001 340.411
2
62.0227 318.67
0 0 0.71531 -0.698808
3
52.2798 295.947
70.6948 295.517
71.7656 341.394
53.3506 341.824
2
62.7028 320.621
0 0 0.693342 -0.720609
3
54.3843 297.338
72.7906 298.048
71.0213 343.904
52.615 343.194
2
61.9931 322.561
0 0 0.71531 -0.698808
3
52.2502 299.837
70.6651 299.407
71.736 345.285
53.321 345.715
2
61.4047 324.541
0 0 0.736592 -0.676337
3
50.2747 302.464
68.6278 300.895
72.5348 346.619
54.1816 348.187
2
60.94 326.554
0 0 0.75717 -0.653218
3
48.4655 305.207
66.6865 302.507
73.4145 347.901
55.1935 350.601
2
60.6007 328.592
0 0 0.777021 -0.629474
3
46.8295 308.057
64.8485 304.235
74.3718 349.126
56.3528 352.948
2
60.3881 330.646
0 0 0.796129 -0.605127
3
45.373 311.003
63.121 306.073
75.4031 350.289
57.6551 355.219
2
60.303 332.71
0 0 0.814474 -0.5802
3
44.1015 314.034
61.5105 308.015
76.5045 351.387
59.0954 357.405
2
60.3457 334.776
0 0 0.832039 -0.554717
3
43.0199 317.137
60.0233 310.053
77.6715 352.414
60.6682 359.498
2
60.5162 336.834
0 0 0.848807 -0.528703
3
42.1324 320.302
58.665 312.179
78.9 353.367
62.3674 361.489
2
60.8136 338.879
0 0 0.864762 -0.502183
3
41.4423 323.515
57.4407 314.385
80.185 354.242
64.1865 363.372
2
61.237 340.9
0 0 0.879888 -0.475181
3
40.9523 326.764
56.3553 316.663
81.5217 355.036
66.1186 365.138
2
61.7846 342.892
0 0 0.894172 -0.447725
3
40.6643 330.038
55.4129 319.003
82.9049 355.746
68.1563 366.782
2
62.4544 344.846
0 0 0.907599 -0.419839
3
40.5793 333.323
54.617 321.397
84.3295 356.369
70.2917 368.296
2
63.2438 346.755
0 0 0.920156 -0.391551
3
40.6978 336.608
53.9708 323.836
85.7898 356.903
72.5168 369.675
2
64.1498 348.612
0 0 0.931833 -0.362889
3
41.0192 339.878
53.4767 326.31
87.2804 357.345
74.8229 370.914
2
65.1689 350.409
0 0 0.942616 -0.333878
3
41.5423 343.123
53.1366 328.81
88.7954 357.694
77.2012 372.008
2
66.2972 352.139
0 0 0.952497 -0.304548
3
42.2651 346.329
52.9517 331.326
90.3292 357.949
79.6426 372.952
2
67.5303 353.796
0 0 0.961465 -0.274926
3
43.1849 349.484
52.9229 333.848
91.8758 358.109
82.1378 373.744
2
68.8637 355.374
0 0 0.969513 -0.245041
3
44.2981 352.576
53.0502 336.368
93.4292 358.172
84.6772 374.38
2
70.2921 356.866
0 0 0.976631 -0.214921
3
45.6004 355.593
53.3331 338.875
94.9837 358.139
87.251 374.858
2
71.81 358.267
0 0 0.982815 -0.184595
3
47.0869 358.524
53.7706 341.36
96.5331 358.011
89.8495 375.175
2
73.4118 359.572
0 0 0.988056 -0.154092
3
48.7519 361.358
54.3609 343.812
98.0716 357.786
92.4627 375.331
2
75.0911 360.775
0 0 0.992352 -0.123442
3
50.589 364.083
55.1018 346.224
99.5933 357.467
95.0805 375.326
2
76.8417 361.872
0 0 0.995697 -0.0926736
3
52.5911 366.689
55.9905 348.585
101.092 357.054
97.6929 375.158
2
78.6568 362.858
0 0 0.998088 -0.0618163
3
54.7507 369.166
57.0236 350.887
102.563 356.55
100.29 374.829
2
80.5294 363.73
0 0 0.999522 -0.0308998
3
57.0593 371.505
58.1971 353.12
103.999 355.955
102.862 374.34
2
82.4523 364.485
0 0 1 4.63287e-05
3
59.5082 373.697
59.5065 355.277
105.396 355.273
105.398 373.693
2
84.4183 365.119
0 0 0.99952 0.0309924
3
62.088 375.733
60.9468 357.348
106.749 354.505
107.89 372.89
2
86.4197 365.63
0 0 0.998082 0.0619088
3
64.7888 377.605
62.5125 359.326
108.051 353.655
110.327 371.934
2
88.2922 364.758
0 0 0.99952 0.0309924
3
65.9619 375.372
64.8206 356.987
110.622 354.144
111.764 372.528
2
90.215 364.003
0 0 1 4.63287e-05
3
67.2708 373.215
67.2691 354.795
113.159 354.791
113.161 373.211
2
92.1687 364.003
0 0 1 4.63287e-05
3
69.2246 373.215
69.2229 354.795
115.113 354.79
115.115 373.21
2
94.1225 364.002
0 0 1 4.63287e-05
3
71.1783 373.215
71.1766 354.795
117.067 354.79
117.068 373.21
2
96.0762 364.002
0 0 1 4.63287e-05
3
73.1321 373.214
73.1304 354.794
119.02 354.79
119.022 373.21
2
98.03 364.002
0 0 1 4.63287e-05
3
75.0859 373.214
75.0841 354.794
120.974 354.79
120.976 373.21
2
99.9837 364.002
0 0 1 4.63287e-05
3
77.0396 373.214
77.0379 354.794
122.928 354.79
122.93 373.21
2
101.938 364.002
0 0 1 4.63287e-05
3
78.9934 373.214
78.9916 354.794
124.882 354.79
124.883 373.21
2
103.891 364.001
0 0 1 4.63287e-05
3
80.9471 373.214
80.9454 354.794
126.835 354.789
126.837 373.209
2
105.845 364.001
0 0 1 4.63287e-05
3
82.9009 373.213
82.8991 354.793
128.789 354.789
128.791 373.209
