1
179.595 81.3957 1.91038
1
178.944 83.2378 1.91038
1
178.293 85.08 1.91038
1
177.643 86.9222 1.91038
1
176.992 88.7644 1.91038
1
176.341 90.6065 1.91038
1
175.69 92.4487 1.91038
1
175.039 94.2909 1.91038
1
174.389 96.1331 1.91038
1
173.97 98.0415 1.84848
1
173.671 99.9722 1.78657
1
173.253 101.881 1.78657
1
172.834 103.789 1.78657
1
172.416 105.698 1.78657
1
171.998 107.606 1.78657
1
171.347 109.448 1.84848
1
170.583 111.247 1.91038
1
169.71 112.994 1.97228
1
168.73 114.685 2.03418
1
167.857 116.432 2.03418
1
166.984 118.18 2.03418
1
166.11 119.928 2.03418
1
165.237 121.675 2.03418
1
164.586 123.518 1.97228
1
164.051 125.397 1.91038
1
163.632 127.305 1.84848
1
163.333 129.236 1.78657
1
163.154 131.181 1.72467
1
163.095 133.134 1.66277
1
163.157 135.087 1.60087
1
163.34 137.032 1.53897
1
163.643 138.962 1.47706
1
164.064 140.87 1.41516
1
164.603 142.748 1.35326
1
163.949 140.907 1.29136
1
163.183 139.11 1.22946
1
162.306 137.364 1.16755
1
161.324 135.675 1.10565
1
160.238 134.05 1.04375
1
159.055 132.496 0.981848
1
157.777 131.018 0.919946
1
156.41 129.622 0.858044
1
154.96 128.313 0.796142
1
153.431 127.096 0.73424
1
151.831 125.976 0.672338
1
150.163 124.957 0.610436
1
148.436 124.043 0.548534
1
146.656 123.238 0.486632
1
144.83 122.545 0.424729
1
142.964 121.966 0.362827
1
141.066 121.503 0.300925
1
139.142 121.159 0.239023
1
137.202 120.934 0.177121
1
135.251 120.83 0.115219
1
133.31 120.606 0.115219
1
131.412 120.143 0.177121
1
129.546 119.564 0.239023
1
127.719 118.87 0.300925
1
125.796 118.526 0.239023
1
123.855 118.302 0.177121
1
121.904 118.198 0.115219
1
119.963 117.973 0.115219
1
118.023 117.748 0.115219
1
116.082 117.524 0.115219
1
114.141 117.299 0.115219
1
112.2 117.074 0.115219
1
110.259 116.85 0.115219
1
108.319 116.625 0.115219
1
106.378 116.401 0.115219
1
104.48 115.938 0.177121
1
102.614 115.359 0.239023
1
100.787 114.666 0.300925
1
99.007 113.86 0.362827
1
97.1088 113.398 0.300925
1
95.1856 113.054 0.239023
1
93.2874 112.591 0.239023
1
91.3892 112.129 0.239023
1
89.491 111.666 0.239023
1
87.5928 111.203 0.239023
1
85.6946 110.741 0.239023
1
83.7964 110.278 0.239023
1
81.8982 109.816 0.239023
1
80 109.353 0.239023
2
174.88 94.7423
0 0 0.816423 0.577454
3
175.921 119.445
158.553 113.309
173.839 70.0398
191.207 76.1754
2
174.229 96.5845
0 0 0.816423 0.577454
3
175.27 121.287
157.902 115.151
173.188 71.882
190.556 78.0176
2
173.578 98.4267
0 0 0.816423 0.577454
3
174.62 123.129
157.252 116.994
172.537 73.7242
189.905 79.8598
2
172.928 100.269
0 0 0.816423 0.577454
3
173.969 124.971
156.601 118.836
171.886 75.5664
189.255 81.7019
2
172.277 102.111
0 0 0.816423 0.577454
3
173.318 126.814
155.95 120.678
171.236 77.4085
188.604 83.5441
2
171.626 103.953
0 0 0.816423 0.577454
3
172.667 128.656
155.299 122.52
170.585 79.2507
187.953 85.3863
2
170.975 105.795
0 0 0.816423 0.577454
3
172.017 130.498
154.648 124.362
169.934 81.0929
187.302 87.2285
2
170.325 107.638
0 0 0.816423 0.577454
3
171.366 132.34
153.998 126.204
169.283 82.9351
186.651 89.0707
2
169.674 109.48
0 0 0.816423 0.577454
3
170.715 134.182
153.347 128.047
168.633 84.7773
186.001 90.9128
2
170.09 111.654
0 0 0.798162 0.602443
3
172.658 136.245
154.943 131.196
167.523 87.0635
185.237 92.1129
2
170.64 113.799
0 0 0.779137 0.626854
3
174.724 138.184
156.731 134.24
166.556 89.4141
184.549 93.358
2
170.222 115.707
0 0 0.779137 0.626854
3
174.306 140.092
156.313 136.148
166.138 91.3225
184.131 95.2664
2
169.804 117.616
0 0 0.779137 0.626854
3
173.887 142.001
155.894 138.057
165.72 93.231
183.713 97.1748
2
169.385 119.524
0 0 0.779137 0.626854
3
173.469 143.909
155.476 139.965
165.302 95.1394
183.294 99.0833
2
168.967 121.433
0 0 0.779137 0.626854
3
173.051 145.818
155.058 141.874
164.883 97.0479
182.876 100.992
2
167.467 123.061
0 0 0.798162 0.602443
3
170.034 147.652
152.32 142.602
164.899 98.4701
182.614 103.52
2
165.868 124.593
0 0 0.816423 0.577454
3
166.91 149.296
149.542 143.16
164.827 99.8907
182.195 106.026
2
164.178 126.024
0 0 0.833902 0.551913
3
163.69 150.743
146.734 143.545
164.667 101.304
181.623 108.502
2
162.403 127.347
0 0 0.850582 0.525842
3
160.386 151.989
143.909 143.755
164.421 102.705
180.898 110.938
2
161.53 129.095
0 0 0.850582 0.525842
3
159.513 153.737
143.035 145.503
163.547 104.453
180.025 112.686
2
160.657 130.842
0 0 0.850582 0.525842
3
158.64 155.484
142.162 147.251
162.674 106.2
179.151 114.434
2
159.783 132.59
0 0 0.850582 0.525842
3
157.766 157.232
141.289 148.999
161.801 107.948
178.278 116.181
2
158.91 134.338
0 0 0.850582 0.525842
3
156.893 158.98
140.415 150.746
160.927 109.696
177.405 117.929
2
159.055 136.547
0 0 0.833902 0.551913
3
158.566 161.267
141.611 154.068
159.544 111.827
176.499 119.026
2
159.336 138.743
0 0 0.816423 0.577454
3
160.377 163.446
143.009 157.31
158.295 114.041
175.663 120.176
2
159.752 140.918
0 0 0.798162 0.602443
3
162.32 165.509
144.605 160.459
157.185 116.327
174.899 121.376
2
160.302 143.062
0 0 0.779137 0.626854
3
164.386 167.447
146.393 163.503
156.219 118.678
174.211 122.621
2
160.984 145.169
0 0 0.759365 0.650665
3
166.568 169.254
148.366 166.431
155.4 121.083
173.602 123.907
2
161.795 147.229
0 0 0.738866 0.673853
3
168.858 170.923
150.516 169.231
154.731 123.535
173.073 125.227
2
162.731 149.235
0 0 0.717659 0.696395
3
171.247 172.447
152.836 171.893
154.215 126.024
172.627 126.578
2
163.79 151.18
0 0 0.695764 0.71827
3
173.726 173.82
155.315 174.406
153.855 128.54
172.265 127.953
2
164.968 153.055
0 0 0.673203 0.739457
3
176.285 175.037
157.946 176.761
153.65 131.073
171.99 129.349
2
166.258 154.854
0 0 0.649998 0.759936
3
178.914 176.094
160.716 178.949
153.603 133.614
171.801 130.758
2
167.658 156.569
0 0 0.626169 0.779687
3
181.603 176.986
163.617 180.961
153.713 136.153
171.699 132.177
2
167.853 154.513
0 0 0.601741 0.798691
3
183.035 174.027
165.329 179.108
152.672 134.998
170.378 129.917
2
167.921 152.448
0 0 0.576736 0.81693
3
184.28 170.986
166.923 177.152
151.561 133.91
168.919 127.744
2
167.861 150.383
0 0 0.551179 0.834387
3
185.336 167.874
168.393 175.102
150.386 132.893
167.328 125.664
2
167.673 148.326
0 0 0.525094 0.851044
3
186.196 164.702
169.733 172.964
149.149 131.95
165.612 123.688
2
167.358 146.284
0 0 0.498506 0.866886
3
186.859 161.483
170.939 170.748
147.857 131.086
163.777 121.821
2
166.917 144.266
0 0 0.471441 0.881898
3
187.321 158.23
172.005 168.462
146.513 130.303
161.83 120.071
2
166.353 142.279
0 0 0.443924 0.896065
3
187.582 154.953
172.927 166.113
145.124 129.605
159.779 118.445
2
165.667 140.331
0 0 0.415982 0.909373
3
187.639 151.668
173.703 163.713
143.694 128.994
157.63 116.949
2
164.861 138.429
0 0 0.387641 0.921811
3
187.492 148.384
174.328 161.269
142.23 128.473
155.394 115.589
2
163.939 136.58
0 0 0.358929 0.933365
3
187.143 145.117
174.801 158.79
140.735 128.043
153.077 114.369
2
162.905 134.792
0 0 0.329873 0.944025
3
186.593 141.877
175.12 156.288
139.217 127.707
150.69 113.296
2
161.762 133.071
0 0 0.300501 0.953782
3
185.843 138.677
175.284 153.77
137.682 127.465
148.24 112.372
2
160.515 131.424
0 0 0.270841 0.962624
3
184.896 135.53
175.291 151.247
136.134 127.319
145.739 111.601
2
159.168 129.858
0 0 0.240922 0.970544
3
183.757 132.447
175.142 148.729
134.58 127.268
143.194 110.987
2
157.727 128.378
0 0 0.210772 0.977535
3
182.429 129.441
174.838 146.224
133.026 127.314
140.616 110.531
2
156.197 126.99
0 0 0.18042 0.98359
3
180.917 126.523
174.38 143.744
131.477 127.456
138.015 110.236
2
154.585 125.699
0 0 0.149896 0.988702
3
179.228 123.704
173.769 141.296
129.941 127.694
135.401 110.102
2
152.895 124.51
0 0 0.119227 0.992867
3
177.368 120.994
173.007 138.891
128.422 128.026
132.783 110.13
2
151.135 123.428
0 0 0.0884449 0.996081
3
175.344 118.405
172.098 136.537
126.926 128.451
130.172 110.32
2
149.312 122.457
0 0 0.0575777 0.998341
3
173.164 115.946
171.046 134.244
125.46 128.969
127.578 110.671
2
147.371 122.233
0 0 0.0575777 0.998341
3
171.223 115.722
169.105 134.02
123.519 128.744
125.637 110.446
2
145.345 122.637
0 0 0.0884449 0.996081
3
169.554 117.614
166.308 135.746
121.136 127.66
124.382 109.528
2
143.298 122.915
0 0 0.119227 0.992867
3
167.771 119.399
163.41 137.296
118.825 126.431
123.186 108.535
2
141.238 123.066
0 0 0.149896 0.988702
3
165.882 121.071
160.422 138.663
116.594 125.061
122.054 107.469
2
139.549 121.877
0 0 0.119227 0.992867
3
164.022 118.362
159.661 136.258
115.075 125.393
119.436 107.497
2
137.789 120.796
0 0 0.0884449 0.996081
3
161.998 115.773
158.752 133.904
113.58 125.819
116.826 107.687
2
135.965 119.825
0 0 0.0575777 0.998341
3
159.817 113.314
157.699 131.612
112.114 126.336
114.231 108.038
2
134.025 119.6
0 0 0.0575777 0.998341
3
157.876 113.089
155.759 131.387
110.173 126.111
112.291 107.813
2
132.084 119.376
0 0 0.0575777 0.998341
3
155.935 112.865
153.818 131.162
108.232 125.887
110.35 107.589
2
130.143 119.151
0 0 0.0575777 0.998341
3
153.995 112.64
151.877 130.938
106.291 125.662
108.409 107.364
2
128.202 118.926
0 0 0.0575777 0.998341
3
152.054 112.415
149.936 130.713
104.351 125.437
106.468 107.14
2
126.261 118.702
0 0 0.0575777 0.998341
3
150.113 112.191
147.995 130.489
102.41 125.213
104.527 106.915
2
124.321 118.477
0 0 0.0575777 0.998341
3
148.172 111.966
146.055 130.264
100.469 124.988
102.587 106.69
2
122.38 118.253
0 0 0.0575777 0.998341
3
146.232 111.741
144.114 130.039
98.5281 124.764
100.646 106.466
2
120.439 118.028
0 0 0.0575777 0.998341
3
144.291 111.517
142.173 129.815
96.5873 124.539
98.705 106.241
2
118.413 118.432
0 0 0.0884449 0.996081
3
142.622 113.409
139.376 131.541
94.2044 123.455
97.45 105.323
2
116.366 118.71
0 0 0.119227 0.992867
3
140.839 115.194
136.478 133.091
91.8931 122.226
96.2541 104.33
2
114.306 118.861
0 0 0.149896 0.988702
3
138.95 116.866
133.49 134.458
89.6623 120.856
95.122 103.264
2
112.24 118.884
0 0 0.18042 0.98359
3
136.96 118.418
130.423 135.638
87.5205 119.351
94.0581 102.13
2
110.628 117.594
0 0 0.149896 0.988702
3
135.272 115.598
129.812 133.191
85.9839 119.589
91.4437 101.996
2
108.938 116.405
0 0 0.119227 0.992867
3
133.411 112.889
129.05 130.785
84.465 119.921
88.826 102.024
2
107.04 115.942
0 0 0.119227 0.992867
3
131.513 112.427
127.152 130.323
82.5668 119.458
86.9278 101.562
2
105.142 115.48
0 0 0.119227 0.992867
3
129.615 111.964
125.254 129.86
80.6686 118.996
85.0296 101.099
2
103.244 115.017
0 0 0.119227 0.992867
3
127.717 111.501
123.356 129.398
78.7704 118.533
83.1314 100.637
2
101.345 114.555
0 0 0.119227 0.992867
3
125.819 111.039
121.458 128.935
76.8722 118.071
81.2332 100.174
2
99.4472 114.092
0 0 0.119227 0.992867
3
123.92 110.576
119.559 128.473
74.974 117.608
79.335 99.7117
2
97.549 113.63
0 0 0.119227 0.992867
3
122.022 110.114
117.661 128.01
73.0758 117.145
77.4368 99.2491
2
95.6508 113.167
0 0 0.119227 0.992867
3
120.124 109.651
115.763 127.548
71.1776 116.683
75.5386 98.7866
2
93.7526 112.704
0 0 0.119227 0.992867
3
118.226 109.189
113.865 127.085
69.2794 116.22
73.6404 98.324
