1
189.345 368.288 6.13649
1
187.463 368.81 6.07459
1
185.616 369.448 6.01269
1
183.812 370.198 5.95079
1
182.058 371.059 5.88888
1
183.755 370.091 5.82698
1
185.39 369.021 5.76508
1
186.955 367.851 5.70318
1
188.444 366.587 5.64128
1
189.852 365.232 5.57937
1
191.174 363.794 5.51747
1
192.405 362.276 5.45557
1
193.539 360.685 5.39367
1
194.573 359.028 5.33177
1
195.502 357.309 5.26986
1
196.323 355.536 5.20796
1
197.033 353.716 5.14606
1
197.628 351.855 5.08416
1
198.108 349.961 5.02226
1
198.469 348.041 4.96035
1
198.711 346.102 4.89845
1
198.833 344.152 4.83655
1
198.833 342.199 4.77465
1
198.713 340.249 4.71275
1
198.473 338.31 4.65084
1
198.113 336.389 4.58894
1
197.634 334.495 4.52704
1
197.04 332.634 4.46514
1
196.332 330.813 4.40324
1
195.512 329.04 4.34133
1
194.584 327.32 4.27943
1
193.552 325.662 4.21753
1
192.419 324.07 4.15563
1
191.386 322.411 4.15563
1
190.354 320.753 4.15563
1
189.321 319.094 4.15563
1
188.289 317.435 4.15563
1
187.256 315.777 4.15563
1
186.224 314.118 4.15563
1
185.191 312.459 4.15563
1
184.159 310.8 4.15563
1
183.127 309.142 4.15563
1
182.094 307.483 4.15563
1
181.062 305.824 4.15563
1
180.029 304.166 4.15563
1
179.21 302.392 4.21753
1
178.076 300.801 4.15563
1
176.847 299.282 4.09373
1
175.919 297.563 4.15563
1
174.887 295.904 4.15563
1
173.854 294.245 4.15563
1
172.822 292.587 4.15563
1
171.789 290.928 4.15563
1
170.757 289.269 4.15563
1
169.725 287.611 4.15563
1
168.692 285.952 4.15563
1
167.66 284.293 4.15563
1
166.627 282.635 4.15563
1
165.595 280.976 4.15563
1
164.562 279.317 4.15563
1
163.53 277.658 4.15563
1
162.497 276 4.15563
1
161.465 274.341 4.15563
1
160.433 272.682 4.15563
1
159.4 271.024 4.15563
1
158.368 269.365 4.15563
1
157.335 267.706 4.15563
1
156.303 266.048 4.15563
1
155.27 264.389 4.15563
1
154.238 262.73 4.15563
1
153.206 261.072 4.15563
1
152.173 259.413 4.15563
1
151.141 257.754 4.15563
1
150.108 256.095 4.15563
1
149.076 254.437 4.15563
1
148.043 252.778 4.15563
1
147.011 251.119 4.15563
1
146.191 249.346 4.21753
1
145.058 247.754 4.15563
1
143.829 246.236 4.09373
1
142.901 244.516 4.15563
1
142.081 242.743 4.21753
1
141.373 240.922 4.27943
1
140.778 239.061 4.34133
1
140.3 237.167 4.40324
1
139.94 235.246 4.46514
1
139.699 233.308 4.52704
1
139.579 231.358 4.58894
1
139.101 229.463 4.52704
1
138.507 227.602 4.46514
1
137.798 225.781 4.40324
1
136.979 224.008 4.34133
1
136.051 222.288 4.27943
1
135.018 220.63 4.21753
1
133.885 219.038 4.15563
1
132.853 217.379 4.15563
1
131.82 215.721 4.15563
1
130.788 214.062 4.15563
1
129.755 212.403 4.15563
1
128.723 210.745 4.15563
1
127.691 209.086 4.15563
1
126.658 207.427 4.15563
1
125.626 205.769 4.15563
1
124.593 204.11 4.15563
1
123.561 202.451 4.15563
1
122.528 200.793 4.15563
1
121.496 199.134 4.15563
1
120.463 197.475 4.15563
1
119.431 195.817 4.15563
1
118.399 194.158 4.15563
1
117.366 192.499 4.15563
1
116.334 190.841 4.15563
1
115.301 189.182 4.15563
1
114.269 187.523 4.15563
1
113.236 185.865 4.15563
1
112.204 184.206 4.15563
1
111.172 182.547 4.15563
1
110.139 180.889 4.15563
1
109.319 179.115 4.21753
1
108.611 177.294 4.27943
1
108.017 175.433 4.34133
1
107.538 173.539 4.40324
1
106.719 171.765 4.34133
1
105.791 170.046 4.27943
1
104.758 168.387 4.21753
1
103.625 166.796 4.15563
1
104.855 168.314 4.09373
1
103.534 166.875 4.03182
1
102.126 165.52 3.96992
1
100.638 164.254 3.90802
1
99.0736 163.083 3.84612
1
97.4401 162.011 3.78421
1
95.7435 161.043 3.72231
1
93.9902 160.181 3.66041
1
92.1869 159.429 3.59851
1
90.3405 158.79 3.53661
1
88.6439 157.821 3.59851
1
87.0104 156.749 3.66041
1
85.4464 155.578 3.72231
1
83.9578 154.313 3.78421
1
82.5503 152.958 3.84612
1
81.2294 151.518 3.90802
1
80 150 3.96992
2
203.348 366.219
0 0 0.0732805 -0.997311
3
224.701 353.754
227.393 371.976
181.996 378.684
179.304 360.462
2
201.311 365.879
0 0 0.104108 -0.994566
3
221.851 352.117
225.666 370.138
180.77 379.641
176.956 361.62
2
199.256 365.665
0 0 0.134836 -0.990868
3
218.906 350.659
223.828 368.409
179.606 380.671
174.684 362.921
2
197.192 365.579
0 0 0.165435 -0.986221
3
215.876 349.386
221.887 366.798
178.509 381.772
172.498 364.361
2
195.127 365.621
0 0 0.195876 -0.980629
3
212.773 348.303
219.849 365.31
177.481 382.939
170.404 365.932
2
196.463 363.855
0 0 0.226129 -0.974097
3
213.004 345.479
221.119 362.015
179.922 382.232
171.807 365.696
2
197.687 362.011
0 0 0.256165 -0.966633
3
213.06 342.646
222.182 358.649
182.314 381.375
173.192 365.372
2
198.795 360.093
0 0 0.285956 -0.958243
3
212.94 339.815
223.035 355.223
184.649 380.372
174.555 364.964
2
199.782 358.112
0 0 0.315472 -0.948935
3
212.645 336.997
223.674 351.751
186.918 379.226
175.889 364.473
2
200.644 356.072
0 0 0.344687 -0.938718
3
212.177 334.203
224.097 348.246
189.111 377.942
177.191 363.899
2
201.379 353.984
0 0 0.373572 -0.927601
3
211.536 331.442
224.302 344.721
191.221 376.525
178.455 363.246
2
201.983 351.854
0 0 0.402098 -0.915596
3
210.727 328.727
224.29 341.191
193.239 374.98
179.676 362.517
2
202.454 349.69
0 0 0.43024 -0.902715
3
209.75 326.067
224.058 337.668
195.157 373.314
180.849 361.713
2
202.79 347.502
0 0 0.457969 -0.888968
3
208.611 323.473
223.609 334.166
196.969 371.531
181.971 360.838
2
202.99 345.297
0 0 0.48526 -0.87437
3
207.314 320.954
222.945 330.699
198.667 369.641
183.036 359.895
2
203.054 343.084
0 0 0.512086 -0.858934
3
205.863 318.52
222.067 327.279
200.245 367.648
184.041 358.889
2
202.981 340.871
0 0 0.538421 -0.842676
3
204.265 316.18
220.98 323.92
201.696 365.562
184.981 357.822
2
202.77 338.667
0 0 0.564241 -0.82561
3
202.525 313.944
219.686 320.635
203.016 363.39
185.854 356.699
2
202.424 336.48
0 0 0.58952 -0.807754
3
200.649 311.819
218.192 317.436
204.199 361.141
186.656 355.524
2
201.943 334.319
0 0 0.614235 -0.789123
3
198.646 309.815
216.503 314.336
205.24 358.823
187.384 354.302
2
201.33 332.192
0 0 0.638361 -0.769737
3
196.523 307.939
214.625 311.346
206.136 356.444
188.034 353.037
2
200.586 330.106
0 0 0.661875 -0.749614
3
194.288 306.197
212.566 308.478
206.883 354.015
188.605 351.734
2
199.714 328.071
0 0 0.684756 -0.728772
3
191.95 304.597
210.334 305.743
207.479 351.545
189.094 350.398
2
198.718 326.094
0 0 0.706981 -0.707233
3
189.517 303.145
207.937 303.152
207.92 349.042
189.5 349.035
2
197.602 324.181
0 0 0.728528 -0.685016
3
186.998 301.846
205.383 300.713
208.206 346.517
189.821 347.649
2
196.37 322.342
0 0 0.749378 -0.662143
3
184.404 300.706
202.684 298.438
208.335 343.978
190.055 346.247
2
195.026 320.582
0 0 0.76951 -0.638635
3
181.745 299.728
199.85 296.333
208.307 341.437
190.202 344.832
2
193.576 318.909
0 0 0.788904 -0.614516
3
179.03 298.916
196.89 294.408
208.121 338.903
190.261 343.411
2
192.025 317.329
0 0 0.807543 -0.589808
3
176.27 298.274
193.817 292.67
207.779 336.384
190.233 341.989
2
190.379 315.848
0 0 0.825409 -0.564535
3
173.476 297.804
190.643 291.125
207.282 333.892
190.116 340.571
2
188.645 314.471
0 0 0.842484 -0.538722
3
170.658 297.508
187.379 289.779
206.632 331.435
189.912 339.163
2
186.829 313.205
0 0 0.858751 -0.512392
3
167.827 297.386
184.038 288.638
205.831 329.023
189.621 337.771
2
184.938 312.053
0 0 0.874197 -0.485572
3
164.994 297.44
180.632 287.706
204.883 326.665
189.244 336.399
2
183.906 310.394
0 0 0.874197 -0.485572
3
163.962 295.781
179.6 286.048
203.85 325.007
188.212 334.741
2
182.874 308.735
0 0 0.874197 -0.485572
3
162.93 294.123
178.568 284.389
202.818 323.348
187.18 333.082
2
181.841 307.077
0 0 0.874197 -0.485572
3
161.897 292.464
177.535 282.73
201.785 321.689
186.147 331.423
2
180.809 305.418
0 0 0.874197 -0.485572
3
160.865 290.805
176.503 281.071
200.753 320.031
185.115 329.765
2
179.776 303.759
0 0 0.874197 -0.485572
3
159.832 289.147
175.47 279.413
199.72 318.372
184.082 328.106
2
178.744 302.101
0 0 0.874197 -0.485572
3
158.8 287.488
174.438 277.754
198.688 316.713
183.05 326.447
2
177.711 300.442
0 0 0.874197 -0.485572
3
157.767 285.829
173.405 276.095
197.655 315.055
182.017 324.789
2
176.679 298.783
0 0 0.874197 -0.485572
3
156.735 284.171
172.373 274.437
196.623 313.396
180.985 323.13
2
175.646 297.125
0 0 0.874197 -0.485572
3
155.702 282.512
171.34 272.778
195.591 311.737
179.953 321.471
2
174.614 295.466
0 0 0.874197 -0.485572
3
154.67 280.853
170.308 271.119
194.558 310.079
178.92 319.812
2
173.582 293.807
0 0 0.874197 -0.485572
3
153.638 279.194
169.276 269.461
193.526 308.42
177.888 318.154
2
172.549 292.148
0 0 0.874197 -0.485572
3
152.605 277.536
168.243 267.802
192.493 306.761
176.855 316.495
2
172.487 289.935
0 0 0.858751 -0.512392
3
153.485 274.117
169.696 265.369
191.489 305.754
175.279 314.502
2
170.596 288.783
0 0 0.874197 -0.485572
3
150.652 274.171
166.29 264.437
190.54 303.396
174.902 313.13
2
168.638 287.751
0 0 0.888805 -0.458286
3
147.828 274.4
162.834 263.717
189.448 301.102
174.442 311.784
2
168.439 285.546
0 0 0.874197 -0.485572
3
148.495 270.933
164.133 261.199
188.383 300.158
172.745 309.892
2
167.407 283.887
0 0 0.874197 -0.485572
3
147.463 269.274
163.101 259.54
187.351 298.5
171.713 308.233
2
166.374 282.228
0 0 0.874197 -0.485572
3
146.43 267.615
162.068 257.882
186.318 296.841
170.68 306.575
2
165.342 280.569
0 0 0.874197 -0.485572
3
145.398 265.957
161.036 256.223
185.286 295.182
169.648 304.916
2
164.309 278.911
0 0 0.874197 -0.485572
3
144.365 264.298
160.003 254.564
184.253 293.524
168.615 303.257
2
163.277 277.252
0 0 0.874197 -0.485572
3
143.333 262.639
158.971 252.906
183.221 291.865
167.583 301.599
2
162.245 275.593
0 0 0.874197 -0.485572
3
142.3 260.981
157.938 251.247
182.189 290.206
166.551 299.94
2
161.212 273.935
0 0 0.874197 -0.485572
3
141.268 259.322
156.906 249.588
181.156 288.547
165.518 298.281
2
160.18 272.276
0 0 0.874197 -0.485572
3
140.236 257.663
155.874 247.929
180.124 286.889
164.486 296.623
2
159.147 270.617
0 0 0.874197 -0.485572
3
139.203 256.005
154.841 246.271
179.091 285.23
163.453 294.964
2
158.115 268.959
0 0 0.874197 -0.485572
3
138.171 254.346
153.809 244.612
178.059 283.571
162.421 293.305
2
157.082 267.3
0 0 0.874197 -0.485572
3
137.138 252.687
152.776 242.953
177.026 281.913
161.388 291.647
2
156.05 265.641
0 0 0.874197 -0.485572
3
136.106 251.029
151.744 241.295
175.994 280.254
160.356 289.988
2
155.017 263.983
0 0 0.874197 -0.485572
3
135.073 249.37
150.711 239.636
174.962 278.595
159.323 288.329
2
153.985 262.324
0 0 0.874197 -0.485572
3
134.041 247.711
149.679 237.977
173.929 276.937
158.291 286.67
2
152.953 260.665
0 0 0.874197 -0.485572
3
133.008 246.052
148.647 236.319
172.897 275.278
157.259 285.012
2
151.92 259.007
0 0 0.874197 -0.485572
3
131.976 244.394
147.614 234.66
171.864 273.619
156.226 283.353
2
150.888 257.348
0 0 0.874197 -0.485572
3
130.944 242.735
146.582 233.001
170.832 271.961
155.194 281.694
2
149.855 255.689
0 0 0.874197 -0.485572
3
129.911 241.076
145.549 231.343
169.799 270.302
154.161 280.036
2
148.823 254.03
0 0 0.874197 -0.485572
3
128.879 239.418
144.517 229.684
168.767 268.643
153.129 278.377
2
147.79 252.372
0 0 0.874197 -0.485572
3
127.846 237.759
143.484 228.025
167.734 266.984
152.096 276.718
2
146.758 250.713
0 0 0.874197 -0.485572
3
126.814 236.1
142.452 226.366
166.702 265.326
151.064 275.06
2
145.725 249.054
0 0 0.874197 -0.485572
3
125.781 234.442
141.419 224.708
165.67 263.667
150.032 273.401
2
144.693 247.396
0 0 0.874197 -0.485572
3
124.749 232.783
140.387 223.049
164.637 262.008
148.999 271.742
2
143.661 245.737
0 0 0.874197 -0.485572
3
123.717 231.124
139.355 221.39
163.605 260.35
147.967 270.084
2
142.628 244.078
0 0 0.874197 -0.485572
3
122.684 229.466
138.322 219.732
162.572 258.691
146.934 268.425
2
141.596 242.42
0 0 0.874197 -0.485572
3
121.652 227.807
137.29 218.073
161.54 257.032
145.902 266.766
2
140.563 240.761
0 0 0.874197 -0.485572
3
120.619 226.148
136.257 216.414
160.507 255.374
144.869 265.107
2
139.531 239.102
0 0 0.874197 -0.485572
3
119.587 224.49
135.225 214.756
159.475 253.715
143.837 263.449
2
139.469 236.889
0 0 0.858751 -0.512392
3
120.467 221.071
136.677 212.323
158.471 252.708
142.26 261.455
2
137.578 235.737
0 0 0.874197 -0.485572
3
117.634 221.124
133.272 211.391
157.522 250.35
141.884 260.084
2
135.62 234.704
0 0 0.888805 -0.458286
3
114.81 221.353
129.816 210.671
156.429 248.055
141.424 258.738
2
135.421 232.499
0 0 0.874197 -0.485572
3
115.477 217.887
131.115 208.153
155.365 247.112
139.727 256.846
2
135.359 230.286
0 0 0.858751 -0.512392
3
116.357 214.468
132.567 205.72
154.361 246.105
138.15 254.852
2
135.434 228.073
0 0 0.842484 -0.538722
3
117.447 211.11
134.167 203.381
153.421 245.037
136.7 252.765
2
135.646 225.869
0 0 0.825409 -0.564535
3
118.743 207.825
135.909 201.146
152.549 243.913
135.382 250.592
2
135.993 223.683
0 0 0.807543 -0.589808
3
120.239 204.628
137.786 199.023
151.748 242.738
134.201 248.342
2
136.476 221.522
0 0 0.788904 -0.614516
3
121.93 201.529
139.79 197.021
151.021 241.515
133.161 246.023
2
137.091 219.395
0 0 0.76951 -0.638635
3
123.81 198.54
141.915 195.146
150.372 240.25
132.267 243.644
2
137.836 217.31
0 0 0.749378 -0.662143
3
125.871 195.674
144.151 193.406
149.802 238.947
131.522 241.215
2
136.493 215.551
0 0 0.76951 -0.638635
3
123.212 194.696
141.316 191.301
149.773 236.405
131.669 239.8
2
135.042 213.878
0 0 0.788904 -0.614516
3
120.497 193.884
138.357 189.376
149.588 233.871
131.728 238.379
2
133.492 212.297
0 0 0.807543 -0.589808
3
117.737 193.242
135.284 187.638
149.246 231.352
131.699 236.957
2
131.846 210.816
0 0 0.825409 -0.564535
3
114.943 192.772
132.109 186.093
148.749 228.86
131.583 235.539
2
130.112 209.44
0 0 0.842484 -0.538722
3
112.125 192.476
128.845 184.748
148.099 226.403
131.378 234.131
2
128.296 208.173
0 0 0.858751 -0.512392
3
109.294 192.354
125.504 183.607
147.298 223.991
131.088 232.739
2
126.405 207.021
0 0 0.874197 -0.485572
3
106.461 192.408
122.099 182.674
146.349 221.634
130.711 231.368
2
125.373 205.362
0 0 0.874197 -0.485572
3
105.429 190.75
121.067 181.016
145.317 219.975
129.679 229.709
2
124.34 203.704
0 0 0.874197 -0.485572
3
104.396 189.091
120.034 179.357
144.284 218.316
128.646 228.05
2
123.308 202.045
0 0 0.874197 -0.485572
3
103.364 187.432
119.002 177.698
143.252 216.658
127.614 226.391
2
122.275 200.386
0 0 0.874197 -0.485572
3
102.331 185.774
117.969 176.04
142.219 214.999
126.581 224.733
2
121.243 198.728
0 0 0.874197 -0.485572
3
101.299 184.115
116.937 174.381
141.187 213.34
125.549 223.074
2
120.211 197.069
0 0 0.874197 -0.485572
3
100.266 182.456
115.904 172.722
140.155 211.682
124.517 221.415
2
119.178 195.41
0 0 0.874197 -0.485572
3
99.234 180.797
114.872 171.064
139.122 210.023
123.484 219.757
2
118.146 193.752
0 0 0.874197 -0.485572
3
98.2015 179.139
113.84 169.405
138.09 208.364
122.452 218.098
2
117.113 192.093
0 0 0.874197 -0.485572
3
97.1691 177.48
112.807 167.746
137.057 206.706
121.419 216.439
2
116.081 190.434
0 0 0.874197 -0.485572
3
96.1367 175.821
111.775 166.088
136.025 205.047
120.387 214.781
2
115.048 188.775
0 0 0.874197 -0.485572
3
95.1042 174.163
110.742 164.429
134.992 203.388
119.354 213.122
2
114.016 187.117
0 0 0.874197 -0.485572
3
94.0718 172.504
109.71 162.77
133.96 201.73
118.322 211.463
2
112.983 185.458
0 0 0.874197 -0.485572
3
93.0393 170.845
108.677 161.112
132.927 200.071
117.289 209.805
2
111.951 183.799
0 0 0.874197 -0.485572
3
92.0069 169.187
107.645 159.453
131.895 198.412
116.257 208.146
2
110.919 182.141
0 0 0.874197 -0.485572
3
90.9745 167.528
106.613 157.794
130.863 196.753
115.225 206.487
2
109.886 180.482
0 0 0.874197 -0.485572
3
89.942 165.869
105.58 156.136
129.83 195.095
114.192 204.829
2
108.854 178.823
0 0 0.874197 -0.485572
3
88.9096 164.211
104.548 154.477
128.798 193.436
113.16 203.17
2
107.821 177.165
0 0 0.874197 -0.485572
3
87.8771 162.552
103.515 152.818
127.765 191.777
112.127 201.511
2
106.789 175.506
0 0 0.874197 -0.485572
3
86.8447 160.893
102.483 151.16
126.733 190.119
111.095 199.853
2
105.756 173.847
0 0 0.874197 -0.485572
3
85.8123 159.235
101.45 149.501
125.7 188.46
110.062 198.194
2
104.724 172.189
0 0 0.874197 -0.485572
3
84.7798 157.576
100.418 147.842
124.668 186.801
109.03 196.535
2
103.691 170.53
0 0 0.874197 -0.485572
3
83.7474 155.917
99.3854 146.183
123.636 185.143
107.997 194.877
2
102.659 168.871
0 0 0.874197 -0.485572
3
82.7149 154.259
98.353 144.525
122.603 183.484
106.965 193.218
2
102.597 166.658
0 0 0.858751 -0.512392
3
83.5952 150.84
99.8054 142.092
121.599 182.477
105.389 191.224
2
102.672 164.445
0 0 0.842484 -0.538722
3
84.6852 147.482
101.406 139.753
120.659 181.409
103.939 189.137
2
102.884 162.241
0 0 0.825409 -0.564535
3
85.9809 144.198
103.147 137.518
119.787 180.285
102.621 186.965
2
103.232 160.055
0 0 0.807543 -0.589808
3
87.4772 141
105.024 135.396
118.986 179.11
101.439 184.714
2
101.586 158.574
0 0 0.825409 -0.564535
3
84.683 140.53
101.849 133.851
118.489 176.618
101.323 183.297
2
99.852 157.197
0 0 0.842484 -0.538722
3
81.865 140.233
98.5854 132.505
117.839 174.161
101.119 181.889
2
98.036 155.93
0 0 0.858751 -0.512392
3
79.0341 140.112
95.2444 131.364
117.038 171.749
100.828 180.497
2
96.1452 154.778
0 0 0.874197 -0.485572
3
76.2011 140.166
91.8392 130.432
116.089 169.391
100.451 179.125
2
96.6455 156.783
0 0 0.888805 -0.458286
3
75.8356 143.432
90.8416 132.749
117.455 170.134
102.449 180.816
2
94.6269 155.873
0 0 0.902561 -0.430562
3
73.031 143.835
87.3473 132.245
116.223 167.911
101.906 179.502
2
92.5559 155.09
0 0 0.915453 -0.402425
3
70.2567 144.411
83.8286 131.957
114.855 165.769
101.283 178.223
2
90.4405 154.437
0 0 0.927468 -0.373903
3
67.5233 145.158
80.2988 131.888
113.358 163.716
100.582 176.985
2
88.2886 153.916
0 0 0.938595 -0.345022
3
64.8413 146.072
76.7714 132.037
111.736 161.759
99.8058 175.794
2
86.1087 153.528
0 0 0.948822 -0.315811
3
62.2211 147.15
73.2601 132.405
109.996 159.906
98.9572 174.652
2
83.909 153.277
0 0 0.958141 -0.286297
3
59.6725 148.389
69.7782 132.988
108.145 158.165
98.0397 173.565
2
81.6979 153.162
0 0 0.966542 -0.256509
3
57.2055 149.783
66.3391 133.786
106.19 156.541
97.0566 172.537
2
79.4839 153.184
0 0 0.974017 -0.226476
3
54.8294 151.326
62.956 134.796
104.138 155.042
96.0119 171.572
2
77.2756 153.343
0 0 0.980559 -0.196225
3
52.5533 153.014
59.6418 136.012
101.998 153.672
94.9094 170.673
2
75.9409 151.576
0 0 0.974017 -0.226476
3
51.2864 149.719
59.413 133.188
100.595 153.434
92.4689 169.964
2
74.7181 149.731
0 0 0.966542 -0.256509
3
50.2257 146.351
59.3594 130.355
99.2105 153.11
90.0769 169.106
2
73.6118 147.813
0 0 0.958141 -0.286297
3
49.3754 142.925
59.4811 127.524
97.8483 152.701
87.7426 168.101
2
72.6263 145.83
0 0 0.948822 -0.315811
3
48.7387 139.452
59.7778 124.706
96.5139 152.208
85.4749 166.954
2
71.7653 143.79
0 0 0.938595 -0.345022
3
48.318 135.947
60.2481 121.912
95.2126 151.634
83.2825 165.668
2
71.0322 141.701
0 0 0.927468 -0.373903
3
48.115 132.422
60.8905 119.152
93.9494 150.98
81.1739 164.25
2
70.4297 139.571
0 0 0.915453 -0.402425
3
48.1304 128.892
61.7023 116.438
92.7289 150.25
79.157 162.703
