1
577.09 196.571 3.0796
1
575.14 196.692 3.0796
1
573.19 196.813 3.0796
1
571.24 196.934 3.0796
1
569.29 196.813 3.1415
1
567.351 196.572 3.2034
1
565.401 196.451 3.2034
1
563.451 196.331 3.2034
1
561.501 196.21 3.2034
1
559.551 196.331 3.1415
1
557.613 196.572 3.0796
1
555.692 196.933 3.0177
1
553.798 197.412 2.95579
1
551.848 197.533 3.0177
1
549.895 197.534 3.0796
1
547.974 197.895 3.0177
1
546.08 198.374 2.95579
1
544.22 198.969 2.89389
1
542.399 199.678 2.83199
1
540.626 200.499 2.77009
1
538.907 201.427 2.70819
1
537.249 202.46 2.64628
1
535.53 203.389 2.64628
1
533.811 204.318 2.64628
1
532.092 205.246 2.64628
1
530.373 206.175 2.64628
1
528.654 207.103 2.64628
1
526.935 208.032 2.64628
1
525.216 208.961 2.64628
1
523.497 209.889 2.64628
1
521.778 210.818 2.64628
1
520.059 211.747 2.64628
1
518.341 212.675 2.64628
1
516.749 213.809 2.58438
1
515.231 215.039 2.52248
1
513.793 216.361 2.46058
1
512.438 217.769 2.39868
1
511.173 219.258 2.33677
1
510.003 220.822 2.27487
1
508.932 222.456 2.21297
1
507.964 224.153 2.15107
1
507.103 225.907 2.08917
1
505.933 227.472 2.15107
1
504.668 228.961 2.21297
1
503.314 230.369 2.27487
1
501.875 231.691 2.33677
1
500.357 232.921 2.39868
1
498.766 234.054 2.46058
1
497.107 235.088 2.52248
1
495.668 236.409 2.46058
1
494.314 237.817 2.39868
1
493.049 239.306 2.33677
1
491.879 240.871 2.27487
1
490.808 242.505 2.21297
1
489.84 244.202 2.15107
1
488.769 245.836 2.15107
1
487.698 247.47 2.15107
1
486.627 249.104 2.15107
1
485.555 250.738 2.15107
1
484.484 252.372 2.15107
1
483.413 254.006 2.15107
1
482.342 255.64 2.15107
1
481.271 257.274 2.15107
1
480.2 258.907 2.15107
1
479.129 260.541 2.15107
1
478.057 262.175 2.15107
1
476.986 263.809 2.15107
1
475.915 265.443 2.15107
1
474.844 267.077 2.15107
1
473.773 268.711 2.15107
1
472.702 270.345 2.15107
1
471.631 271.979 2.15107
1
470.56 273.613 2.15107
1
469.488 275.247 2.15107
1
468.417 276.881 2.15107
1
467.346 278.515 2.15107
1
466.275 280.149 2.15107
1
465.204 281.783 2.15107
1
464.133 283.417 2.15107
1
463.062 285.051 2.15107
1
461.99 286.684 2.15107
1
460.919 288.318 2.15107
1
459.848 289.952 2.15107
1
458.777 291.586 2.15107
1
457.706 293.22 2.15107
1
456.635 294.854 2.15107
1
455.564 296.488 2.15107
1
454.299 297.977 2.21297
1
453.331 299.674 2.15107
1
452.26 301.308 2.15107
1
451.189 302.942 2.15107
1
450.117 304.576 2.15107
1
448.853 306.065 2.21297
1
447.885 307.762 2.15107
1
447.024 309.516 2.08917
1
445.853 311.081 2.15107
1
444.589 312.57 2.21297
1
443.234 313.978 2.27487
1
441.795 315.3 2.33677
1
440.277 316.53 2.39868
1
439.013 318.019 2.33677
1
437.842 319.583 2.27487
1
436.771 321.217 2.21297
1
435.803 322.914 2.15107
1
434.539 324.404 2.21297
1
433.184 325.812 2.27487
1
431.745 327.133 2.33677
1
430.227 328.363 2.39868
1
428.636 329.497 2.46058
1
426.978 330.53 2.52248
1
425.259 331.459 2.58438
1
423.486 332.279 2.64628
1
421.665 332.989 2.70819
1
419.805 333.584 2.77009
1
417.91 334.063 2.83199
1
416.137 334.883 2.77009
1
414.243 335.362 2.83199
1
412.323 335.723 2.89389
1
410.384 335.965 2.95579
1
408.434 336.086 3.0177
1
406.481 336.086 3.0796
1
404.531 335.965 3.1415
1
402.577 335.966 3.1415
1
400.623 335.966 3.1415
1
398.669 335.966 3.1415
1
396.716 335.966 3.1415
1
394.762 335.966 3.1415
1
392.808 335.966 3.1415
1
390.854 335.967 3.1415
1
388.901 335.967 3.1415
1
386.947 335.967 3.1415
1
384.993 335.967 3.1415
1
383.04 335.967 3.1415
1
381.086 335.968 3.1415
1
379.132 335.968 3.1415
1
377.178 335.968 3.1415
1
375.225 335.968 3.1415
1
373.271 335.968 3.1415
1
371.317 335.969 3.1415
1
369.363 335.969 3.1415
1
367.41 335.969 3.1415
1
365.456 335.969 3.1415
1
363.502 335.969 3.1415
1
361.548 335.969 3.1415
1
359.595 335.97 3.1415
1
357.641 335.97 3.1415
1
355.687 335.97 3.1415
1
353.734 335.97 3.1415
1
351.78 335.97 3.1415
1
349.826 335.971 3.1415
1
347.872 335.971 3.1415
1
345.919 335.971 3.1415
1
343.965 335.971 3.1415
1
342.011 335.971 3.1415
1
340.057 335.971 3.1415
1
338.104 335.972 3.1415
1
336.15 335.972 3.1415
1
334.196 335.972 3.1415
1
332.242 335.972 3.1415
1
330.289 335.972 3.1415
1
328.335 335.973 3.1415
1
326.381 335.973 3.1415
1
324.427 335.973 3.1415
1
322.474 335.973 3.1415
1
320.52 335.973 3.1415
1
318.566 335.973 3.1415
1
316.613 335.974 3.1415
1
314.659 335.974 3.1415
1
312.705 335.974 3.1415
1
310.751 335.974 3.1415
1
308.798 335.974 3.1415
1
306.844 335.975 3.1415
1
304.89 335.975 3.1415
1
302.951 335.734 3.2034
1
301.031 335.373 3.2653
1
299.137 334.894 3.32721
1
297.217 334.534 3.32721
1
295.297 334.173 3.32721
1
293.376 333.813 3.32721
1
291.456 333.452 3.32721
1
289.536 333.092 3.32721
1
287.616 332.731 3.32721
1
285.696 332.37 3.32721
1
283.775 332.01 3.32721
1
281.914 331.415 3.38911
1
280.094 330.706 3.45101
1
278.321 329.886 3.51291
1
276.601 328.958 3.57481
1
274.943 327.925 3.63672
1
273.352 326.791 3.69862
1
271.834 325.561 3.76052
1
270.394 324.24 3.82242
1
269.04 322.832 3.88432
1
267.775 321.343 3.94623
1
266.604 319.779 4.00813
1
265.533 318.145 4.07003
1
264.564 316.448 4.13193
1
263.703 314.695 4.19383
1
262.952 312.891 4.25574
1
262.313 311.045 4.31764
1
261.79 309.162 4.37954
1
261.385 307.251 4.44144
1
261.098 305.319 4.50335
1
260.932 303.372 4.56525
1
260.886 301.419 4.62715
1
260.962 299.466 4.68905
1
260.916 297.513 4.68905
1
260.871 295.56 4.68905
1
260.825 293.607 4.68905
1
260.779 291.654 4.68905
1
260.734 289.7 4.68905
1
260.688 287.747 4.68905
1
260.643 285.794 4.68905
1
260.597 283.841 4.68905
1
260.551 281.887 4.68905
1
260.506 279.934 4.68905
1
260.46 277.981 4.68905
1
260.415 276.028 4.68905
1
260.369 274.075 4.68905
1
260.323 272.121 4.68905
1
260.278 270.168 4.68905
1
260.232 268.215 4.68905
1
260.187 266.262 4.68905
1
260.141 264.308 4.68905
1
260.096 262.355 4.68905
1
260.05 260.402 4.68905
1
260.004 258.449 4.68905
1
259.718 256.516 4.62715
1
259.312 254.605 4.56525
1
258.79 252.722 4.50335
1
258.151 250.876 4.44144
1
257.4 249.072 4.37954
1
256.538 247.319 4.31764
1
255.57 245.622 4.25574
1
254.932 243.775 4.31764
1
254.409 241.893 4.37954
1
254.003 239.982 4.44144
1
253.717 238.049 4.50335
1
253.55 236.103 4.56525
1
253.264 234.17 4.56525
1
252.978 232.237 4.56525
1
252.691 230.305 4.56525
1
252.405 228.372 4.56525
1
252.118 226.439 4.56525
1
251.832 224.507 4.56525
1
251.545 222.574 4.56525
1
251.259 220.641 4.56525
1
250.973 218.709 4.56525
1
250.686 216.776 4.56525
1
250.4 214.844 4.56525
1
250.113 212.911 4.56525
1
249.827 210.978 4.56525
1
249.54 209.046 4.56525
1
249.254 207.113 4.56525
1
248.967 205.18 4.56525
1
248.681 203.248 4.56525
1
248.395 201.315 4.56525
1
248.108 199.382 4.56525
1
247.822 197.45 4.56525
1
247.535 195.517 4.56525
1
247.249 193.585 4.56525
1
246.962 191.652 4.56525
1
246.676 189.719 4.56525
1
246.389 187.787 4.56525
1
246.103 185.854 4.56525
1
245.817 183.921 4.56525
1
245.53 181.989 4.56525
1
245.244 180.056 4.56525
1
244.957 178.124 4.56525
1
244.671 176.191 4.56525
1
244.384 174.258 4.56525
1
244.098 172.326 4.56525
1
243.812 170.393 4.56525
1
243.525 168.46 4.56525
1
243.239 166.528 4.56525
1
242.952 164.595 4.56525
1
242.666 162.662 4.56525
1
242.379 160.73 4.56525
1
242.093 158.797 4.56525
1
241.806 156.865 4.56525
1
241.52 154.932 4.56525
1
241.234 152.999 4.56525
1
240.947 151.067 4.56525
1
240.661 149.134 4.56525
1
240.374 147.201 4.56525
1
240.088 145.269 4.56525
1
239.801 143.336 4.56525
1
239.515 141.404 4.56525
1
239.229 139.471 4.56525
1
238.942 137.538 4.56525
1
238.656 135.606 4.56525
1
238.369 133.673 4.56525
1
238.083 131.74 4.56525
1
237.796 129.808 4.56525
1
237.51 127.875 4.56525
1
237.223 125.942 4.56525
1
236.937 124.01 4.56525
1
236.651 122.077 4.56525
1
236.364 120.145 4.56525
1
236.078 118.212 4.56525
1
235.791 116.279 4.56525
1
235.505 114.347 4.56525
1
234.982 112.464 4.50335
1
234.344 110.618 4.44144
1
233.592 108.814 4.37954
1
232.731 107.061 4.31764
1
231.762 105.364 4.25574
1
230.691 103.73 4.19383
1
229.52 102.166 4.13193
1
228.255 100.677 4.07003
1
227.085 99.1123 4.07003
1
225.915 97.548 4.07003
1
224.744 95.9836 4.07003
1
223.574 94.4193 4.07003
1
222.219 93.0115 4.00813
1
220.78 91.6901 3.94623
1
219.262 90.4604 3.88432
1
217.67 89.3269 3.82242
1
216.316 87.9191 3.88432
1
215.051 86.4301 3.94623
1
213.88 84.8658 4.00813
1
212.809 83.232 4.07003
1
211.84 81.5351 4.13193
1
210.979 79.7816 4.19383
1
210.228 77.9781 4.25574
1
209.589 76.1316 4.31764
1
208.621 74.4346 4.25574
1
207.549 72.8009 4.19383
1
206.379 71.2366 4.13193
1
205.114 69.7476 4.07003
1
203.759 68.3398 4.00813
1
202.32 67.0185 3.94623
1
200.802 65.7887 3.88432
1
199.211 64.6552 3.82242
1
197.552 63.6223 3.76052
1
195.833 62.694 3.69862
1
194.06 61.8739 3.63672
1
192.239 61.1649 3.57481
1
190.466 60.3448 3.57481
1
188.693 59.5246 3.57481
1
186.919 58.7044 3.57481
1
185.146 57.8842 3.57481
1
183.373 57.0641 3.57481
1
181.512 56.4691 3.51291
1
179.618 55.9905 3.45101
1
177.698 55.6299 3.38911
1
175.759 55.3888 3.32721
1
173.809 55.2681 3.2653
1
171.855 55.2683 3.2034
1
169.905 55.1476 3.2034
1
167.955 55.027 3.2034
1
166.005 54.9063 3.2034
1
164.055 54.7856 3.2034
1
162.105 54.6649 3.2034
1
160.155 54.5442 3.2034
1
158.205 54.4235 3.2034
1
156.255 54.3029 3.2034
1
154.305 54.1822 3.2034
1
152.355 54.0615 3.2034
1
150.405 53.9408 3.2034
1
148.455 53.8201 3.2034
1
146.505 53.9412 3.1415
1
144.551 53.9414 3.1415
1
142.597 53.9415 3.1415
1
140.644 53.9417 3.1415
1
138.69 53.9419 3.1415
1
136.736 53.9421 3.1415
1
134.782 53.9423 3.1415
1
132.829 53.9424 3.1415
1
130.875 53.9426 3.1415
1
128.921 53.9428 3.1415
1
126.967 53.943 3.1415
1
125.014 53.9431 3.1415
1
123.06 53.9433 3.1415
1
121.106 53.9435 3.1415
1
119.152 53.9437 3.1415
1
117.199 53.9439 3.1415
1
115.26 54.1853 3.0796
1
113.34 54.5462 3.0177
1
111.446 55.0252 2.95579
1
109.585 55.6205 2.89389
1
107.764 56.3298 2.83199
1
105.991 57.1503 2.77009
1
104.272 58.0789 2.70819
1
102.614 59.1121 2.64628
1
100.895 60.0407 2.64628
1
99.0746 60.7499 2.70819
1
97.2138 61.3452 2.77009
1
95.3196 61.8242 2.83199
1
93.3995 62.1851 2.89389
1
91.4607 62.4266 2.95579
1
89.5107 62.5476 3.0177
1
87.557 62.5478 3.0796
1
85.607 62.4271 3.1415
1
83.6682 62.186 3.2034
1
81.748 61.8255 3.2653
1
79.8538 61.3468 3.32721
1
77.9928 60.7519 3.38911
1
76.1722 60.043 3.45101
1
74.3989 59.2228 3.51291
1
76.118 60.1511 3.57481
1
77.7764 61.184 3.63672
1
79.3678 62.3175 3.69862
1
80.8859 63.5472 3.76052
1
82.3251 64.8686 3.82242
1
83.6798 66.2764 3.88432
1
84.9448 67.7653 3.94623
1
86.1153 69.3297 4.00813
1
87.1867 70.9634 4.07003
1
88.155 72.6603 4.13193
1
89.0165 74.4139 4.19383
1
89.7679 76.2174 4.25574
1
90.4063 78.0639 4.31764
1
90.9292 79.9464 4.37954
1
91.3346 81.8576 4.44144
1
91.6211 83.7902 4.50335
1
91.7874 85.7369 4.56525
1
91.833 87.6901 4.62715
1
91.7577 89.6424 4.68905
1
91.5617 91.5863 4.75095
1
91.2459 93.5144 4.81286
1
90.8114 95.4192 4.87476
1
90.2599 97.2935 4.93666
1
89.5935 99.1301 4.99856
1
88.8147 100.922 5.06046
1
87.9266 102.662 5.12237
1
86.9326 104.344 5.18427
1
86.0445 106.084 5.18427
1
85.1564 107.825 5.18427
1
84.2683 109.565 5.18427
1
83.3802 111.305 5.18427
1
82.4921 113.045 5.18427
1
81.604 114.786 5.18427
1
80.9376 116.622 5.12237
1
80.386 118.496 5.06046
1
79.7196 120.333 5.06046
1
79.0532 122.17 5.06046
1
78.3868 124.006 5.06046
1
77.7204 125.843 5.06046
1
77.054 127.679 5.06046
1
76.3876 129.516 5.06046
1
75.7212 131.352 5.06046
1
75.0548 133.189 5.06046
1
74.3884 135.026 5.06046
1
73.722 136.862 5.06046
1
73.0556 138.699 5.06046
1
72.3892 140.535 5.06046
1
71.7228 142.372 5.06046
1
71.0564 144.209 5.06046
1
70.39 146.045 5.06046
1
69.7236 147.882 5.06046
1
69.0572 149.718 5.06046
1
68.3908 151.555 5.06046
1
67.7244 153.391 5.06046
1
67.058 155.228 5.06046
1
66.3915 157.065 5.06046
1
65.7251 158.901 5.06046
1
65.0587 160.738 5.06046
1
64.3923 162.574 5.06046
1
63.7259 164.411 5.06046
1
63.0595 166.247 5.06046
1
62.3931 168.084 5.06046
1
61.7267 169.921 5.06046
1
61.0603 171.757 5.06046
1
60.3939 173.594 5.06046
1
59.9594 175.499 4.99856
1
59.6436 177.427 4.93666
1
59.4476 179.371 4.87476
1
59.3723 181.323 4.81286
1
59.4179 183.276 4.75095
1
59.5842 185.223 4.68905
1
59.6298 187.176 4.68905
1
59.6754 189.129 4.68905
1
59.721 191.082 4.68905
1
59.7666 193.036 4.68905
1
59.8122 194.989 4.68905
1
59.8578 196.942 4.68905
1
59.9034 198.895 4.68905
1
59.949 200.848 4.68905
1
59.9946 202.802 4.68905
1
60.0402 204.755 4.68905
1
60.0858 206.708 4.68905
1
60.1314 208.661 4.68905
1
60.1769 210.615 4.68905
1
60.2225 212.568 4.68905
1
60.2681 214.521 4.68905
1
60.3137 216.474 4.68905
1
60.3593 218.427 4.68905
1
60.4049 220.381 4.68905
1
60.4505 222.334 4.68905
1
60.4961 224.287 4.68905
1
60.5417 226.24 4.68905
1
60.5873 228.193 4.68905
1
60.6329 230.147 4.68905
1
60.6785 232.1 4.68905
1
60.7241 234.053 4.68905
1
60.7697 236.006 4.68905
1
60.8153 237.96 4.68905
1
60.8608 239.913 4.68905
1
60.9064 241.866 4.68905
1
60.952 243.819 4.68905
1
60.9976 245.772 4.68905
1
61.0432 247.726 4.68905
1
61.0888 249.679 4.68905
1
61.1344 251.632 4.68905
1
61.18 253.585 4.68905
1
61.2256 255.539 4.68905
1
61.2712 257.492 4.68905
1
61.3168 259.445 4.68905
1
61.3624 261.398 4.68905
1
61.408 263.351 4.68905
1
61.4536 265.305 4.68905
1
61.4991 267.258 4.68905
1
61.5447 269.211 4.68905
1
61.5903 271.164 4.68905
1
61.6359 273.117 4.68905
1
61.9224 275.05 4.62715
1
62.3278 276.961 4.56525
1
62.8507 278.844 4.50335
1
63.0171 280.79 4.56525
1
63.0627 282.744 4.62715
1
62.9873 284.696 4.68905
1
63.0329 286.649 4.68905
1
63.0785 288.602 4.68905
1
63.1241 290.556 4.68905
1
63.1697 292.509 4.68905
1
63.2153 294.462 4.68905
1
63.2609 296.415 4.68905
1
63.3065 298.368 4.68905
1
63.3521 300.322 4.68905
1
63.3977 302.275 4.68905
1
63.4433 304.228 4.68905
1
63.4889 306.181 4.68905
1
63.5344 308.135 4.68905
1
63.58 310.088 4.68905
1
63.6256 312.041 4.68905
1
63.6712 313.994 4.68905
1
63.7168 315.947 4.68905
1
63.7624 317.901 4.68905
1
63.808 319.854 4.68905
1
63.8536 321.807 4.68905
1
63.8992 323.76 4.68905
1
63.9448 325.714 4.68905
1
63.9904 327.667 4.68905
1
63.7944 329.611 4.75095
1
63.4786 331.539 4.81286
1
63.5242 333.492 4.75095
1
63.6905 335.439 4.68905
1
63.977 337.371 4.62715
1
64.3824 339.282 4.56525
1
64.9053 341.165 4.50335
1
65.5437 343.011 4.44144
1
65.8301 344.944 4.50335
1
66.4685 346.791 4.44144
1
67.2199 348.594 4.37954
1
68.0814 350.348 4.31764
1
69.0497 352.045 4.25574
1
70.1211 353.678 4.19383
1
71.2916 355.243 4.13193
1
72.5566 356.732 4.07003
1
73.9113 358.139 4.00813
1
75.3504 359.461 3.94623
1
76.8686 360.691 3.88432
1
78.4599 361.824 3.82242
1
80.1183 362.857 3.76052
1
81.8375 363.785 3.69862
1
83.6107 364.605 3.63672
1
85.4313 365.314 3.57481
1
87.2923 365.909 3.51291
1
89.1865 366.388 3.45101
1
91.1067 366.748 3.38911
1
93.0455 366.99 3.32721
1
94.9955 367.11 3.2653
1
96.9493 367.11 3.2034
1
98.8993 366.989 3.1415
1
100.838 366.748 3.0796
1
102.758 366.387 3.0177
1
104.652 365.908 2.95579
1
106.513 365.312 2.89389
1
108.334 364.603 2.83199
1
110.254 364.242 2.89389
1
112.192 364.001 2.95579
1
114.142 363.88 3.0177
1
116.096 363.879 3.0796
1
118.046 364 3.1415
1
120 364 3.1415
2
562.962 197.448
0 0 0.99952 0.0309924
3
540.632 208.061
539.491 189.677
585.293 186.834
586.434 205.218
2
561.012 197.569
0 0 0.99952 0.0309924
3
538.682 208.183
537.541 189.798
583.343 186.955
584.484 205.339
2
559.062 197.69
0 0 0.99952 0.0309924
3
536.732 208.304
535.591 189.919
581.393 187.076
582.534 205.46
2
557.112 197.811
0 0 0.99952 0.0309924
3
534.782 208.425
533.641 190.04
579.443 187.197
580.584 205.581
2
555.135 196.814
0 0 1 4.63287e-05
3
532.191 206.027
532.189 187.607
578.079 187.602
578.081 206.022
2
553.223 195.698
0 0 0.999522 -0.0308998
3
529.753 203.473
530.891 185.088
576.693 187.923
575.556 206.307
2
551.273 195.577
0 0 0.999522 -0.0308998
3
527.803 203.352
528.941 184.967
574.743 187.802
573.606 206.187
2
549.323 195.456
0 0 0.999522 -0.0308998
3
525.853 203.231
526.991 184.847
572.793 187.681
571.656 206.066
2
547.373 195.336
0 0 0.999522 -0.0308998
3
523.903 203.111
525.041 184.726
570.843 187.56
569.706 205.945
2
545.396 196.332
0 0 1 4.63287e-05
3
522.452 205.544
522.45 187.124
568.34 187.12
568.342 205.54
2
543.485 197.449
0 0 0.99952 0.0309924
3
521.154 208.063
520.013 189.679
565.815 186.836
566.956 205.22
2
541.646 198.683
0 0 0.998082 0.0619088
3
520.015 210.658
517.739 192.379
563.277 186.708
565.553 204.986
2
539.887 200.027
0 0 0.995688 0.0927658
3
519.038 213.317
515.635 195.214
560.736 186.737
564.138 204.84
2
537.802 199.283
0 0 0.998082 0.0619088
3
516.171 211.258
513.895 192.979
559.433 187.308
561.709 205.587
2
535.767 198.411
0 0 0.99952 0.0309924
3
513.436 209.024
512.295 190.64
558.097 187.797
559.238 206.181
2
533.928 199.644
0 0 0.998082 0.0619088
3
512.297 211.619
510.021 193.34
555.559 187.669
557.835 205.948
2
532.169 200.988
0 0 0.995688 0.0927658
3
511.32 214.279
507.918 196.176
553.018 187.698
556.42 205.801
2
530.497 202.439
0 0 0.99234 0.123534
3
510.51 216.994
505.994 199.136
550.483 187.885
554.999 205.743
2
528.917 203.991
0 0 0.988042 0.154184
3
509.869 219.754
504.257 202.21
547.965 188.228
553.577 205.772
2
527.437 205.637
0 0 0.982798 0.184686
3
509.4 222.548
502.713 205.385
545.473 188.726
552.16 205.889
2
526.061 207.372
0 0 0.976612 0.215011
3
509.105 225.366
501.369 208.649
543.016 189.377
550.752 206.094
2
524.795 209.188
0 0 0.96949 0.245131
3
508.985 228.197
500.23 211.991
540.605 190.179
549.36 206.386
2
523.076 210.117
0 0 0.96949 0.245131
3
507.266 229.126
498.511 212.92
538.886 191.108
547.641 207.314
2
521.357 211.046
0 0 0.96949 0.245131
3
505.547 230.055
496.792 213.848
537.167 192.037
545.922 208.243
2
519.638 211.974
0 0 0.96949 0.245131
3
503.828 230.983
495.073 214.777
535.448 192.965
544.203 209.171
2
517.919 212.903
0 0 0.96949 0.245131
3
502.109 231.912
493.354 215.705
533.729 193.894
542.484 210.1
2
516.2 213.831
0 0 0.96949 0.245131
3
500.39 232.84
491.635 216.634
532.01 194.822
540.765 211.029
2
514.481 214.76
0 0 0.96949 0.245131
3
498.671 233.769
489.916 217.563
530.291 195.751
539.046 211.957
2
512.762 215.689
0 0 0.96949 0.245131
3
496.952 234.698
488.197 218.491
528.572 196.68
537.327 212.886
2
511.043 216.617
0 0 0.96949 0.245131
3
495.233 235.626
486.478 219.42
526.853 197.608
535.608 213.815
2
509.324 217.546
0 0 0.96949 0.245131
3
493.515 236.555
484.759 220.349
525.134 198.537
533.89 214.743
2
507.606 218.475
0 0 0.96949 0.245131
3
491.796 237.484
483.041 221.277
523.416 199.466
532.171 215.672
2
505.887 219.403
0 0 0.96949 0.245131
3
490.077 238.412
481.322 222.206
521.697 200.394
530.452 216.6
2
504.736 221.294
0 0 0.96144 0.275015
3
490.132 241.245
480.391 225.611
519.339 201.344
529.08 216.977
2
503.704 223.253
0 0 0.952469 0.304636
3
490.362 244.069
479.673 229.068
517.045 202.438
527.735 217.439
2
502.795 225.272
0 0 0.942585 0.333966
3
490.767 246.874
479.17 232.563
514.823 203.671
526.42 217.982
2
502.013 227.344
0 0 0.931799 0.362975
3
491.344 249.648
478.884 236.081
512.682 205.04
525.142 218.606
2
501.361 229.459
0 0 0.92012 0.391637
3
492.092 252.381
478.816 239.611
510.629 206.538
523.905 219.308
2
500.84 231.612
0 0 0.90756 0.419923
3
493.007 255.062
478.967 243.139
508.673 208.161
522.713 220.085
2
500.454 233.792
0 0 0.89413 0.447807
3
494.087 257.682
479.336 246.65
506.821 209.901
521.572 220.934
2
500.204 235.991
0 0 0.879844 0.475263
3
495.326 260.23
479.922 250.131
505.081 211.753
520.486 221.852
2
500.09 238.203
0 0 0.864715 0.502263
3
496.721 262.697
480.721 253.57
503.458 213.709
519.458 222.835
2
498.172 239.31
0 0 0.879844 0.475263
3
493.295 263.548
477.89 253.45
503.049 215.071
518.454 225.17
2
496.19 240.296
0 0 0.89413 0.447807
3
489.823 264.187
475.072 253.154
502.557 216.406
517.308 227.438
2
494.151 241.158
0 0 0.90756 0.419923
3
486.318 264.609
472.278 252.685
501.984 217.707
516.024 229.631
2
492.062 241.892
0 0 0.92012 0.391637
3
482.793 264.813
469.518 252.044
501.331 218.971
514.606 231.74
2
489.932 242.496
0 0 0.931799 0.362975
3
479.263 264.8
466.803 251.233
500.601 220.192
513.061 233.758
2
487.768 242.966
0 0 0.942585 0.333966
3
475.74 264.567
464.143 250.256
499.796 221.365
511.393 235.676
2
485.58 243.302
0 0 0.952469 0.304636
3
472.238 264.118
461.549 249.117
498.921 222.486
509.611 237.487
2
484.671 245.321
0 0 0.942585 0.333966
3
472.643 266.922
461.046 252.611
496.699 223.72
508.296 238.031
2
483.889 247.392
0 0 0.931799 0.362975
3
473.22 269.696
460.76 256.13
494.558 225.088
507.018 238.655
2
483.236 249.508
0 0 0.92012 0.391637
3
473.968 272.429
460.692 259.66
492.505 226.587
505.781 239.356
2
482.716 251.66
0 0 0.90756 0.419923
3
474.883 275.111
460.843 263.187
490.549 228.209
504.589 240.133
2
482.33 253.84
0 0 0.89413 0.447807
3
475.963 277.731
461.212 266.698
488.697 229.95
503.448 240.982
2
482.079 256.04
0 0 0.879844 0.475263
3
477.202 280.279
461.797 270.18
486.957 231.801
502.362 241.9
2
481.008 257.674
0 0 0.879844 0.475263
3
476.131 281.913
460.726 271.814
485.885 233.435
501.29 243.534
2
479.937 259.308
0 0 0.879844 0.475263
3
475.06 283.547
459.655 273.448
484.814 235.069
500.219 245.168
2
478.866 260.942
0 0 0.879844 0.475263
3
473.989 285.18
458.584 275.082
483.743 236.703
499.148 246.802
2
477.795 262.576
0 0 0.879844 0.475263
3
472.918 286.814
457.513 276.716
482.672 238.337
498.077 248.436
2
476.724 264.21
0 0 0.879844 0.475263
3
471.847 288.448
456.442 278.35
481.601 239.971
497.006 250.07
2
475.653 265.844
0 0 0.879844 0.475263
3
470.776 290.082
455.371 279.984
480.53 241.605
495.935 251.704
2
474.582 267.478
0 0 0.879844 0.475263
3
469.704 291.716
454.299 281.617
479.459 243.239
494.864 253.338
2
473.51 269.112
0 0 0.879844 0.475263
3
468.633 293.35
453.228 283.251
478.388 244.873
493.792 254.972
2
472.439 270.745
0 0 0.879844 0.475263
3
467.562 294.984
452.157 284.885
477.316 246.507
492.721 256.606
2
471.368 272.379
0 0 0.879844 0.475263
3
466.491 296.618
451.086 286.519
476.245 248.141
491.65 258.24
2
470.297 274.013
0 0 0.879844 0.475263
3
465.42 298.252
450.015 288.153
475.174 249.775
490.579 259.874
2
469.226 275.647
0 0 0.879844 0.475263
3
464.349 299.886
448.944 289.787
474.103 251.409
489.508 261.507
2
468.155 277.281
0 0 0.879844 0.475263
3
463.278 301.52
447.873 291.421
473.032 253.043
488.437 263.141
2
467.084 278.915
0 0 0.879844 0.475263
3
462.206 303.154
446.802 293.055
471.961 254.677
487.366 264.775
2
466.012 280.549
0 0 0.879844 0.475263
3
461.135 304.788
445.73 294.689
470.89 256.311
486.294 266.409
2
464.941 282.183
0 0 0.879844 0.475263
3
460.064 306.422
444.659 296.323
469.818 257.944
485.223 268.043
2
463.87 283.817
0 0 0.879844 0.475263
3
458.993 308.056
443.588 297.957
468.747 259.578
484.152 269.677
2
462.799 285.451
0 0 0.879844 0.475263
3
457.922 309.69
442.517 299.591
467.676 261.212
483.081 271.311
2
461.728 287.085
0 0 0.879844 0.475263
3
456.851 311.324
441.446 301.225
466.605 262.846
482.01 272.945
2
460.657 288.719
0 0 0.879844 0.475263
3
455.78 312.957
440.375 302.859
465.534 264.48
480.939 274.579
2
459.586 290.353
0 0 0.879844 0.475263
3
454.708 314.591
439.304 304.493
464.463 266.114
479.868 276.213
2
458.514 291.987
0 0 0.879844 0.475263
3
453.637 316.225
438.232 306.127
463.392 267.748
478.797 277.847
2
457.443 293.621
0 0 0.879844 0.475263
3
452.566 317.859
437.161 307.761
462.32 269.382
477.725 279.481
2
456.372 295.255
0 0 0.879844 0.475263
3
451.495 319.493
436.09 309.394
461.249 271.016
476.654 281.115
2
455.301 296.889
0 0 0.879844 0.475263
3
450.424 321.127
435.019 311.028
460.178 272.65
475.583 282.749
2
454.23 298.522
0 0 0.879844 0.475263
3
449.353 322.761
433.948 312.662
459.107 274.284
474.512 284.383
2
453.159 300.156
0 0 0.879844 0.475263
3
448.282 324.395
432.877 314.296
458.036 275.918
473.441 286.017
2
452.088 301.79
0 0 0.879844 0.475263
3
447.211 326.029
431.806 315.93
456.965 277.552
472.37 287.651
2
451.017 303.424
0 0 0.879844 0.475263
3
446.139 327.663
430.734 317.564
455.894 279.186
471.299 289.284
2
449.945 305.058
0 0 0.879844 0.475263
3
445.068 329.297
429.663 319.198
454.823 280.82
470.227 290.918
2
448.874 306.692
0 0 0.879844 0.475263
3
443.997 330.931
428.592 320.832
453.751 282.454
469.156 292.552
2
447.803 308.326
0 0 0.879844 0.475263
3
442.926 332.565
427.521 322.466
452.68 284.088
468.085 294.186
2
445.821 309.313
0 0 0.89413 0.447807
3
439.454 333.203
424.703 322.171
452.188 285.422
466.939 296.455
2
445.57 311.512
0 0 0.879844 0.475263
3
440.693 335.751
425.288 325.652
450.448 287.274
465.852 297.373
2
444.499 313.146
0 0 0.879844 0.475263
3
439.622 337.385
424.217 327.286
449.376 288.908
464.781 299.007
2
443.428 314.78
0 0 0.879844 0.475263
3
438.551 339.019
423.146 328.92
448.305 290.542
463.71 300.64
2
442.357 316.414
0 0 0.879844 0.475263
3
437.48 340.653
422.075 330.554
447.234 292.176
462.639 302.274
2
440.375 317.401
0 0 0.89413 0.447807
3
434.008 341.291
419.257 330.259
446.742 293.51
461.493 304.543
2
440.124 319.6
0 0 0.879844 0.475263
3
435.247 343.839
419.842 333.74
445.001 295.362
460.406 305.461
2
440.01 321.812
0 0 0.864715 0.502263
3
436.642 346.306
420.642 337.179
443.379 297.318
459.379 306.444
2
438.093 322.919
0 0 0.879844 0.475263
3
433.216 347.157
417.811 337.059
442.97 298.68
458.375 308.779
2
436.111 323.905
0 0 0.89413 0.447807
3
429.743 347.796
414.993 336.763
442.478 300.015
457.229 311.047
2
434.071 324.767
0 0 0.90756 0.419923
3
426.238 348.218
412.198 336.294
441.904 301.316
455.944 313.24
2
431.982 325.501
0 0 0.92012 0.391637
3
422.714 348.423
409.438 335.653
441.251 302.58
454.527 315.349
2
429.852 326.105
0 0 0.931799 0.362975
3
419.183 348.409
406.723 334.842
440.521 303.801
452.981 317.367
2
429.2 328.22
0 0 0.92012 0.391637
3
419.931 351.142
406.656 338.372
438.469 305.299
451.744 318.069
2
428.68 330.372
0 0 0.90756 0.419923
3
420.847 353.823
406.807 341.9
436.513 306.922
450.552 318.845
2
428.293 332.553
0 0 0.89413 0.447807
3
421.926 356.443
407.175 345.411
434.661 308.662
449.411 319.695
2
428.043 334.752
0 0 0.879844 0.475263
3
423.166 358.991
407.761 348.892
432.92 310.514
448.325 320.613
2
426.061 335.739
0 0 0.89413 0.447807
3
419.693 359.629
404.943 348.597
432.428 311.848
447.179 322.881
2
424.021 336.601
0 0 0.90756 0.419923
3
416.188 360.052
402.148 348.128
431.854 313.15
445.894 325.074
2
421.932 337.335
0 0 0.92012 0.391637
3
412.664 360.256
399.388 347.487
431.201 314.414
444.477 327.183
2
419.802 337.938
0 0 0.931799 0.362975
3
409.133 360.242
396.673 346.676
430.471 315.634
442.931 329.201
2
417.639 338.409
0 0 0.942585 0.333966
3
405.61 360.01
394.013 345.699
429.667 316.808
441.264 331.119
2
415.45 338.745
0 0 0.952469 0.304636
3
402.109 359.56
391.419 344.559
428.792 317.929
439.481 332.93
2
413.245 338.944
0 0 0.96144 0.275015
3
398.641 358.895
388.901 343.261
427.849 318.994
437.59 334.627
2
411.032 339.007
0 0 0.96949 0.245131
3
395.222 358.016
386.467 341.81
426.842 319.998
435.597 336.205
2
408.819 338.933
0 0 0.976612 0.215011
3
391.864 356.928
384.128 340.211
425.775 320.939
433.511 337.656
2
406.615 338.723
0 0 0.982798 0.184686
3
388.579 355.634
381.892 338.47
424.652 321.811
431.338 338.975
2
404.428 338.376
0 0 0.988042 0.154184
3
385.381 354.139
379.768 336.595
423.476 322.613
429.089 340.157
2
402.948 340.022
0 0 0.982798 0.184686
3
384.912 356.933
378.225 339.77
420.984 323.111
427.671 340.274
2
400.761 339.675
0 0 0.988042 0.154184
3
381.713 355.438
376.101 337.894
419.809 323.912
425.421 341.456
2
398.6 339.194
0 0 0.99234 0.123534
3
378.614 353.748
374.097 335.891
418.587 324.639
423.103 342.497
2
396.473 338.58
0 0 0.995688 0.0927658
3
375.624 351.87
372.222 333.767
417.322 325.29
420.724 343.393
2
394.388 337.835
0 0 0.998082 0.0619088
3
372.757 349.81
370.481 331.531
416.019 325.86
418.295 344.139
2
392.353 336.963
0 0 0.99952 0.0309924
3
370.023 347.577
368.881 329.192
414.683 326.349
415.824 344.734
2
390.376 335.967
0 0 1 4.63287e-05
3
367.431 345.179
367.43 326.759
413.32 326.755
413.321 345.175
2
388.422 335.967
0 0 1 4.63287e-05
3
365.478 345.179
365.476 326.759
411.366 326.755
411.368 345.175
2
386.468 335.967
0 0 1 4.63287e-05
3
363.524 345.179
363.522 326.759
409.412 326.755
409.414 345.175
2
384.514 335.967
0 0 1 4.63287e-05
3
361.57 345.179
361.569 326.759
407.459 326.755
407.46 345.175
2
382.561 335.967
0 0 1 4.63287e-05
3
359.617 345.18
359.615 326.76
405.505 326.755
405.507 345.175
2
380.607 335.968
0 0 1 4.63287e-05
3
357.663 345.18
357.661 326.76
403.551 326.755
403.553 345.175
2
378.653 335.968
0 0 1 4.63287e-05
3
355.709 345.18
355.707 326.76
401.597 326.756
401.599 345.176
2
376.699 335.968
0 0 1 4.63287e-05
3
353.755 345.18
353.754 326.76
399.644 326.756
399.645 345.176
2
374.746 335.968
0 0 1 4.63287e-05
3
351.802 345.18
351.8 326.76
397.69 326.756
397.692 345.176
2
372.792 335.968
0 0 1 4.63287e-05
3
349.848 345.18
349.846 326.76
395.736 326.756
395.738 345.176
2
370.838 335.969
0 0 1 4.63287e-05
3
347.894 345.181
347.892 326.761
393.782 326.756
393.784 345.176
2
368.885 335.969
0 0 1 4.63287e-05
3
345.94 345.181
345.939 326.761
391.829 326.757
391.83 345.177
2
366.931 335.969
0 0 1 4.63287e-05
3
343.987 345.181
343.985 326.761
389.875 326.757
389.877 345.177
2
364.977 335.969
0 0 1 4.63287e-05
3
342.033 345.181
342.031 326.761
387.921 326.757
387.923 345.177
2
363.023 335.969
0 0 1 4.63287e-05
3
340.079 345.181
340.077 326.761
385.967 326.757
385.969 345.177
2
361.07 335.969
0 0 1 4.63287e-05
3
338.125 345.182
338.124 326.762
384.014 326.757
384.015 345.177
2
359.116 335.97
0 0 1 4.63287e-05
3
336.172 345.182
336.17 326.762
382.06 326.758
382.062 345.178
2
357.162 335.97
0 0 1 4.63287e-05
3
334.218 345.182
334.216 326.762
380.106 326.758
380.108 345.178
2
355.208 335.97
0 0 1 4.63287e-05
3
332.264 345.182
332.263 326.762
378.153 326.758
378.154 345.178
2
353.255 335.97
0 0 1 4.63287e-05
3
330.311 345.182
330.309 326.762
376.199 326.758
376.201 345.178
2
351.301 335.97
0 0 1 4.63287e-05
3
328.357 345.182
328.355 326.762
374.245 326.758
374.247 345.178
2
349.347 335.971
0 0 1 4.63287e-05
3
326.403 345.183
326.401 326.763
372.291 326.758
372.293 345.178
2
347.393 335.971
0 0 1 4.63287e-05
3
324.449 345.183
324.448 326.763
370.338 326.759
370.339 345.179
2
345.44 335.971
0 0 1 4.63287e-05
3
322.496 345.183
322.494 326.763
368.384 326.759
368.386 345.179
2
343.486 335.971
0 0 1 4.63287e-05
3
320.542 345.183
320.54 326.763
366.43 326.759
366.432 345.179
2
341.532 335.971
0 0 1 4.63287e-05
3
318.588 345.183
318.586 326.763
364.476 326.759
364.478 345.179
2
339.579 335.971
0 0 1 4.63287e-05
3
316.634 345.184
316.633 326.764
362.523 326.759
362.524 345.179
2
337.625 335.972
0 0 1 4.63287e-05
3
314.681 345.184
314.679 326.764
360.569 326.76
360.571 345.18
2
335.671 335.972
0 0 1 4.63287e-05
3
312.727 345.184
312.725 326.764
358.615 326.76
358.617 345.18
2
333.717 335.972
0 0 1 4.63287e-05
3
310.773 345.184
310.771 326.764
356.661 326.76
356.663 345.18
2
331.764 335.972
0 0 1 4.63287e-05
3
308.819 345.184
308.818 326.764
354.708 326.76
354.709 345.18
2
329.81 335.972
0 0 1 4.63287e-05
3
306.866 345.185
306.864 326.765
352.754 326.76
352.756 345.18
2
327.856 335.973
0 0 1 4.63287e-05
3
304.912 345.185
304.91 326.765
350.8 326.76
350.802 345.18
2
325.902 335.973
0 0 1 4.63287e-05
3
302.958 345.185
302.957 326.765
348.847 326.761
348.848 345.181
2
323.949 335.973
0 0 1 4.63287e-05
3
301.004 345.185
301.003 326.765
346.893 326.761
346.894 345.181
2
321.995 335.973
0 0 1 4.63287e-05
3
299.051 345.185
299.049 326.765
344.939 326.761
344.941 345.181
2
320.041 335.973
0 0 1 4.63287e-05
3
297.097 345.185
297.095 326.765
342.985 326.761
342.987 345.181
2
318.087 335.973
0 0 1 4.63287e-05
3
295.143 345.186
295.142 326.766
341.032 326.761
341.033 345.181
2
316.134 335.974
0 0 1 4.63287e-05
3
293.19 345.186
293.188 326.766
339.078 326.762
339.08 345.182
2
314.18 335.974
0 0 1 4.63287e-05
3
291.236 345.186
291.234 326.766
337.124 326.762
337.126 345.182
2
312.226 335.974
0 0 1 4.63287e-05
3
289.282 345.186
289.28 326.766
335.17 326.762
335.172 345.182
2
310.272 335.974
0 0 1 4.63287e-05
3
287.328 345.186
287.327 326.766
333.217 326.762
333.218 345.182
2
308.319 335.974
0 0 1 4.63287e-05
3
285.375 345.187
285.373 326.767
331.263 326.762
331.265 345.182
2
306.365 335.975
0 0 1 4.63287e-05
3
283.421 345.187
283.419 326.767
329.309 326.762
329.311 345.182
2
304.411 335.975
0 0 1 4.63287e-05
3
281.467 345.187
281.465 326.767
327.355 326.763
327.357 345.183
2
302.458 335.975
0 0 1 4.63287e-05
3
279.513 345.187
279.512 326.767
325.402 326.763
325.403 345.183
2
300.504 335.975
0 0 1 4.63287e-05
3
277.56 345.187
277.558 326.767
323.448 326.763
323.45 345.183
2
298.55 335.975
0 0 1 4.63287e-05
3
275.606 345.187
275.604 326.767
321.494 326.763
321.496 345.183
2
296.596 335.975
0 0 1 4.63287e-05
3
273.652 345.188
273.65 326.768
319.54 326.763
319.542 345.183
2
294.643 335.976
0 0 1 4.63287e-05
3
271.698 345.188
271.697 326.768
317.587 326.764
317.588 345.184
2
292.689 335.976
0 0 1 4.63287e-05
3
269.745 345.188
269.743 326.768
315.633 326.764
315.635 345.184
2
290.735 335.976
0 0 1 4.63287e-05
3
267.791 345.188
267.789 326.768
313.679 326.764
313.681 345.184
2
288.823 334.859
0 0 0.999522 -0.0308998
3
265.353 342.634
266.491 324.25
312.293 327.084
311.156 345.469
2
286.984 333.626
0 0 0.998088 -0.0618163
3
263.078 339.935
265.351 321.655
310.89 327.318
308.617 345.597
2
285.225 332.282
0 0 0.995697 -0.0926736
3
260.974 337.099
264.374 318.996
309.476 327.465
306.076 345.568
2
283.305 331.922
0 0 0.995697 -0.0926736
3
259.054 336.739
262.454 318.635
307.555 327.104
304.156 345.208
2
281.385 331.561
0 0 0.995697 -0.0926736
3
257.134 336.378
260.533 318.275
305.635 326.744
302.236 344.847
2
279.464 331.2
0 0 0.995697 -0.0926736
3
255.214 336.018
258.613 317.914
303.715 326.383
300.316 344.487
2
277.544 330.84
0 0 0.995697 -0.0926736
3
253.294 335.657
256.693 317.554
301.795 326.023
298.395 344.126
2
275.624 330.479
0 0 0.995697 -0.0926736
3
251.374 335.297
254.773 317.193
299.875 325.662
296.475 343.766
2
273.704 330.119
0 0 0.995697 -0.0926736
3
249.453 334.936
252.853 316.832
297.954 325.301
294.555 343.405
2
271.784 329.758
0 0 0.995697 -0.0926736
3
247.533 334.575
250.933 316.472
296.034 324.941
292.635 343.044
2
269.863 329.398
0 0 0.995697 -0.0926736
3
245.613 334.215
249.012 316.111
294.114 324.58
290.715 342.684
2
268.191 327.947
0 0 0.992352 -0.123442
3
243.689 331.255
248.201 313.396
292.693 324.639
288.18 342.498
2
266.611 326.396
0 0 0.988056 -0.154092
3
241.951 328.182
247.56 310.636
291.271 324.61
285.662 342.155
2
265.13 324.75
0 0 0.982815 -0.184595
3
240.407 325.007
247.091 307.842
289.853 324.493
283.17 341.658
2
263.754 323.015
0 0 0.976631 -0.214921
3
239.062 321.742
246.795 305.024
288.446 324.288
280.713 341.007
2
262.488 321.199
0 0 0.969513 -0.245041
3
237.922 318.401
246.674 302.193
287.053 323.997
278.301 340.205
2
261.336 319.308
0 0 0.961465 -0.274926
3
236.991 314.996
246.729 299.36
285.682 323.62
275.944 339.256
2
260.304 317.349
0 0 0.952497 -0.304548
3
236.272 311.539
246.959 296.536
284.336 323.16
273.65 338.163
2
259.395 315.33
0 0 0.942616 -0.333878
3
235.769 308.045
247.363 293.731
283.022 322.616
271.427 336.93
2
258.613 313.259
0 0 0.931833 -0.362889
3
235.482 304.526
247.94 290.957
281.743 321.993
269.286 335.561
2
257.96 311.144
0 0 0.920156 -0.391551
3
235.414 300.996
248.687 288.224
280.506 321.291
267.233 334.063
2
257.439 308.992
0 0 0.907599 -0.419839
3
235.564 297.469
249.602 285.542
279.314 320.515
265.277 332.441
2
257.053 306.812
0 0 0.894172 -0.447725
3
235.932 293.957
250.681 282.922
278.173 319.666
263.424 330.701
2
256.802 304.612
0 0 0.879888 -0.475181
3
236.517 290.476
251.92 280.374
277.086 318.748
261.683 328.85
2
256.687 302.401
0 0 0.864762 -0.502183
3
237.316 287.037
253.314 277.907
276.059 317.765
260.06 326.894
2
256.71 300.187
0 0 0.848807 -0.528703
3
238.326 283.654
254.859 275.532
275.094 316.72
258.561 324.842
2
256.87 297.978
0 0 0.832039 -0.554717
3
239.544 280.34
256.547 273.256
274.195 315.617
257.192 322.701
2
257.165 295.784
0 0 0.814474 -0.5802
3
240.964 277.108
258.373 271.089
273.367 314.461
255.958 320.479
2
257.596 293.613
0 0 0.796129 -0.605127
3
242.581 273.97
260.329 269.04
272.611 313.255
254.863 318.185
2
258.161 291.472
0 0 0.777021 -0.629474
3
244.39 270.937
262.409 267.115
271.932 312.006
253.913 315.828
2
258.857 289.37
0 0 0.75717 -0.653218
3
246.382 268.023
264.603 265.322
271.331 310.717
253.11 313.417
2
259.681 287.315
0 0 0.736592 -0.676337
3
248.551 265.237
266.904 263.669
270.811 309.393
252.458 310.961
2
260.631 285.315
0 0 0.71531 -0.698808
3
250.889 262.591
269.304 262.162
270.374 308.039
251.959 308.469
2
260.586 283.362
0 0 0.71531 -0.698808
3
250.843 260.638
269.258 260.208
270.329 306.086
251.914 306.516
2
260.54 281.409
0 0 0.71531 -0.698808
3
250.797 258.685
269.212 258.255
270.283 304.133
251.868 304.562
2
260.495 279.456
0 0 0.71531 -0.698808
3
250.752 256.732
269.167 256.302
270.238 302.179
251.823 302.609
2
260.449 277.502
0 0 0.71531 -0.698808
3
250.706 254.779
269.121 254.349
270.192 300.226
251.777 300.656
2
260.404 275.549
0 0 0.71531 -0.698808
3
250.661 252.825
269.076 252.395
270.146 298.273
251.731 298.703
2
260.358 273.596
0 0 0.71531 -0.698808
3
250.615 250.872
269.03 250.442
270.101 296.32
251.686 296.75
2
260.312 271.643
0 0 0.71531 -0.698808
3
250.569 248.919
268.984 248.489
270.055 294.367
251.64 294.796
2
260.267 269.689
0 0 0.71531 -0.698808
3
250.524 246.966
268.939 246.536
270.01 292.413
251.595 292.843
2
260.221 267.736
0 0 0.71531 -0.698808
3
250.478 245.012
268.893 244.583
269.964 290.46
251.549 290.89
2
260.176 265.783
0 0 0.71531 -0.698808
3
250.433 243.059
268.848 242.629
269.918 288.507
251.503 288.937
2
260.13 263.83
0 0 0.71531 -0.698808
3
250.387 241.106
268.802 240.676
269.873 286.554
251.458 286.984
2
260.084 261.877
0 0 0.71531 -0.698808
3
250.341 239.153
268.756 238.723
269.827 284.6
251.412 285.03
2
260.039 259.923
0 0 0.71531 -0.698808
3
250.296 237.2
268.711 236.77
269.782 282.647
251.367 283.077
2
259.993 257.97
0 0 0.71531 -0.698808
3
250.25 235.246
268.665 234.817
269.736 280.694
251.321 281.124
2
259.948 256.017
0 0 0.71531 -0.698808
3
250.205 233.293
268.62 232.863
269.691 278.741
251.276 279.171
2
259.902 254.064
0 0 0.71531 -0.698808
3
250.159 231.34
268.574 230.91
269.645 276.788
251.23 277.217
2
259.856 252.111
0 0 0.71531 -0.698808
3
250.113 229.387
268.528 228.957
269.599 274.834
251.184 275.264
2
259.811 250.157
0 0 0.71531 -0.698808
3
250.068 227.433
268.483 227.004
269.554 272.881
251.139 273.311
2
259.765 248.204
0 0 0.71531 -0.698808
3
250.022 225.48
268.437 225.05
269.508 270.928
251.093 271.358
2
259.72 246.251
0 0 0.71531 -0.698808
3
249.977 223.527
268.392 223.097
269.463 268.975
251.048 269.405
2
259.674 244.298
0 0 0.71531 -0.698808
3
249.931 221.574
268.346 221.144
269.417 267.022
251.002 267.451
2
258.513 242.413
0 0 0.736592 -0.676337
3
247.383 220.335
265.736 218.767
269.643 264.49
251.29 266.058
2
257.237 240.603
0 0 0.75717 -0.653218
3
244.763 219.256
262.984 216.556
269.712 261.95
251.491 264.65
2
255.852 238.876
0 0 0.777021 -0.629474
3
242.081 218.341
260.1 214.519
269.623 259.41
251.604 263.232
2
254.363 237.237
0 0 0.796129 -0.605127
3
239.348 217.594
257.096 212.664
269.378 256.88
251.63 261.81
2
252.775 235.694
0 0 0.814474 -0.5802
3
236.573 217.018
253.982 210.999
268.976 254.371
251.567 260.389
2
251.095 234.253
0 0 0.832039 -0.554717
3
233.769 216.614
250.772 209.53
268.42 251.891
251.417 258.975
2
249.328 232.917
0 0 0.848807 -0.528703
3
230.945 216.385
247.477 208.262
267.712 249.45
251.18 257.572
2
249.488 230.709
0 0 0.832039 -0.554717
3
232.162 213.071
249.165 205.987
266.814 248.348
249.81 255.431
2
249.784 228.515
0 0 0.814474 -0.5802
3
233.582 209.838
250.991 203.82
265.985 247.191
248.576 253.21
2
250.215 226.343
0 0 0.796129 -0.605127
3
235.2 206.7
252.948 201.77
265.23 245.986
247.482 250.916
2
250.779 224.202
0 0 0.777021 -0.629474
3
237.008 203.668
255.027 199.846
264.55 244.737
246.531 248.559
2
251.475 222.1
0 0 0.75717 -0.653218
3
239.001 200.754
257.222 198.053
263.95 243.447
245.729 246.148
2
251.189 220.168
0 0 0.75717 -0.653218
3
238.714 198.821
256.935 196.12
263.663 241.515
245.442 244.215
2
250.902 218.235
0 0 0.75717 -0.653218
3
238.428 196.888
256.649 194.188
263.377 239.582
245.156 242.283
2
250.616 216.303
0 0 0.75717 -0.653218
3
238.141 194.956
256.362 192.255
263.09 237.649
244.869 240.35
2
250.329 214.37
0 0 0.75717 -0.653218
3
237.855 193.023
256.076 190.323
262.804 235.717
244.583 238.417
2
250.043 212.437
0 0 0.75717 -0.653218
3
237.568 191.091
255.789 188.39
262.517 233.784
244.296 236.485
2
249.757 210.505
0 0 0.75717 -0.653218
3
237.282 189.158
255.503 186.457
262.231 231.851
244.01 234.552
2
249.47 208.572
0 0 0.75717 -0.653218
3
236.996 187.225
255.217 184.525
261.945 229.919
243.724 232.619
2
249.184 206.639
0 0 0.75717 -0.653218
3
236.709 185.293
254.93 182.592
261.658 227.986
243.437 230.687
2
248.897 204.707
0 0 0.75717 -0.653218
3
236.423 183.36
254.644 180.659
261.372 226.054
243.151 228.754
2
248.611 202.774
0 0 0.75717 -0.653218
3
236.136 181.427
254.357 178.727
261.085 224.121
242.864 226.821
2
248.324 200.842
0 0 0.75717 -0.653218
3
235.85 179.495
254.071 176.794
260.799 222.188
242.578 224.889
2
248.038 198.909
0 0 0.75717 -0.653218
3
235.563 177.562
253.784 174.862
260.512 220.256
242.291 222.956
2
247.751 196.976
0 0 0.75717 -0.653218
3
235.277 175.629
253.498 172.929
260.226 218.323
242.005 221.024
2
247.465 195.044
0 0 0.75717 -0.653218
3
234.991 173.697
253.212 170.996
259.94 216.39
241.719 219.091
2
247.179 193.111
0 0 0.75717 -0.653218
3
234.704 171.764
252.925 169.064
259.653 214.458
241.432 217.158
2
246.892 191.178
0 0 0.75717 -0.653218
3
234.418 169.832
252.639 167.131
259.367 212.525
241.146 215.226
2
246.606 189.246
0 0 0.75717 -0.653218
3
234.131 167.899
252.352 165.198
259.08 210.592
240.859 213.293
2
246.319 187.313
0 0 0.75717 -0.653218
3
233.845 165.966
252.066 163.266
258.794 208.66
240.573 211.36
2
246.033 185.38
0 0 0.75717 -0.653218
3
233.558 164.034
251.779 161.333
258.507 206.727
240.286 209.428
2
245.746 183.448
0 0 0.75717 -0.653218
3
233.272 162.101
251.493 159.4
258.221 204.795
240 207.495
2
245.46 181.515
0 0 0.75717 -0.653218
3
232.985 160.168
251.206 157.468
257.934 202.862
239.713 205.563
2
245.174 179.583
0 0 0.75717 -0.653218
3
232.699 158.236
250.92 155.535
257.648 200.929
239.427 203.63
2
244.887 177.65
0 0 0.75717 -0.653218
3
232.413 156.303
250.634 153.603
257.362 198.997
239.141 201.697
2
244.601 175.717
0 0 0.75717 -0.653218
3
232.126 154.371
250.347 151.67
257.075 197.064
238.854 199.765
2
244.314 173.785
0 0 0.75717 -0.653218
3
231.84 152.438
250.061 149.737
256.789 195.131
238.568 197.832
2
244.028 171.852
0 0 0.75717 -0.653218
3
231.553 150.505
249.774 147.805
256.502 193.199
238.281 195.899
2
243.741 169.919
0 0 0.75717 -0.653218
3
231.267 148.573
249.488 145.872
256.216 191.266
237.995 193.967
2
243.455 167.987
0 0 0.75717 -0.653218
3
230.98 146.64
249.201 143.939
255.929 189.334
237.708 192.034
2
243.168 166.054
0 0 0.75717 -0.653218
3
230.694 144.707
248.915 142.007
255.643 187.401
237.422 190.101
2
242.882 164.121
0 0 0.75717 -0.653218
3
230.408 142.775
248.628 140.074
255.356 185.468
237.136 188.169
2
242.596 162.189
0 0 0.75717 -0.653218
3
230.121 140.842
248.342 138.142
255.07 183.536
236.849 186.236
2
242.309 160.256
0 0 0.75717 -0.653218
3
229.835 138.909
248.056 136.209
254.784 181.603
236.563 184.304
2
242.023 158.324
0 0 0.75717 -0.653218
3
229.548 136.977
247.769 134.276
254.497 179.67
236.276 182.371
2
241.736 156.391
0 0 0.75717 -0.653218
3
229.262 135.044
247.483 132.344
254.211 177.738
235.99 180.438
2
241.45 154.458
0 0 0.75717 -0.653218
3
228.975 133.112
247.196 130.411
253.924 175.805
235.703 178.506
2
241.163 152.526
0 0 0.75717 -0.653218
3
228.689 131.179
246.91 128.478
253.638 173.872
235.417 176.573
2
240.877 150.593
0 0 0.75717 -0.653218
3
228.402 129.246
246.623 126.546
253.351 171.94
235.13 174.64
2
240.591 148.66
0 0 0.75717 -0.653218
3
228.116 127.314
246.337 124.613
253.065 170.007
234.844 172.708
2
240.304 146.728
0 0 0.75717 -0.653218
3
227.83 125.381
246.051 122.68
252.779 168.075
234.558 170.775
2
240.018 144.795
0 0 0.75717 -0.653218
3
227.543 123.448
245.764 120.748
252.492 166.142
234.271 168.843
2
239.731 142.863
0 0 0.75717 -0.653218
3
227.257 121.516
245.478 118.815
252.206 164.209
233.985 166.91
2
239.445 140.93
0 0 0.75717 -0.653218
3
226.97 119.583
245.191 116.883
251.919 162.277
233.698 164.977
2
239.158 138.997
0 0 0.75717 -0.653218
3
226.684 117.651
244.905 114.95
251.633 160.344
233.412 163.045
2
238.872 137.065
0 0 0.75717 -0.653218
3
226.397 115.718
244.618 113.017
251.346 158.411
233.125 161.112
2
238.585 135.132
0 0 0.75717 -0.653218
3
226.111 113.785
244.332 111.085
251.06 156.479
232.839 159.179
2
238.299 133.199
0 0 0.75717 -0.653218
3
225.825 111.853
244.045 109.152
250.773 154.546
232.553 157.247
2
238.013 131.267
0 0 0.75717 -0.653218
3
225.538 109.92
243.759 107.219
250.487 152.614
232.266 155.314
2
237.726 129.334
0 0 0.75717 -0.653218
3
225.252 107.987
243.473 105.287
250.201 150.681
231.98 153.381
2
237.44 127.401
0 0 0.75717 -0.653218
3
224.965 106.055
243.186 103.354
249.914 148.748
231.693 151.449
2
237.153 125.469
0 0 0.75717 -0.653218
3
224.679 104.122
242.9 101.421
249.628 146.816
231.407 149.516
2
236.867 123.536
0 0 0.75717 -0.653218
3
224.392 102.189
242.613 99.4889
249.341 144.883
231.12 147.584
2
236.58 121.604
0 0 0.75717 -0.653218
3
224.106 100.257
242.327 97.5562
249.055 142.95
230.834 145.651
2
236.294 119.671
0 0 0.75717 -0.653218
3
223.819 98.3242
242.04 95.6236
248.768 141.018
230.547 143.718
2
236.008 117.738
0 0 0.75717 -0.653218
3
223.533 96.3915
241.754 93.691
248.482 139.085
230.261 141.786
2
235.721 115.806
0 0 0.75717 -0.653218
3
223.247 94.4589
241.468 91.7583
248.196 137.152
229.975 139.853
2
235.435 113.873
0 0 0.75717 -0.653218
3
222.96 92.5263
241.181 89.8257
247.909 135.22
229.688 137.92
2
235.148 111.94
0 0 0.75717 -0.653218
3
222.674 90.5936
240.895 87.8931
247.623 133.287
229.402 135.988
2
234.862 110.008
0 0 0.75717 -0.653218
3
222.387 88.661
240.608 85.9604
247.336 131.355
229.115 134.055
2
234.575 108.075
0 0 0.75717 -0.653218
3
222.101 86.7284
240.322 84.0278
247.05 129.422
228.829 132.122
2
234.289 106.142
0 0 0.75717 -0.653218
3
221.814 84.7957
240.035 82.0951
246.763 127.489
228.542 130.19
2
234.002 104.21
0 0 0.75717 -0.653218
3
221.528 82.8631
239.749 80.1625
246.477 125.557
228.256 128.257
2
233.716 102.277
0 0 0.75717 -0.653218
3
221.242 80.9304
239.462 78.2299
246.19 123.624
227.97 126.325
2
233.43 100.345
0 0 0.75717 -0.653218
3
220.955 78.9978
239.176 76.2972
245.904 121.691
227.683 124.392
2
232.044 98.6173
0 0 0.777021 -0.629474
3
218.273 78.0831
236.292 74.2605
245.816 119.151
227.797 122.974
2
230.555 96.979
0 0 0.796129 -0.605127
3
215.54 77.3361
233.288 72.4061
245.57 116.622
227.822 121.552
2
228.967 95.436
0 0 0.814474 -0.5802
3
212.766 76.7596
230.175 70.7411
245.169 114.112
227.76 120.131
2
227.287 93.9942
0 0 0.832039 -0.554717
3
209.961 76.3558
226.965 69.2719
244.613 111.633
227.609 118.717
2
225.521 92.6591
0 0 0.848807 -0.528703
3
207.137 76.1263
223.67 68.0041
243.905 109.192
227.372 117.314
2
223.675 91.4358
0 0 0.864762 -0.502183
3
204.304 76.0719
220.302 66.9425
243.047 106.8
227.048 115.929
2
221.758 90.329
0 0 0.879888 -0.475181
3
201.473 76.1929
216.876 66.0913
242.042 104.465
226.639 114.567
2
219.775 89.3429
0 0 0.894172 -0.447725
3
198.655 76.4888
213.404 65.4536
240.896 102.197
226.147 113.232
2
218.605 87.7786
0 0 0.894172 -0.447725
3
197.485 74.9245
212.233 63.8893
239.725 100.633
224.977 111.668
2
217.435 86.2143
0 0 0.894172 -0.447725
3
196.314 73.3601
211.063 62.325
238.555 99.0684
223.806 110.104
2
216.264 84.6499
0 0 0.894172 -0.447725
3
195.144 71.7958
209.892 60.7606
237.384 97.5041
222.636 108.539
2
215.094 83.0856
0 0 0.894172 -0.447725
3
193.973 70.2314
208.722 59.1963
236.214 95.9397
221.465 106.975
2
213.054 82.2241
0 0 0.907599 -0.419839
3
191.179 70.7011
205.217 58.7747
234.929 93.747
220.891 105.673
2
210.965 81.4904
0 0 0.920156 -0.391551
3
188.419 71.3427
201.692 58.5707
233.511 91.638
220.238 104.41
2
208.835 80.8873
0 0 0.931833 -0.362889
3
185.704 72.1538
198.162 58.5852
231.965 89.6208
219.508 103.189
2
206.671 80.4172
0 0 0.942616 -0.333878
3
183.045 73.1314
194.639 58.8181
230.298 87.703
218.703 102.016
2
205.889 78.346
0 0 0.931833 -0.362889
3
182.758 69.6125
195.216 56.0439
229.019 87.0794
216.562 100.648
2
205.236 76.2304
0 0 0.920156 -0.391551
3
182.69 66.0827
195.963 53.3107
227.782 86.378
214.509 99.15
2
204.715 74.0784
0 0 0.907599 -0.419839
3
182.84 62.5554
196.878 50.629
226.59 85.6014
212.553 97.5278
2
204.329 71.8983
0 0 0.894172 -0.447725
3
183.208 59.0442
197.957 48.009
225.449 84.7525
210.7 95.7876
2
204.078 69.6985
0 0 0.879888 -0.475181
3
183.793 55.5625
199.196 45.4608
224.362 83.8346
208.959 93.9362
2
203.963 67.4874
0 0 0.864762 -0.502183
3
184.592 52.1236
200.59 42.9941
223.335 82.8513
207.336 91.9807
2
203.986 65.2735
0 0 0.848807 -0.528703
3
185.602 48.7407
202.135 40.6185
222.37 81.8063
205.837 89.9285
2
204.146 63.0652
0 0 0.832039 -0.554717
3
186.82 45.4268
203.823 38.3429
221.471 80.7036
204.468 87.7875
2
202.379 61.7301
0 0 0.848807 -0.528703
3
183.996 45.1973
200.528 37.075
220.763 78.2629
204.231 86.3851
2
200.534 60.5068
0 0 0.864762 -0.502183
3
181.163 45.1429
197.161 36.0135
219.905 75.8706
203.907 85
2
198.616 59.4
0 0 0.879888 -0.475181
3
178.332 45.2639
193.735 35.1623
218.901 73.5361
203.498 83.6377
2
196.634 58.4139
0 0 0.894172 -0.447725
3
175.514 45.5598
190.262 34.5246
217.754 71.2681
203.006 82.3032
2
194.594 57.5524
0 0 0.907599 -0.419839
3
172.719 46.0294
186.757 34.103
216.469 69.0754
202.432 81.0018
2
192.505 56.8187
0 0 0.920156 -0.391551
3
169.959 46.6711
183.232 33.8991
215.051 66.9664
201.778 79.7383
2
190.375 56.2156
0 0 0.931833 -0.362889
3
167.244 47.4822
179.702 33.9136
213.506 64.9491
201.048 78.5177
2
188.212 55.7455
0 0 0.942616 -0.333878
3
164.585 48.4597
176.179 34.1464
211.838 63.0313
200.244 77.3446
2
186.023 55.4101
0 0 0.952497 -0.304548
3
161.991 49.5999
172.678 34.5968
210.055 61.2204
199.368 76.2235
2
183.818 55.2108
0 0 0.961465 -0.274926
3
159.472 50.8983
169.21 35.2629
208.163 59.5233
198.425 75.1587
2
181.605 55.1482
0 0 0.969513 -0.245041
3
157.039 52.3501
165.791 36.1422
206.17 57.9464
197.418 74.1543
2
179.392 55.2227
0 0 0.976631 -0.214921
3
154.7 53.9496
162.433 37.2313
204.084 56.4958
196.351 73.2141
2
177.619 54.4025
0 0 0.976631 -0.214921
3
152.927 53.1295
160.66 36.4111
202.31 55.6756
194.578 72.3939
2
175.845 53.5824
0 0 0.976631 -0.214921
3
151.154 52.3093
158.886 35.591
200.537 54.8554
192.804 71.5738
2
174.072 52.7622
0 0 0.976631 -0.214921
3
149.381 51.4891
157.113 34.7708
198.764 54.0353
191.031 70.7536
2
172.299 51.942
0 0 0.976631 -0.214921
3
147.607 50.6689
155.34 33.9506
196.991 53.2151
189.258 69.9334
2
170.526 51.1218
0 0 0.976631 -0.214921
3
145.834 49.8487
153.567 33.1304
195.217 52.3949
187.485 69.1132
2
168.322 51.333
0 0 0.982815 -0.184595
3
143.599 51.5899
150.282 34.4252
193.045 51.0762
186.361 68.2409
2
166.135 51.6802
0 0 0.988056 -0.154092
3
141.475 53.466
147.084 35.9207
190.795 49.8944
185.186 67.4397
2
163.974 52.162
0 0 0.992352 -0.123442
3
139.472 55.4699
143.985 37.6112
188.476 48.8541
183.963 66.7127
2
161.847 52.7765
0 0 0.995697 -0.0926736
3
137.596 57.5938
140.996 39.4902
186.098 47.9592
182.698 66.0628
2
159.762 53.5215
0 0 0.998088 -0.0618163
3
135.856 59.8298
138.129 41.5505
183.668 47.2132
181.395 65.4924
2
157.727 54.394
0 0 0.999522 -0.0308998
3
134.257 62.1691
135.395 43.7842
181.197 46.6189
180.059 65.0037
2
155.777 54.2733
0 0 0.999522 -0.0308998
3
132.307 62.0484
133.445 43.6636
179.247 46.4982
178.109 64.883
2
153.827 54.1526
0 0 0.999522 -0.0308998
3
130.357 61.9277
131.495 43.5429
177.297 46.3775
176.159 64.7623
2
151.877 54.0319
0 0 0.999522 -0.0308998
3
128.407 61.807
129.545 43.4222
175.347 46.2568
174.209 64.6416
2
149.927 53.9112
0 0 0.999522 -0.0308998
3
126.457 61.6863
127.595 43.3015
173.397 46.1361
172.259 64.521
2
147.977 53.7906
0 0 0.999522 -0.0308998
3
124.507 61.5656
125.645 43.1808
171.447 46.0155
170.309 64.4003
2
146.027 53.6699
0 0 0.999522 -0.0308998
3
122.557 61.445
123.695 43.0601
169.497 45.8948
168.359 64.2796
2
144.077 53.5492
0 0 0.999522 -0.0308998
3
120.607 61.3243
121.745 42.9395
167.547 45.7741
166.409 64.1589
2
142.127 53.4285
0 0 0.999522 -0.0308998
3
118.657 61.2036
119.795 42.8188
165.597 45.6534
164.459 64.0382
2
140.177 53.3078
0 0 0.999522 -0.0308998
3
116.707 61.0829
117.845 42.6981
163.647 45.5327
162.509 63.9175
2
138.227 53.1871
0 0 0.999522 -0.0308998
3
114.757 60.9622
115.895 42.5774
161.697 45.412
160.559 63.7969
2
136.277 53.0665
0 0 0.999522 -0.0308998
3
112.807 60.8416
113.945 42.4567
159.747 45.2914
158.609 63.6762
2
134.327 52.9458
0 0 0.999522 -0.0308998
3
110.857 60.7209
111.995 42.3361
157.797 45.1707
156.659 63.5555
2
132.35 53.9425
0 0 1 4.63287e-05
3
109.406 63.1546
109.404 44.7346
155.294 44.7304
155.296 63.1504
2
130.396 53.9427
0 0 1 4.63287e-05
3
107.452 63.1548
107.45 44.7348
153.34 44.7305
153.342 63.1505
2
128.442 53.9428
0 0 1 4.63287e-05
3
105.498 63.155
105.497 44.735
151.387 44.7307
151.388 63.1507
2
126.489 53.943
0 0 1 4.63287e-05
3
103.544 63.1552
103.543 44.7352
149.433 44.7309
149.434 63.1509
2
124.535 53.9432
0 0 1 4.63287e-05
3
101.591 63.1553
101.589 44.7353
147.479 44.7311
147.481 63.1511
2
122.581 53.9434
0 0 1 4.63287e-05
3
99.637 63.1555
99.6353 44.7355
145.525 44.7313
145.527 63.1513
2
120.627 53.9436
0 0 1 4.63287e-05
3
97.6832 63.1557
97.6815 44.7357
143.572 44.7314
143.573 63.1514
2
118.674 53.9437
0 0 1 4.63287e-05
3
95.7295 63.1559
95.7278 44.7359
141.618 44.7316
141.619 63.1516
2
116.72 53.9439
0 0 1 4.63287e-05
3
93.7757 63.156
93.774 44.736
139.664 44.7318
139.666 63.1518
2
114.766 53.9441
0 0 1 4.63287e-05
3
91.822 63.1562
91.8203 44.7362
137.71 44.732
137.712 63.152
2
112.812 53.9443
0 0 1 4.63287e-05
3
89.8683 63.1564
89.8665 44.7364
135.757 44.7322
135.758 63.1522
2
110.859 53.9445
0 0 1 4.63287e-05
3
87.9145 63.1566
87.9128 44.7366
133.803 44.7323
133.805 63.1523
2
108.905 53.9446
0 0 1 4.63287e-05
3
85.9608 63.1568
85.959 44.7368
131.849 44.7325
131.851 63.1525
2
106.951 53.9448
0 0 1 4.63287e-05
3
84.007 63.1569
84.0053 44.7369
129.895 44.7327
129.897 63.1527
2
104.997 53.945
0 0 1 4.63287e-05
3
82.0533 63.1571
82.0515 44.7371
127.942 44.7329
127.943 63.1529
2
103.044 53.9452
0 0 1 4.63287e-05
3
80.0995 63.1573
80.0978 44.7373
125.988 44.7331
125.989 63.1531
2
101.132 55.0623
0 0 0.99952 0.0309924
3
78.8017 65.6761
77.6605 47.2915
123.462 44.4484
124.604 62.833
2
99.2933 56.2955
0 0 0.998082 0.0619088
3
77.6623 68.2705
75.386 49.9916
120.924 44.3206
123.201 62.5994
2
97.5343 57.6401
0 0 0.995688 0.0927658
3
76.6855 70.9303
73.2828 52.8273
118.383 44.35
121.786 62.4529
2
95.8618 59.091
0 0 0.99234 0.123534
3
75.8752 73.6454
71.3591 55.7876
115.848 44.5365
120.365 62.3943
2
94.2823 60.6425
0 0 0.988042 0.154184
3
75.2343 76.4055
69.6221 58.8613
113.33 44.8795
118.942 62.4237
2
92.8018 62.2888
0 0 0.982798 0.184686
3
74.7655 79.1999
68.0787 62.0365
110.838 45.3776
117.525 62.541
2
91.426 64.0235
0 0 0.976612 0.215011
3
74.4704 82.018
66.7346 65.3012
108.382 46.0289
116.117 62.7458
2
90.1602 65.84
0 0 0.96949 0.245131
3
74.3502 84.849
65.5951 68.6427
105.97 46.831
114.725 63.0373
2
88.4412 66.7686
0 0 0.96949 0.245131
3
72.6312 85.7776
63.8762 69.5713
104.251 47.7596
113.006 63.9659
2
86.2284 66.6945
0 0 0.976612 0.215011
3
69.2728 84.6891
61.537 67.9722
103.184 48.7
110.92 65.4169
2
84.0244 66.4837
0 0 0.982798 0.184686
3
65.988 83.3949
59.3012 66.2315
102.061 49.5726
108.748 66.736
2
81.8376 66.137
0 0 0.988042 0.154184
3
62.7897 81.9
57.1775 64.3558
100.886 50.374
106.498 67.9182
2
79.6765 65.6556
0 0 0.99234 0.123534
3
59.6899 80.2101
55.1738 62.3523
99.6632 51.1012
104.179 68.959
2
77.5494 65.0415
0 0 0.995688 0.0927658
3
56.7006 78.3316
53.2979 60.2287
98.3981 51.7513
101.801 69.8543
2
75.4642 64.2969
0 0 0.998082 0.0619088
3
53.8333 76.2719
51.557 57.9931
97.0952 52.322
99.3715 70.6008
2
73.4292 63.4248
0 0 0.99952 0.0309924
3
51.0989 74.0387
49.9577 55.654
95.7595 52.8109
96.9007 71.1955
2
71.452 62.4284
0 0 1 4.63287e-05
3
48.5078 71.6406
48.5061 53.2206
94.3961 53.2163
94.3978 71.6363
2
69.5402 61.3117
0 0 0.999522 -0.0308998
3
46.0701 69.0868
47.2079 50.702
93.0103 53.5366
91.8725 71.9214
2
67.7011 60.0788
0 0 0.998088 -0.0618163
3
43.795 66.3871
46.068 48.1079
91.6073 53.7705
89.3343 72.0497
2
65.9419 58.7345
0 0 0.995697 -0.0926736
3
41.6913 63.5518
45.0907 45.4482
90.1925 53.9172
86.7931 72.0208
2
64.2692 57.284
0 0 0.992352 -0.123442
3
39.767 60.5919
44.2799 42.7332
88.7713 53.9761
84.2585 71.8347
2
62.6894 55.7327
0 0 0.988056 -0.154092
3
38.0295 57.5185
43.6385 39.9733
87.3492 53.9469
81.7403 71.4922
2
61.2086 54.0867
0 0 0.982815 -0.184595
3
36.4855 54.3436
43.1691 37.1789
85.9317 53.8299
79.2481 70.9946
2
63.2707 54.2089
0 0 0.976631 -0.214921
3
38.5791 52.9358
46.3117 36.2175
87.9623 55.482
80.2297 72.2003
2
65.3213 54.4584
0 0 0.969513 -0.245041
3
40.7557 51.6603
49.5078 35.4523
89.8869 57.2565
81.1348 73.4644
2
67.3526 54.8342
0 0 0.961465 -0.274926
3
43.0071 50.5218
52.7451 34.8863
91.698 59.1467
81.96 74.7822
2
69.3567 55.3351
0 0 0.952497 -0.304548
3
45.3247 49.5248
56.0112 34.5217
93.3887 61.1453
82.7021 76.1484
2
71.326 55.9589
0 0 0.942616 -0.333878
3
47.6994 48.6731
59.2937 34.3598
94.9525 63.2447
83.3583 77.558
2
73.2529 56.7033
0 0 0.931833 -0.362889
3
50.1223 47.9699
62.5798 34.4013
96.3835 65.4368
83.926 79.0054
2
75.1301 57.5656
0 0 0.920156 -0.391551
3
52.5841 47.4179
65.8571 34.646
97.6761 67.7132
84.403 80.4852
2
76.9503 58.5423
0 0 0.907599 -0.419839
3
55.0753 47.0193
69.113 35.0929
98.8254 70.0653
84.7877 81.9917
2
78.7066 59.6297
0 0 0.894172 -0.447725
3
57.5863 46.7756
72.335 35.7404
99.827 72.4839
85.0784 83.519
2
80.3924 60.8238
0 0 0.879888 -0.475181
3
60.1077 46.6877
75.5107 36.586
100.677 74.9598
85.274 85.0615
2
82.001 62.1198
0 0 0.864762 -0.502183
3
62.6296 46.7559
78.6281 37.6265
101.372 77.4836
85.3739 86.613
2
83.5263 63.5128
0 0 0.848807 -0.528703
3
65.1425 46.98
81.6751 38.8578
101.91 80.0456
85.3775 88.1678
2
84.9626 64.9975
0 0 0.832039 -0.554717
3
67.6367 47.3591
84.6401 40.2752
102.288 82.6359
85.285 89.7198
2
86.3042 66.5683
0 0 0.814474 -0.5802
3
70.1027 47.8918
87.5118 41.8734
102.506 85.2447
85.0967 91.2632
2
87.5461 68.219
0 0 0.796129 -0.605127
3
72.5311 48.5761
90.2791 43.6461
102.561 87.8619
84.8132 92.7919
2
88.6835 69.9434
0 0 0.777021 -0.629474
3
74.9124 49.4092
92.9314 45.5866
102.455 90.4776
84.4357 94.3002
2
89.7121 71.7348
0 0 0.75717 -0.653218
3
77.2376 50.3881
95.4586 47.6875
102.187 93.0816
83.9656 95.7822
2
90.6279 73.5865
0 0 0.736592 -0.676337
3
79.4979 51.5089
97.851 49.9407
101.758 95.6641
83.4048 97.2323
2
91.4273 75.4913
0 0 0.71531 -0.698808
3
81.6844 52.7674
100.099 52.3376
101.17 98.2151
82.7553 98.6449
2
92.1074 77.4418
0 0 0.693342 -0.720609
3
83.7889 54.1588
102.195 54.869
100.426 100.725
82.0197 100.015
2
92.6656 79.4307
0 0 0.67071 -0.74172
3
85.8033 55.6777
104.13 57.5252
99.5278 103.184
81.2007 101.336
2
93.0996 81.4504
0 0 0.647435 -0.762121
3
87.7199 57.3183
105.898 60.296
98.4793 105.582
80.3015 102.605
2
93.4079 83.493
0 0 0.62354 -0.781791
3
89.5314 59.0743
107.49 63.1708
97.2844 107.912
79.3257 103.815
2
93.5892 85.5507
0 0 0.599048 -0.800713
3
91.2307 60.9391
108.902 66.1387
95.9476 110.162
78.2767 104.963
2
93.6428 87.6158
0 0 0.573982 -0.818868
3
92.8114 62.9053
110.127 69.1882
94.4742 112.326
77.1589 106.043
2
93.5686 89.6802
0 0 0.548367 -0.836238
3
94.2675 64.9656
111.161 72.3076
92.8698 114.395
75.9763 107.053
2
93.3669 91.736
0 0 0.522226 -0.852807
3
95.5933 67.112
112 75.485
91.1405 116.36
74.7335 107.987
2
92.4788 93.4762
0 0 0.522226 -0.852807
3
94.7052 68.8523
111.112 77.2253
90.2524 118.1
73.8454 109.727
2
91.5907 95.2165
0 0 0.522226 -0.852807
3
93.8171 70.5925
110.224 78.9655
89.3643 119.84
72.9573 111.467
2
90.7026 96.9567
0 0 0.522226 -0.852807
3
92.929 72.3327
109.336 80.7057
88.4762 121.581
72.0692 113.208
2
89.8145 98.697
0 0 0.522226 -0.852807
3
92.0409 74.073
108.448 82.446
87.5881 123.321
71.1811 114.948
2
88.9264 100.437
0 0 0.522226 -0.852807
3
91.1528 75.8132
107.56 84.1862
86.7 125.061
70.293 116.688
2
88.0383 102.177
0 0 0.522226 -0.852807
3
90.2647 77.5534
106.672 85.9264
85.8119 126.801
69.4049 118.428
2
86.5796 103.64
0 0 0.548367 -0.836238
3
87.2784 78.9256
104.172 86.2676
85.8807 128.355
68.9872 121.013
2
85.2141 105.19
0 0 0.573982 -0.818868
3
84.3827 80.4798
101.698 86.7626
86.0456 129.901
68.7302 123.618
2
84.5477 107.027
0 0 0.573982 -0.818868
3
83.7163 82.3164
101.032 88.5992
85.3792 131.737
68.0638 125.454
2
83.8813 108.863
0 0 0.573982 -0.818868
3
83.0499 84.153
100.365 90.4358
84.7128 133.574
67.3974 127.291
2
83.2149 110.7
0 0 0.573982 -0.818868
3
82.3835 85.9896
99.6989 92.2724
84.0464 135.41
66.731 129.128
2
82.5485 112.537
0 0 0.573982 -0.818868
3
81.7171 87.8261
99.0325 94.109
83.3799 137.247
66.0646 130.964
2
81.8821 114.373
0 0 0.573982 -0.818868
3
81.0507 89.6627
98.3661 95.9456
82.7135 139.084
65.3982 132.801
2
81.2157 116.21
0 0 0.573982 -0.818868
3
80.3843 91.4993
97.6997 97.7822
82.0471 140.92
64.7318 134.637
2
80.5493 118.046
0 0 0.573982 -0.818868
3
79.7179 93.3359
97.0333 99.6187
81.3807 142.757
64.0654 136.474
2
79.8829 119.883
0 0 0.573982 -0.818868
3
79.0515 95.1725
96.3669 101.455
80.7143 144.593
63.399 138.311
2
79.2165 121.719
0 0 0.573982 -0.818868
3
78.3851 97.0091
95.7005 103.292
80.0479 146.43
62.7326 140.147
2
78.5501 123.556
0 0 0.573982 -0.818868
3
77.7187 98.8456
95.0341 105.128
79.3815 148.267
62.0661 141.984
2
77.8837 125.393
0 0 0.573982 -0.818868
3
77.0523 100.682
94.3677 106.965
78.7151 150.103
61.3997 143.82
2
77.2173 127.229
0 0 0.573982 -0.818868
3
76.3859 102.519
93.7013 108.802
78.0487 151.94
60.7333 145.657
2
76.5509 129.066
0 0 0.573982 -0.818868
3
75.7195 104.355
93.0349 110.638
77.3823 153.776
60.0669 147.493
2
75.8845 130.902
0 0 0.573982 -0.818868
3
75.0531 106.192
92.3684 112.475
76.7159 155.613
59.4005 149.33
2
75.2181 132.739
0 0 0.573982 -0.818868
3
74.3867 108.029
91.702 114.311
76.0495 157.449
58.7341 151.167
2
74.5517 134.576
0 0 0.573982 -0.818868
3
73.7203 109.865
91.0356 116.148
75.3831 159.286
58.0677 153.003
2
73.8853 136.412
0 0 0.573982 -0.818868
3
73.0539 111.702
90.3692 117.985
74.7167 161.123
57.4013 154.84
2
73.2189 138.249
0 0 0.573982 -0.818868
3
72.3875 113.538
89.7028 119.821
74.0503 162.959
56.7349 156.676
2
72.5525 140.085
0 0 0.573982 -0.818868
3
71.721 115.375
89.0364 121.658
73.3839 164.796
56.0685 158.513
2
71.8861 141.922
0 0 0.573982 -0.818868
3
71.0546 117.211
88.37 123.494
72.7175 166.632
55.4021 160.349
2
71.2197 143.758
0 0 0.573982 -0.818868
3
70.3882 119.048
87.7036 125.331
72.0511 168.469
54.7357 162.186
2
70.5532 145.595
0 0 0.573982 -0.818868
3
69.7218 120.885
87.0372 127.167
71.3847 170.305
54.0693 164.023
2
69.8868 147.432
0 0 0.573982 -0.818868
3
69.0554 122.721
86.3708 129.004
70.7183 172.142
53.4029 165.859
2
69.2204 149.268
0 0 0.573982 -0.818868
3
68.389 124.558
85.7044 130.841
70.0519 173.979
52.7365 167.696
2
68.554 151.105
0 0 0.573982 -0.818868
3
67.7226 126.394
85.038 132.677
69.3855 175.815
52.0701 169.532
2
67.8876 152.941
0 0 0.573982 -0.818868
3
67.0562 128.231
84.3716 134.514
68.7191 177.652
51.4037 171.369
2
67.2212 154.778
0 0 0.573982 -0.818868
3
66.3898 130.067
83.7052 136.35
68.0527 179.488
50.7373 173.205
2
66.5548 156.614
0 0 0.573982 -0.818868
3
65.7234 131.904
83.0388 138.187
67.3863 181.325
50.0709 175.042
2
65.8884 158.451
0 0 0.573982 -0.818868
3
65.057 133.741
82.3724 140.023
66.7199 183.162
49.4045 176.879
2
65.222 160.288
0 0 0.573982 -0.818868
3
64.3906 135.577
81.706 141.86
66.0534 184.998
48.7381 178.715
2
63.9551 161.919
0 0 0.599048 -0.800713
3
61.5967 137.308
79.2675 142.507
66.3136 186.531
48.6427 181.331
2
62.7916 163.626
0 0 0.62354 -0.781791
3
58.9151 139.208
76.8738 143.304
66.6681 188.045
48.7094 183.948
2
61.7359 165.402
0 0 0.647435 -0.762121
3
56.3562 141.27
74.5339 144.247
67.1155 189.534
48.9378 186.556
2
60.792 167.239
0 0 0.67071 -0.74172
3
53.9298 143.486
72.2569 145.334
67.6542 190.992
49.3271 189.145
2
59.9636 169.132
0 0 0.693342 -0.720609
3
51.6451 145.849
70.0514 146.559
68.2822 192.415
49.8758 191.704
2
59.2539 171.072
0 0 0.71531 -0.698808
3
49.511 148.348
67.926 147.918
68.9968 193.795
50.5819 194.225
2
59.2995 173.025
0 0 0.71531 -0.698808
3
49.5566 150.301
67.9716 149.871
69.0424 195.749
50.6275 196.178
2
59.3451 174.978
0 0 0.71531 -0.698808
3
49.6022 152.254
68.0172 151.824
69.088 197.702
50.673 198.132
2
59.3907 176.931
0 0 0.71531 -0.698808
3
49.6478 154.207
68.0627 153.778
69.1336 199.655
50.7186 200.085
2
59.4363 178.884
0 0 0.71531 -0.698808
3
49.6934 156.161
68.1083 155.731
69.1792 201.608
50.7642 202.038
2
59.4819 180.838
0 0 0.71531 -0.698808
3
49.739 158.114
68.1539 157.684
69.2248 203.561
50.8098 203.991
2
59.5275 182.791
0 0 0.71531 -0.698808
3
49.7845 160.067
68.1995 159.637
69.2704 205.515
50.8554 205.945
2
59.5731 184.744
0 0 0.71531 -0.698808
3
49.8301 162.02
68.2451 161.59
69.316 207.468
50.901 207.898
2
59.6187 186.697
0 0 0.71531 -0.698808
3
49.8757 163.973
68.2907 163.544
69.3616 209.421
50.9466 209.851
2
59.6643 188.651
0 0 0.71531 -0.698808
3
49.9213 165.927
68.3363 165.497
69.4072 211.374
50.9922 211.804
2
59.7098 190.604
0 0 0.71531 -0.698808
3
49.9669 167.88
68.3819 167.45
69.4528 213.328
51.0378 213.757
2
59.7554 192.557
0 0 0.71531 -0.698808
3
50.0125 169.833
68.4275 169.403
69.4984 215.281
51.0834 215.711
2
59.801 194.51
0 0 0.71531 -0.698808
3
50.0581 171.786
68.4731 171.356
69.544 217.234
51.129 217.664
2
59.8466 196.463
0 0 0.71531 -0.698808
3
50.1037 173.74
68.5187 173.31
69.5896 219.187
51.1746 219.617
2
59.8922 198.417
0 0 0.71531 -0.698808
3
50.1493 175.693
68.5643 175.263
69.6352 221.14
51.2202 221.57
2
59.9378 200.37
0 0 0.71531 -0.698808
3
50.1949 177.646
68.6099 177.216
69.6807 223.094
51.2658 223.523
2
59.9834 202.323
0 0 0.71531 -0.698808
3
50.2405 179.599
68.6555 179.169
69.7263 225.047
51.3114 225.477
2
60.029 204.276
0 0 0.71531 -0.698808
3
50.2861 181.552
68.7011 181.123
69.7719 227
51.3569 227.43
2
60.0746 206.229
0 0 0.71531 -0.698808
3
50.3317 183.506
68.7466 183.076
69.8175 228.953
51.4025 229.383
2
60.1202 208.183
0 0 0.71531 -0.698808
3
50.3773 185.459
68.7922 185.029
69.8631 230.907
51.4481 231.336
2
60.1658 210.136
0 0 0.71531 -0.698808
3
50.4229 187.412
68.8378 186.982
69.9087 232.86
51.4937 233.29
2
60.2114 212.089
0 0 0.71531 -0.698808
3
50.4684 189.365
68.8834 188.935
69.9543 234.813
51.5393 235.243
2
60.257 214.042
0 0 0.71531 -0.698808
3
50.514 191.319
68.929 190.889
69.9999 236.766
51.5849 237.196
2
60.3026 215.996
0 0 0.71531 -0.698808
3
50.5596 193.272
68.9746 192.842
70.0455 238.719
51.6305 239.149
2
60.3482 217.949
0 0 0.71531 -0.698808
3
50.6052 195.225
69.0202 194.795
70.0911 240.673
51.6761 241.102
2
60.3937 219.902
0 0 0.71531 -0.698808
3
50.6508 197.178
69.0658 196.748
70.1367 242.626
51.7217 243.056
2
60.4393 221.855
0 0 0.71531 -0.698808
3
50.6964 199.131
69.1114 198.702
70.1823 244.579
51.7673 245.009
2
60.4849 223.808
0 0 0.71531 -0.698808
3
50.742 201.085
69.157 200.655
70.2279 246.532
51.8129 246.962
2
60.5305 225.762
0 0 0.71531 -0.698808
3
50.7876 203.038
69.2026 202.608
70.2735 248.485
51.8585 248.915
2
60.5761 227.715
0 0 0.71531 -0.698808
3
50.8332 204.991
69.2482 204.561
70.319 250.439
51.9041 250.869
2
60.6217 229.668
0 0 0.71531 -0.698808
3
50.8788 206.944
69.2938 206.514
70.3646 252.392
51.9497 252.822
2
60.6673 231.621
0 0 0.71531 -0.698808
3
50.9244 208.897
69.3394 208.468
70.4102 254.345
51.9953 254.775
2
60.7129 233.575
0 0 0.71531 -0.698808
3
50.97 210.851
69.385 210.421
70.4558 256.298
52.0408 256.728
2
60.7585 235.528
0 0 0.71531 -0.698808
3
51.0156 212.804
69.4305 212.374
70.5014 258.252
52.0864 258.681
2
60.8041 237.481
0 0 0.71531 -0.698808
3
51.0612 214.757
69.4761 214.327
70.547 260.205
52.132 260.635
2
60.8497 239.434
0 0 0.71531 -0.698808
3
51.1067 216.71
69.5217 216.28
70.5926 262.158
52.1776 262.588
2
60.8953 241.387
0 0 0.71531 -0.698808
3
51.1523 218.664
69.5673 218.234
70.6382 264.111
52.2232 264.541
2
60.9409 243.341
0 0 0.71531 -0.698808
3
51.1979 220.617
69.6129 220.187
70.6838 266.064
52.2688 266.494
2
60.9865 245.294
0 0 0.71531 -0.698808
3
51.2435 222.57
69.6585 222.14
70.7294 268.018
52.3144 268.447
2
61.0321 247.247
0 0 0.71531 -0.698808
3
51.2891 224.523
69.7041 224.093
70.775 269.971
52.36 270.401
2
61.0776 249.2
0 0 0.71531 -0.698808
3
51.3347 226.476
69.7497 226.047
70.8206 271.924
52.4056 272.354
2
61.1232 251.153
0 0 0.71531 -0.698808
3
51.3803 228.43
69.7953 228
70.8662 273.877
52.4512 274.307
2
61.1688 253.107
0 0 0.71531 -0.698808
3
51.4259 230.383
69.8409 229.953
70.9118 275.83
52.4968 276.26
2
61.2144 255.06
0 0 0.71531 -0.698808
3
51.4715 232.336
69.8865 231.906
70.9574 277.784
52.5424 278.214
2
61.26 257.013
0 0 0.71531 -0.698808
3
51.5171 234.289
69.9321 233.859
71.0029 279.737
52.588 280.167
2
61.3056 258.966
0 0 0.71531 -0.698808
3
51.5627 236.242
69.9777 235.813
71.0485 281.69
52.6336 282.12
2
60.7173 260.947
0 0 0.736592 -0.676337
3
49.5872 238.869
67.9404 237.301
71.8473 283.024
53.4942 284.592
2
60.2525 262.959
0 0 0.75717 -0.653218
3
47.7781 241.613
65.999 238.912
72.727 284.306
54.5061 287.007
2
59.9132 264.997
0 0 0.777021 -0.629474
3
46.1421 244.463
64.1611 240.64
73.6844 285.531
55.6654 289.354
2
60.9418 266.788
0 0 0.75717 -0.653218
3
48.4673 245.442
66.6883 242.741
73.4163 288.135
55.1953 290.836
2
61.8575 268.64
0 0 0.736592 -0.676337
3
50.7275 246.562
69.0806 244.994
72.9876 290.718
54.6344 292.286
2
62.657 270.545
0 0 0.71531 -0.698808
3
52.9141 247.821
71.3291 247.391
72.3999 293.269
53.985 293.699
2
62.7026 272.498
0 0 0.71531 -0.698808
3
52.9597 249.774
71.3747 249.344
72.4455 295.222
54.0305 295.652
2
62.7482 274.451
0 0 0.71531 -0.698808
3
53.0053 251.727
71.4203 251.298
72.4911 297.175
54.0761 297.605
2
62.7938 276.404
0 0 0.71531 -0.698808
3
53.0509 253.681
71.4658 253.251
72.5367 299.128
54.1217 299.558
2
62.8394 278.358
0 0 0.71531 -0.698808
3
53.0965 255.634
71.5114 255.204
72.5823 301.082
54.1673 301.511
2
62.885 280.311
0 0 0.71531 -0.698808
3
53.142 257.587
71.557 257.157
72.6279 303.035
54.2129 303.465
2
62.9306 282.264
0 0 0.71531 -0.698808
3
53.1876 259.54
71.6026 259.11
72.6735 304.988
54.2585 305.418
2
62.9762 284.217
0 0 0.71531 -0.698808
3
53.2332 261.494
71.6482 261.064
72.7191 306.941
54.3041 307.371
2
63.0218 286.171
0 0 0.71531 -0.698808
3
53.2788 263.447
71.6938 263.017
72.7647 308.894
54.3497 309.324
2
63.0673 288.124
0 0 0.71531 -0.698808
3
53.3244 265.4
71.7394 264.97
72.8103 310.848
54.3953 311.277
2
63.1129 290.077
0 0 0.71531 -0.698808
3
53.37 267.353
71.785 266.923
72.8559 312.801
54.4409 313.231
2
63.1585 292.03
0 0 0.71531 -0.698808
3
53.4156 269.306
71.8306 268.877
72.9015 314.754
54.4865 315.184
2
63.2041 293.983
0 0 0.71531 -0.698808
3
53.4612 271.26
71.8762 270.83
72.9471 316.707
54.5321 317.137
2
63.2497 295.937
0 0 0.71531 -0.698808
3
53.5068 273.213
71.9218 272.783
72.9927 318.66
54.5777 319.09
2
63.2953 297.89
0 0 0.71531 -0.698808
3
53.5524 275.166
71.9674 274.736
73.0382 320.614
54.6233 321.044
2
63.3409 299.843
0 0 0.71531 -0.698808
3
53.598 277.119
72.013 276.689
73.0838 322.567
54.6689 322.997
2
63.3865 301.796
0 0 0.71531 -0.698808
3
53.6436 279.072
72.0586 278.643
73.1294 324.52
54.7144 324.95
2
63.4321 303.75
0 0 0.71531 -0.698808
3
53.6892 281.026
72.1042 280.596
73.175 326.473
54.76 326.903
2
63.4777 305.703
0 0 0.71531 -0.698808
3
53.7348 282.979
72.1497 282.549
73.2206 328.427
54.8056 328.856
2
63.5233 307.656
0 0 0.71531 -0.698808
3
53.7804 284.932
72.1953 284.502
73.2662 330.38
54.8512 330.81
2
63.5689 309.609
0 0 0.71531 -0.698808
3
53.8259 286.885
72.2409 286.455
73.3118 332.333
54.8968 332.763
2
63.6145 311.562
0 0 0.71531 -0.698808
3
53.8715 288.839
72.2865 288.409
73.3574 334.286
54.9424 334.716
2
63.6601 313.516
0 0 0.71531 -0.698808
3
53.9171 290.792
72.3321 290.362
73.403 336.239
54.988 336.669
2
64.3402 315.466
0 0 0.693342 -0.720609
3
56.0217 292.183
74.428 292.893
72.6587 338.749
54.2524 338.039
2
64.8983 317.455
0 0 0.67071 -0.74172
3
58.0361 293.702
76.3632 295.55
71.7605 341.208
53.4334 339.361
2
64.0699 319.347
0 0 0.693342 -0.720609
3
55.7514 296.064
74.1577 296.775
72.3884 342.63
53.9821 341.92
2
63.3602 321.287
0 0 0.71531 -0.698808
3
53.6173 298.564
72.0323 298.134
73.1031 344.011
54.6882 344.441
2
62.7719 323.268
0 0 0.736592 -0.676337
3
51.6418 301.19
69.995 299.622
73.9019 345.345
55.5488 346.913
2
62.3071 325.28
0 0 0.75717 -0.653218
3
49.8326 303.934
68.0536 301.233
74.7816 346.627
56.5607 349.328
2
61.9678 327.318
0 0 0.777021 -0.629474
3
48.1967 306.784
66.2157 302.961
75.739 347.852
57.72 351.675
2
61.7552 329.373
0 0 0.796129 -0.605127
3
46.7401 309.73
64.4881 304.8
76.7703 349.016
59.0223 353.946
2
62.8926 331.097
0 0 0.777021 -0.629474
3
49.1215 310.563
67.1405 306.74
76.6638 351.631
58.6448 355.454
2
62.68 333.152
0 0 0.796129 -0.605127
3
47.6649 313.509
65.4129 308.579
77.6951 352.795
59.9471 357.725
2
62.5949 335.216
0 0 0.814474 -0.5802
3
46.3934 316.54
63.8025 310.521
78.7964 353.892
61.3874 359.911
2
62.6377 337.281
0 0 0.832039 -0.554717
3
45.3118 319.643
62.3152 312.559
79.9635 354.92
62.9601 362.004
2
62.8081 339.34
0 0 0.848807 -0.528703
3
44.4243 322.807
60.9569 314.685
81.1919 355.873
64.6593 363.995
2
63.1056 341.384
0 0 0.864762 -0.502183
3
43.7342 326.02
59.7327 316.891
82.4769 356.748
66.4785 365.877
2
63.5289 343.406
0 0 0.879888 -0.475181
3
43.2442 329.27
58.6473 319.168
83.8136 357.542
68.4106 367.644
2
64.0765 345.398
0 0 0.894172 -0.447725
3
42.9562 332.544
57.7048 321.509
85.1969 358.252
70.4482 369.287
2
64.7463 347.352
0 0 0.907599 -0.419839
3
42.8713 335.829
56.909 323.903
86.6214 358.875
72.5837 370.801
2
65.5357 349.261
0 0 0.920156 -0.391551
3
42.9897 339.113
56.2627 326.341
88.0817 359.409
74.8087 372.181
2
66.4417 351.117
0 0 0.931833 -0.362889
3
43.3111 342.384
55.7686 328.815
89.5723 359.851
77.1148 373.42
2
67.4608 352.914
0 0 0.942616 -0.333878
3
43.8342 345.628
55.4285 331.315
91.0873 360.2
79.4931 374.513
2
68.5891 354.645
0 0 0.952497 -0.304548
3
44.5571 348.834
55.2437 333.831
92.6211 360.455
81.9345 375.458
2
69.8223 356.302
0 0 0.961465 -0.274926
3
45.4768 351.989
55.2148 336.354
94.1677 360.614
84.4297 376.25
2
71.1556 357.88
0 0 0.969513 -0.245041
3
46.59 355.082
55.3421 338.874
95.7212 360.678
86.9691 376.886
2
72.584 359.372
0 0 0.976631 -0.214921
3
47.8924 358.099
55.625 341.381
97.2756 360.645
89.543 377.363
2
74.102 360.773
0 0 0.982815 -0.184595
3
49.3789 361.03
56.0625 343.865
98.8251 360.516
92.1414 377.681
2
75.7037 362.078
0 0 0.988056 -0.154092
3
51.0439 363.863
56.6528 346.318
100.364 360.292
94.7546 377.837
2
77.3831 363.281
0 0 0.992352 -0.123442
3
52.8809 366.588
57.3938 348.73
101.885 359.973
97.3724 377.831
2
79.1336 364.377
0 0 0.995697 -0.0926736
3
54.8831 369.195
58.2825 351.091
103.384 359.56
99.9848 377.664
2
80.9487 365.364
0 0 0.998088 -0.0618163
3
57.0426 371.672
59.3155 353.393
104.855 359.055
102.582 377.334
2
82.8213 366.236
0 0 0.999522 -0.0308998
3
59.3512 374.011
60.489 355.626
106.291 358.461
105.154 376.845
2
84.7443 366.99
0 0 1 4.63287e-05
3
61.8001 376.202
61.7984 357.782
107.688 357.778
107.69 376.198
2
86.7102 367.625
0 0 0.99952 0.0309924
3
64.3799 378.238
63.2387 359.854
109.041 357.011
110.182 375.395
2
88.7117 368.136
0 0 0.998082 0.0619088
3
67.0807 380.111
64.8044 361.832
110.343 356.161
112.619 374.44
2
90.7409 368.522
0 0 0.995688 0.0927658
3
69.8922 381.813
66.4894 363.71
111.59 355.232
114.992 373.335
2
92.7902 368.783
0 0 0.99234 0.123534
3
72.8036 383.337
68.2874 365.479
112.777 354.228
117.293 372.086
2
94.8516 368.916
0 0 0.988042 0.154184
3
75.8037 384.679
70.1914 367.135
113.9 353.153
119.512 370.697
2
96.5308 367.713
0 0 0.99234 0.123534
3
76.5441 382.267
72.028 364.409
116.517 353.158
121.034 371.016
2
98.2811 366.616
0 0 0.995688 0.0927658
3
77.4324 379.906
74.0296 361.803
119.13 353.325
122.533 371.428
2
100.096 365.629
0 0 0.998082 0.0619088
3
78.4651 377.604
76.1887 359.325
121.727 353.654
124.003 371.933
2
101.968 364.756
0 0 0.99952 0.0309924
3
79.6381 375.37
78.4969 356.986
124.299 354.143
125.44 372.527
2
103.891 364.001
0 0 1 4.63287e-05
3
80.9471 373.214
80.9454 354.794
126.835 354.789
126.837 373.209
2
105.845 364.001
0 0 1 4.63287e-05
3
82.9009 373.213
82.8991 354.793
128.789 354.789
128.791 373.209
