1
179.464 363.206 5.05334
1
179.885 361.298 4.99143
1
180.187 359.367 4.92953
1
180.608 357.46 4.92953
1
181.028 355.552 4.92953
1
181.682 353.71 4.99143
1
181.984 351.78 4.92953
1
182.166 349.835 4.86763
1
182.227 347.882 4.80573
1
182.168 345.929 4.74383
1
181.988 343.984 4.68192
1
181.687 342.053 4.62002
1
181.507 340.108 4.62002
1
181.327 338.163 4.62002
1
181.147 336.217 4.62002
1
180.967 334.272 4.62002
1
180.786 332.326 4.62002
1
180.606 330.381 4.62002
1
180.426 328.435 4.62002
1
180.246 326.49 4.62002
1
180.066 324.544 4.62002
1
179.885 322.599 4.62002
1
179.705 320.654 4.62002
1
179.525 318.708 4.62002
1
179.345 316.763 4.62002
1
179.164 314.817 4.62002
1
178.984 312.872 4.62002
1
178.804 310.926 4.62002
1
178.624 308.981 4.62002
1
178.444 307.036 4.62002
1
178.263 305.09 4.62002
1
178.083 303.145 4.62002
1
177.903 301.199 4.62002
1
177.723 299.254 4.62002
1
177.543 297.308 4.62002
1
177.362 295.363 4.62002
1
177.182 293.418 4.62002
1
177.002 291.472 4.62002
1
176.822 289.527 4.62002
1
176.642 287.581 4.62002
1
176.223 285.673 4.55812
1
175.686 283.794 4.49622
1
175.035 281.952 4.43432
1
174.498 280.074 4.43432
1
173.962 278.195 4.43432
1
173.426 276.316 4.43432
1
172.889 274.438 4.43432
1
172.353 272.559 4.43432
1
171.817 270.68 4.43432
1
171.281 268.801 4.43432
1
170.744 266.923 4.43432
1
170.208 265.044 4.43432
1
169.672 263.165 4.43432
1
169.135 261.287 4.43432
1
168.599 259.408 4.43432
1
168.063 257.529 4.43432
1
167.526 255.651 4.43432
1
166.99 253.772 4.43432
1
166.454 251.893 4.43432
1
165.689 250.095 4.37241
1
164.815 248.348 4.31051
1
163.835 246.658 4.24861
1
162.752 245.032 4.18671
1
161.988 243.234 4.24861
1
161.336 241.392 4.31051
1
160.8 239.513 4.37241
1
160.381 237.605 4.43432
1
160.081 235.674 4.49622
1
159.9 233.729 4.55812
1
159.364 231.85 4.49622
1
158.713 230.008 4.43432
1
157.948 228.21 4.37241
1
157.074 226.463 4.31051
1
156.31 224.665 4.31051
1
155.546 222.867 4.31051
1
154.782 221.068 4.31051
1
154.018 219.27 4.31051
1
153.253 217.472 4.31051
1
152.489 215.674 4.31051
1
151.725 213.876 4.31051
1
150.961 212.078 4.31051
1
150.197 210.28 4.31051
1
149.432 208.482 4.31051
1
148.668 206.684 4.31051
1
147.904 204.886 4.31051
1
147.14 203.087 4.31051
1
146.376 201.289 4.31051
1
145.611 199.491 4.31051
1
144.631 197.801 4.24861
1
143.98 195.959 4.31051
1
143.443 194.081 4.37241
1
143.024 192.172 4.43432
1
142.724 190.242 4.49622
1
142.544 188.296 4.55812
1
142.007 186.418 4.49622
1
141.356 184.576 4.43432
1
140.592 182.778 4.37241
1
139.718 181.03 4.31051
1
138.737 179.34 4.24861
1
137.654 177.714 4.18671
1
136.473 176.158 4.12481
1
135.197 174.678 4.0629
1
134.217 172.989 4.12481
1
133.343 171.241 4.18671
1
132.579 169.443 4.24861
1
131.927 167.601 4.31051
1
131.391 165.722 4.37241
1
130.972 163.814 4.43432
1
130.671 161.884 4.49622
1
130.252 159.975 4.49622
1
129.833 158.067 4.49622
1
129.414 156.159 4.49622
1
128.995 154.251 4.49622
1
128.576 152.342 4.49622
1
128.157 150.434 4.49622
1
127.738 148.526 4.49622
1
127.319 146.617 4.49622
1
126.9 144.709 4.49622
1
126.481 142.801 4.49622
1
126.062 140.893 4.49622
1
125.643 138.984 4.49622
1
125.224 137.076 4.49622
1
124.805 135.168 4.49622
1
124.385 133.259 4.49622
1
123.966 131.351 4.49622
1
123.547 129.443 4.49622
1
123.128 127.535 4.49622
1
122.709 125.626 4.49622
1
122.29 123.718 4.49622
1
121.871 121.81 4.49622
1
121.452 119.901 4.49622
1
121.033 117.993 4.49622
1
120.614 116.085 4.49622
1
120.195 114.177 4.49622
1
119.543 112.335 4.43432
1
118.779 110.537 4.37241
1
117.905 108.789 4.31051
1
116.925 107.099 4.24861
1
115.842 105.473 4.18671
1
114.66 103.917 4.12481
1
113.385 102.437 4.0629
1
112.02 101.039 4.001
1
110.571 99.7282 3.9391
1
109.044 98.5093 3.8772
1
107.445 97.3872 3.8153
1
105.779 96.3662 3.75339
1
104.054 95.4501 3.69149
1
102.527 94.2312 3.75339
1
101.078 92.9202 3.8153
1
99.7135 91.5221 3.8772
1
98.4379 90.0422 3.9391
1
97.2564 88.4862 4.001
1
95.8078 87.1752 3.9391
1
94.2809 85.9563 3.8772
1
92.6815 84.8342 3.8153
1
91.0158 83.8131 3.75339
1
89.2901 82.8971 3.69149
1
87.511 82.0896 3.62959
1
85.6854 81.3937 3.56769
1
83.8203 80.812 3.50578
1
81.9227 80.3469 3.44388
1
80 80 3.38198
2
184.197 349.865
0 0 0.576897 -0.816817
3
183.189 325.161
200.549 331.321
185.204 374.569
167.845 368.41
2
183.783 347.69
0 0 0.601898 -0.798573
3
181.25 323.096
198.957 328.169
186.317 372.284
168.61 367.211
2
183.236 345.545
0 0 0.626322 -0.779564
3
179.186 321.154
197.173 325.123
187.287 369.935
169.299 365.967
2
183.657 343.637
0 0 0.626322 -0.779564
3
179.607 319.247
197.594 323.215
187.708 368.027
169.72 364.059
2
184.078 341.729
0 0 0.626322 -0.779564
3
180.028 317.339
198.015 321.307
188.128 366.119
170.141 362.151
2
185.581 340.103
0 0 0.601898 -0.798573
3
183.047 315.509
200.754 320.582
188.114 364.697
170.407 359.624
2
185.033 337.958
0 0 0.626322 -0.779564
3
180.983 313.567
198.97 317.536
189.084 362.348
171.096 358.38
2
184.355 335.85
0 0 0.650147 -0.759809
3
178.803 311.757
197.001 314.605
189.906 359.943
171.708 357.095
2
183.547 333.789
0 0 0.673349 -0.739325
3
176.515 310.085
194.855 311.802
190.578 357.492
172.238 355.775
2
182.613 331.781
0 0 0.695905 -0.718134
3
174.128 308.558
192.539 309.137
191.097 355.004
172.686 354.425
2
181.556 329.835
0 0 0.717795 -0.696254
3
171.652 307.182
190.063 306.621
191.461 352.489
173.05 353.05
2
180.382 327.959
0 0 0.738998 -0.673708
3
169.095 305.961
187.436 304.262
191.669 349.956
173.327 351.655
2
180.202 326.013
0 0 0.738998 -0.673708
3
168.914 304.016
187.256 302.317
191.489 348.011
173.147 349.71
2
180.021 324.068
0 0 0.738998 -0.673708
3
168.734 302.07
187.076 300.371
191.308 346.066
172.967 347.765
2
179.841 322.122
0 0 0.738998 -0.673708
3
168.554 300.125
186.896 298.426
191.128 344.12
172.787 345.819
2
179.661 320.177
0 0 0.738998 -0.673708
3
168.374 298.179
186.715 296.48
190.948 342.175
172.607 343.874
2
179.481 318.232
0 0 0.738998 -0.673708
3
168.194 296.234
186.535 294.535
190.768 340.229
172.426 341.928
2
179.301 316.286
0 0 0.738998 -0.673708
3
168.013 294.288
186.355 292.589
190.588 338.284
172.246 339.983
2
179.12 314.341
0 0 0.738998 -0.673708
3
167.833 292.343
186.175 290.644
190.407 336.338
172.066 338.037
2
178.94 312.395
0 0 0.738998 -0.673708
3
167.653 290.398
185.995 288.699
190.227 334.393
171.886 336.092
2
178.76 310.45
0 0 0.738998 -0.673708
3
167.473 288.452
185.814 286.753
190.047 332.448
171.706 334.146
2
178.58 308.504
0 0 0.738998 -0.673708
3
167.293 286.507
185.634 284.808
189.867 330.502
171.525 332.201
2
178.4 306.559
0 0 0.738998 -0.673708
3
167.112 284.561
185.454 282.862
189.687 328.557
171.345 330.256
2
178.219 304.613
0 0 0.738998 -0.673708
3
166.932 282.616
185.274 280.917
189.506 326.611
171.165 328.31
2
178.039 302.668
0 0 0.738998 -0.673708
3
166.752 280.67
185.093 278.971
189.326 324.666
170.985 326.365
2
177.859 300.723
0 0 0.738998 -0.673708
3
166.572 278.725
184.913 277.026
189.146 322.72
170.805 324.419
2
177.679 298.777
0 0 0.738998 -0.673708
3
166.392 276.779
184.733 275.081
188.966 320.775
170.624 322.474
2
177.498 296.832
0 0 0.738998 -0.673708
3
166.211 274.834
184.553 273.135
188.786 318.829
170.444 320.528
2
177.318 294.886
0 0 0.738998 -0.673708
3
166.031 272.889
184.373 271.19
188.605 316.884
170.264 318.583
2
177.138 292.941
0 0 0.738998 -0.673708
3
165.851 270.943
184.192 269.244
188.425 314.939
170.084 316.638
2
176.958 290.995
0 0 0.738998 -0.673708
3
165.671 268.998
184.012 267.299
188.245 312.993
169.903 314.692
2
176.778 289.05
0 0 0.738998 -0.673708
3
165.491 267.052
183.832 265.353
188.065 311.048
169.723 312.747
2
176.597 287.105
0 0 0.738998 -0.673708
3
165.31 265.107
183.652 263.408
187.885 309.102
169.543 310.801
2
176.417 285.159
0 0 0.738998 -0.673708
3
165.13 263.161
183.472 261.462
187.704 307.157
169.363 308.856
2
176.237 283.214
0 0 0.738998 -0.673708
3
164.95 261.216
183.291 259.517
187.524 305.211
169.183 306.91
2
176.057 281.268
0 0 0.738998 -0.673708
3
164.77 259.271
183.111 257.572
187.344 303.266
169.002 304.965
2
175.877 279.323
0 0 0.738998 -0.673708
3
164.59 257.325
182.931 255.626
187.164 301.321
168.822 303.02
2
175.696 277.377
0 0 0.738998 -0.673708
3
164.409 255.38
182.751 253.681
186.984 299.375
168.642 301.074
2
175.516 275.432
0 0 0.738998 -0.673708
3
164.229 253.434
182.571 251.735
186.803 297.43
168.462 299.129
2
175.336 273.487
0 0 0.738998 -0.673708
3
164.049 251.489
182.39 249.79
186.623 295.484
168.282 297.183
2
174.048 271.686
0 0 0.759493 -0.650516
3
161.421 250.429
179.622 247.598
186.674 292.943
168.473 295.774
2
172.65 269.969
0 0 0.77926 -0.626701
3
158.733 249.533
176.724 245.582
186.567 290.404
168.576 294.355
2
171.149 268.341
0 0 0.79828 -0.602286
3
155.994 248.806
173.707 243.749
186.304 287.876
168.591 292.933
2
170.613 266.462
0 0 0.79828 -0.602286
3
155.458 246.927
173.171 241.871
185.767 285.998
168.055 291.054
2
170.076 264.584
0 0 0.79828 -0.602286
3
154.922 245.048
172.634 239.992
185.231 284.119
167.519 289.175
2
169.54 262.705
0 0 0.79828 -0.602286
3
154.385 243.17
172.098 238.113
184.695 282.24
166.982 287.297
2
169.004 260.826
0 0 0.79828 -0.602286
3
153.849 241.291
171.562 236.235
184.159 280.362
166.446 285.418
2
168.468 258.948
0 0 0.79828 -0.602286
3
153.313 239.412
171.025 234.356
183.622 278.483
165.91 283.539
2
167.931 257.069
0 0 0.79828 -0.602286
3
152.777 237.533
170.489 232.477
183.086 276.604
165.373 281.661
2
167.395 255.19
0 0 0.79828 -0.602286
3
152.24 235.655
169.953 230.598
182.55 274.726
164.837 279.782
2
166.859 253.312
0 0 0.79828 -0.602286
3
151.704 233.776
169.416 228.72
182.013 272.847
164.301 277.903
2
166.322 251.433
0 0 0.79828 -0.602286
3
151.168 231.897
168.88 226.841
181.477 270.968
163.765 276.025
2
165.786 249.554
0 0 0.79828 -0.602286
3
150.631 230.019
168.344 224.962
180.941 269.09
163.228 274.146
2
165.25 247.675
0 0 0.79828 -0.602286
3
150.095 228.14
167.807 223.084
180.404 267.211
162.692 272.267
2
164.713 245.797
0 0 0.79828 -0.602286
3
149.559 226.261
167.271 221.205
179.868 265.332
162.156 270.389
2
164.177 243.918
0 0 0.79828 -0.602286
3
149.022 224.383
166.735 219.326
179.332 263.453
161.619 268.51
2
163.641 242.039
0 0 0.79828 -0.602286
3
148.486 222.504
166.198 217.448
178.795 261.575
161.083 266.631
2
163.104 240.161
0 0 0.79828 -0.602286
3
147.95 220.625
165.662 215.569
178.259 259.696
160.547 264.752
2
162.568 238.282
0 0 0.79828 -0.602286
3
147.413 218.747
165.126 213.69
177.723 257.817
160.01 262.874
2
160.969 236.75
0 0 0.816537 -0.577294
3
144.635 218.19
162.001 212.047
177.303 255.311
159.938 261.453
2
159.279 235.32
0 0 0.83401 -0.551749
3
141.828 217.806
158.78 210.601
176.73 252.835
159.777 260.04
2
157.503 233.998
0 0 0.850685 -0.525675
3
139.002 217.597
155.476 209.357
176.004 250.399
159.53 258.639
2
155.649 232.788
0 0 0.866546 -0.499098
3
136.169 217.562
152.102 208.319
175.129 248.013
159.196 257.257
2
155.656 230.574
0 0 0.850685 -0.525675
3
137.155 214.173
153.629 205.933
174.157 246.975
157.683 255.215
2
155.8 228.364
0 0 0.83401 -0.551749
3
138.349 210.85
155.301 203.645
173.251 245.879
156.298 253.084
2
156.08 226.168
0 0 0.816537 -0.577294
3
139.746 207.608
157.111 201.465
172.414 244.729
155.048 250.871
2
156.495 223.993
0 0 0.79828 -0.602286
3
141.341 204.458
159.053 199.402
171.65 243.529
153.938 248.585
2
157.045 221.849
0 0 0.77926 -0.626701
3
143.127 201.413
161.119 197.462
170.962 242.284
152.97 246.235
2
157.725 219.742
0 0 0.759493 -0.650516
3
145.099 198.485
163.3 195.654
170.352 240.999
152.151 243.83
2
156.328 218.025
0 0 0.77926 -0.626701
3
142.411 197.589
160.402 193.638
170.245 238.46
152.254 242.411
2
154.827 216.397
0 0 0.79828 -0.602286
3
139.672 196.861
157.385 191.805
169.982 235.932
152.269 240.989
2
153.228 214.865
0 0 0.816537 -0.577294
3
136.894 196.305
154.26 190.162
169.562 233.426
152.197 239.568
2
151.538 213.435
0 0 0.83401 -0.551749
3
134.087 195.921
151.039 188.716
168.989 230.95
152.036 238.155
2
150.774 211.637
0 0 0.83401 -0.551749
3
133.323 194.123
150.275 186.918
168.225 229.152
151.272 236.357
2
150.009 209.839
0 0 0.83401 -0.551749
3
132.558 192.325
149.511 185.12
167.46 227.354
150.508 234.559
2
149.245 208.041
0 0 0.83401 -0.551749
3
131.794 190.527
148.747 183.322
166.696 225.556
149.744 232.761
2
148.481 206.243
0 0 0.83401 -0.551749
3
131.03 188.729
147.982 181.524
165.932 223.758
148.98 230.962
2
147.717 204.445
0 0 0.83401 -0.551749
3
130.266 186.93
147.218 179.726
165.168 221.959
148.215 229.164
2
146.953 202.647
0 0 0.83401 -0.551749
3
129.501 185.132
146.454 177.927
164.404 220.161
147.451 227.366
2
146.188 200.849
0 0 0.83401 -0.551749
3
128.737 183.334
145.69 176.129
163.639 218.363
146.687 225.568
2
145.424 199.051
0 0 0.83401 -0.551749
3
127.973 181.536
144.926 174.331
162.875 216.565
145.923 223.77
2
144.66 197.253
0 0 0.83401 -0.551749
3
127.209 179.738
144.161 172.533
162.111 214.767
145.159 221.972
2
143.896 195.454
0 0 0.83401 -0.551749
3
126.445 177.94
143.397 170.735
161.347 212.969
144.394 220.174
2
143.132 193.656
0 0 0.83401 -0.551749
3
125.68 176.142
142.633 168.937
160.583 211.171
143.63 218.376
2
142.367 191.858
0 0 0.83401 -0.551749
3
124.916 174.344
141.869 167.139
159.818 209.373
142.866 216.578
2
141.603 190.06
0 0 0.83401 -0.551749
3
124.152 172.546
141.104 165.341
159.054 207.575
142.102 214.78
2
140.839 188.262
0 0 0.83401 -0.551749
3
123.388 170.748
140.34 163.543
158.29 205.777
141.338 212.982
2
140.075 186.464
0 0 0.83401 -0.551749
3
122.624 168.95
139.576 161.745
157.526 203.978
140.573 211.183
2
138.299 185.142
0 0 0.850685 -0.525675
3
119.798 168.74
136.272 160.5
156.8 201.543
140.326 209.783
2
138.443 182.932
0 0 0.83401 -0.551749
3
120.992 165.418
137.944 158.213
155.894 200.447
138.941 207.652
2
138.723 180.736
0 0 0.816537 -0.577294
3
122.389 162.175
139.755 156.033
155.057 199.296
137.691 205.439
2
139.139 178.561
0 0 0.79828 -0.602286
3
123.984 159.026
141.696 153.969
154.293 198.097
136.581 203.153
2
139.688 176.416
0 0 0.77926 -0.626701
3
125.771 155.981
143.762 152.03
153.605 196.852
135.614 200.803
2
140.369 174.31
0 0 0.759493 -0.650516
3
127.742 153.052
145.944 150.222
152.995 195.567
134.794 198.397
2
138.971 172.592
0 0 0.77926 -0.626701
3
125.054 152.157
143.045 148.206
152.888 193.028
134.897 196.979
2
137.47 170.965
0 0 0.79828 -0.602286
3
122.316 151.429
140.028 146.373
152.625 190.5
134.913 195.556
2
135.871 169.433
0 0 0.816537 -0.577294
3
119.537 150.872
136.903 144.73
152.206 187.993
134.84 194.136
2
134.181 168.003
0 0 0.83401 -0.551749
3
116.73 150.489
133.682 143.284
151.632 185.518
134.68 192.722
2
132.405 166.681
0 0 0.850685 -0.525675
3
113.904 150.279
130.378 142.039
150.906 183.082
134.432 191.322
2
130.551 165.471
0 0 0.866546 -0.499098
3
111.071 150.245
127.004 141.002
150.032 180.696
134.099 189.939
2
128.626 164.377
0 0 0.881576 -0.472043
3
108.241 150.386
123.572 140.175
149.011 178.369
133.68 188.58
2
126.636 163.406
0 0 0.895761 -0.444535
3
105.425 150.702
120.095 139.562
147.848 176.109
133.178 187.249
2
126.37 161.208
0 0 0.881576 -0.472043
3
105.985 147.216
121.316 137.005
146.755 175.199
131.424 185.41
2
126.24 158.997
0 0 0.866546 -0.499098
3
106.759 143.772
122.692 134.529
145.72 174.223
129.787 183.466
2
126.247 156.783
0 0 0.850685 -0.525675
3
107.745 140.382
124.22 132.142
144.748 173.185
128.273 181.424
2
126.39 154.574
0 0 0.83401 -0.551749
3
108.939 137.059
125.892 129.855
143.841 172.088
126.889 179.293
2
126.671 152.378
0 0 0.816537 -0.577294
3
110.336 133.817
127.702 127.675
143.005 170.938
125.639 177.081
2
127.086 150.203
0 0 0.79828 -0.602286
3
111.931 130.668
129.644 125.611
142.241 169.738
124.528 174.795
2
127.635 148.058
0 0 0.77926 -0.626701
3
113.718 127.623
131.709 123.672
141.552 168.494
123.561 172.445
2
127.216 146.15
0 0 0.77926 -0.626701
3
113.299 125.714
131.29 121.763
141.133 166.585
123.142 170.536
2
126.797 144.242
0 0 0.77926 -0.626701
3
112.88 123.806
130.871 119.855
140.714 164.677
122.723 168.628
2
126.378 142.333
0 0 0.77926 -0.626701
3
112.461 121.898
130.452 117.947
140.295 162.769
122.304 166.72
2
125.959 140.425
0 0 0.77926 -0.626701
3
112.042 119.989
130.033 116.039
139.876 160.86
121.885 164.811
2
125.54 138.517
0 0 0.77926 -0.626701
3
111.623 118.081
129.614 114.13
139.457 158.952
121.466 162.903
2
125.121 136.608
0 0 0.77926 -0.626701
3
111.204 116.173
129.195 112.222
139.038 157.044
121.047 160.995
2
124.702 134.7
0 0 0.77926 -0.626701
3
110.785 114.265
128.776 110.314
138.619 155.136
120.628 159.087
2
124.283 132.792
0 0 0.77926 -0.626701
3
110.366 112.356
128.357 108.405
138.2 153.227
120.209 157.178
2
123.864 130.884
0 0 0.77926 -0.626701
3
109.947 110.448
127.938 106.497
137.781 151.319
119.79 155.27
2
123.445 128.975
0 0 0.77926 -0.626701
3
109.527 108.54
127.519 104.589
137.362 149.411
119.37 153.362
2
123.026 127.067
0 0 0.77926 -0.626701
3
109.108 106.632
127.1 102.681
136.943 147.503
118.951 151.453
2
122.607 125.159
0 0 0.77926 -0.626701
3
108.689 104.723
126.681 100.772
136.524 145.594
118.532 149.545
2
122.187 123.25
0 0 0.77926 -0.626701
3
108.27 102.815
126.262 98.864
136.105 143.686
118.113 147.637
2
121.768 121.342
0 0 0.77926 -0.626701
3
107.851 100.907
125.843 96.9557
135.686 141.778
117.694 145.729
2
121.349 119.434
0 0 0.77926 -0.626701
3
107.432 98.9984
125.423 95.0474
135.266 139.869
117.275 143.82
2
120.93 117.526
0 0 0.77926 -0.626701
3
107.013 97.0901
125.004 93.1392
134.847 137.961
116.856 141.912
2
120.511 115.617
0 0 0.77926 -0.626701
3
106.594 95.1818
124.585 91.2309
134.428 136.053
116.437 140.004
2
120.092 113.709
0 0 0.77926 -0.626701
3
106.175 93.2735
124.166 89.3226
134.009 134.145
116.018 138.095
2
119.673 111.801
0 0 0.77926 -0.626701
3
105.756 91.3653
123.747 87.4143
133.59 132.236
115.599 136.187
2
119.254 109.892
0 0 0.77926 -0.626701
3
105.337 89.457
123.328 85.5061
133.171 130.328
115.18 134.279
2
118.835 107.984
0 0 0.77926 -0.626701
3
104.918 87.5487
122.909 83.5978
132.752 128.42
114.761 132.371
2
118.416 106.076
0 0 0.77926 -0.626701
3
104.499 85.6404
122.49 81.6895
132.333 126.511
114.342 130.462
2
117.997 104.168
0 0 0.77926 -0.626701
3
104.08 83.7321
122.071 79.7812
131.914 124.603
113.923 128.554
2
117.578 102.259
0 0 0.77926 -0.626701
3
103.661 81.8239
121.652 77.8729
131.495 122.695
113.504 126.646
2
117.159 100.351
0 0 0.77926 -0.626701
3
103.242 79.9156
121.233 75.9647
131.076 120.787
113.085 124.738
2
115.658 98.7235
0 0 0.79828 -0.602286
3
100.503 79.1881
118.215 74.1317
130.812 118.259
113.1 123.315
2
114.059 97.1918
0 0 0.816537 -0.577294
3
97.7248 78.6313
115.09 72.4889
130.393 115.752
113.027 121.895
2
112.368 95.762
0 0 0.83401 -0.551749
3
94.9174 78.2476
111.87 71.0426
129.82 113.276
112.867 120.481
2
110.593 94.4395
0 0 0.850685 -0.525675
3
92.0916 78.0382
108.566 69.7983
129.094 110.841
112.62 119.081
2
108.739 93.2294
0 0 0.866546 -0.499098
3
89.2583 78.004
105.191 68.7608
128.219 108.455
112.286 117.698
2
106.813 92.1363
0 0 0.881576 -0.472043
3
86.4284 78.1452
101.759 67.934
127.198 106.127
111.868 116.339
2
104.824 91.1644
0 0 0.895761 -0.444535
3
83.6125 78.4611
98.2821 67.3212
126.035 103.868
111.366 115.008
2
102.778 90.3175
0 0 0.909089 -0.416602
3
80.8216 78.9507
94.774 66.9246
124.735 101.684
110.783 113.71
2
100.684 89.5987
0 0 0.921546 -0.38827
3
78.0664 79.612
91.248 66.7457
123.302 99.5854
110.12 112.452
2
98.5496 89.0108
0 0 0.93312 -0.359566
3
75.3573 80.4424
87.7178 66.7854
121.742 97.5792
109.381 111.236
2
96.3827 88.5561
0 0 0.9438 -0.330517
3
72.7048 81.4389
84.1967 67.0433
120.061 95.6734
108.569 110.069
2
94.1918 88.2364
0 0 0.953576 -0.301152
3
70.119 82.5975
80.6984 67.5186
118.265 93.8752
107.685 108.954
2
91.9854 88.0527
0 0 0.962439 -0.271498
3
67.6099 83.9139
77.2362 68.2094
116.361 92.1916
106.735 107.896
2
90.9392 86.1014
0 0 0.953576 -0.301152
3
66.8664 80.4626
77.4458 65.3837
115.012 91.7403
104.433 106.819
2
90.0158 84.0891
0 0 0.9438 -0.330517
3
66.3379 76.9719
77.8299 62.5763
113.694 91.2064
102.202 105.602
2
89.2186 82.0236
0 0 0.93312 -0.359566
3
66.0264 73.4552
78.3869 59.7981
112.411 90.5919
100.05 104.249
2
88.5508 79.9126
0 0 0.921546 -0.38827
3
65.933 69.9259
79.1147 57.0597
111.169 89.8993
97.9869 102.766
2
88.0148 77.7644
0 0 0.909089 -0.416602
3
66.0581 66.3977
80.0105 54.3715
109.971 89.1312
96.019 101.157
2
85.9206 77.0456
0 0 0.921546 -0.38827
3
63.3029 67.0589
76.4845 54.1927
108.538 87.0323
95.3567 99.8986
2
83.786 76.4578
0 0 0.93312 -0.359566
3
60.5938 67.8894
72.9543 54.2323
106.978 85.0261
94.6178 98.6832
2
81.6192 76.0031
0 0 0.9438 -0.330517
3
57.9413 68.8858
69.4332 54.4903
105.297 83.1203
93.8051 97.5159
2
79.4283 75.6833
0 0 0.953576 -0.301152
3
55.3555 70.0445
65.9349 54.9656
103.501 81.3221
92.9217 96.401
2
77.2219 75.4997
0 0 0.962439 -0.271498
3
52.8463 71.3608
62.4726 55.6564
101.597 79.6385
91.9711 95.343
2
75.0083 75.4529
0 0 0.97038 -0.241584
3
50.4234 72.8299
59.0598 56.56
99.5932 78.0759
90.9569 94.3458
2
72.7961 75.5431
0 0 0.977391 -0.211439
3
48.096 74.4461
55.7093 57.6731
97.4962 76.6402
89.8828 93.4132
2
70.5937 75.7701
0 0 0.983466 -0.181091
3
45.8731 76.2031
52.4342 58.9913
95.3143 75.337
88.7532 92.5489
2
68.4095 76.1328
0 0 0.988599 -0.15057
3
43.763 78.0943
49.2468 60.5095
93.056 74.1713
87.5723 91.7561
2
66.252 76.63
0 0 0.992785 -0.119905
3
41.7741 80.1124
46.1595 62.2221
90.73 73.1475
86.3445 91.0379
