1
238.863 152.916 0.0385181
1
236.935 152.6 0.10042
1
235.03 152.166 0.162322
1
233.156 151.614 0.224224
1
231.319 150.948 0.286126
1
229.528 150.169 0.348028
1
227.787 149.281 0.409931
1
226.105 148.287 0.471833
1
224.488 147.191 0.533735
1
222.942 145.997 0.595637
1
221.472 144.71 0.657539
1
220.085 143.334 0.719441
1
218.786 141.875 0.781343
1
217.579 140.338 0.843245
1
216.47 138.73 0.905147
1
215.462 137.056 0.967049
1
214.56 135.323 1.02895
1
213.553 133.649 1.02895
1
212.545 131.975 1.02895
1
211.537 130.301 1.02895
1
210.53 128.627 1.02895
1
209.323 127.091 0.967049
1
208.024 125.631 0.905147
1
206.637 124.256 0.843245
1
205.167 122.968 0.781343
1
203.621 121.774 0.719441
1
202.004 120.678 0.657539
1
200.322 119.684 0.595637
1
198.704 118.588 0.595637
1
197.087 117.492 0.595637
1
195.47 116.396 0.595637
1
193.852 115.299 0.595637
1
192.235 114.203 0.595637
1
190.618 113.107 0.595637
1
189 112.011 0.595637
1
187.383 110.915 0.595637
1
185.766 109.819 0.595637
1
184.149 108.723 0.595637
1
182.531 107.627 0.595637
1
180.914 106.53 0.595637
1
179.297 105.434 0.595637
1
177.679 104.338 0.595637
1
176.062 103.242 0.595637
1
174.445 102.146 0.595637
1
172.828 101.05 0.595637
1
171.21 99.9537 0.595637
1
169.593 98.8576 0.595637
1
167.976 97.7615 0.595637
1
166.358 96.6653 0.595637
1
164.741 95.5692 0.595637
1
163.124 94.4731 0.595637
1
161.506 93.377 0.595637
1
159.889 92.2809 0.595637
1
158.272 91.1847 0.595637
1
156.655 90.0886 0.595637
1
155.037 88.9925 0.595637
1
153.42 87.8964 0.595637
1
151.803 86.8002 0.595637
1
150.185 85.7041 0.595637
1
148.568 84.608 0.595637
1
146.951 83.5119 0.595637
1
145.334 82.4157 0.595637
1
143.716 81.3196 0.595637
1
142.099 80.2235 0.595637
1
140.482 79.1274 0.595637
1
138.864 78.0313 0.595637
1
137.247 76.9351 0.595637
1
135.63 75.839 0.595637
1
134.012 74.7429 0.595637
1
132.395 73.6468 0.595637
1
130.926 72.3593 0.657539
1
129.244 71.3653 0.595637
1
127.503 70.4773 0.533735
1
125.711 69.6987 0.471833
1
123.875 69.0323 0.409931
1
122.001 68.4809 0.348028
1
120.096 68.0465 0.286126
1
118.168 67.7308 0.224224
1
116.224 67.5349 0.162322
1
114.271 67.4597 0.10042
1
112.318 67.5053 0.0385181
1
110.372 67.6718 6.2598
1
108.439 67.9583 6.1979
1
106.528 68.3638 6.136
1
104.645 68.8868 6.0741
1
102.799 69.5253 6.01219
1
100.995 70.2767 5.95029
1
99.2418 71.1383 5.88839
1
97.4383 71.8898 5.88839
1
95.6349 72.6412 5.88839
1
93.8314 73.3927 5.88839
1
92.0279 74.1441 5.88839
1
90.2245 74.8956 5.88839
1
88.421 75.647 5.88839
1
86.6176 76.3985 5.88839
1
84.8141 77.1499 5.88839
1
83.1172 78.1183 5.82649
1
81.4835 79.1898 5.76459
1
79.9193 80.3604 5.70268
1
78.4304 81.6254 5.64078
1
77.0226 82.9802 5.57888
1
75.7014 84.4194 5.51698
1
74.4717 85.9376 5.45507
1
73.3382 87.529 5.39317
1
72.3054 89.1875 5.33127
1
71.3772 90.9066 5.26937
1
70.5571 92.6799 5.20747
1
69.8483 94.5006 5.14556
1
69.2535 96.3616 5.08366
1
68.7749 98.2558 5.02176
1
68.4144 100.176 4.95986
1
68.1734 102.115 4.89796
1
68.0528 104.065 4.83605
1
68.0531 106.019 4.77415
1
67.9325 107.969 4.77415
1
68.0536 109.919 4.71225
1
68.2952 111.857 4.65035
1
68.6562 113.777 4.58845
1
69.1353 115.672 4.52654
1
69.7306 117.532 4.46464
1
70.44 119.353 4.40274
1
71.2606 121.126 4.34084
1
72.1893 122.845 4.27894
1
73.2225 124.503 4.21703
1
73.9318 126.323 4.27894
1
74.5272 128.184 4.34084
1
75.0063 130.078 4.40274
1
75.3673 131.998 4.46464
1
75.6088 133.937 4.52654
1
75.73 135.887 4.58845
1
75.7303 137.841 4.65035
1
76.0913 139.761 4.58845
1
76.5704 141.655 4.52654
1
77.1657 143.516 4.46464
1
77.875 145.336 4.40274
1
78.6956 147.11 4.34084
1
79.6243 148.828 4.27894
1
80.6576 150.487 4.21703
1
81.7915 152.078 4.15513
1
82.612 153.851 4.21703
1
83.3214 155.671 4.27894
1
83.9167 157.532 4.34084
1
84.3958 159.426 4.40274
1
84.7568 161.346 4.46464
1
84.9984 163.285 4.52654
1
85.1195 165.235 4.58845
1
85.1198 167.189 4.65035
1
84.9992 169.139 4.71225
1
84.9995 171.092 4.71225
1
84.9997 173.046 4.71225
1
85 175 4.71225
2
253.008 153.461
0 0 0.0192579 0.999815
3
276.29 145.141
275.581 163.548
229.725 161.78
230.435 143.374
2
251.019 154.019
0 0 0.050189 0.99874
3
274.772 147.156
272.925 165.483
227.266 160.882
229.113 142.555
2
248.999 154.453
0 0 0.081072 0.996708
3
273.131 149.072
270.154 167.25
224.868 159.834
227.844 141.656
2
246.957 154.762
0 0 0.111877 0.993722
3
271.375 150.884
267.28 168.843
222.538 158.639
226.634 140.68
2
244.899 154.943
0 0 0.142576 0.989784
3
269.511 152.583
264.312 170.255
220.287 157.303
225.486 139.631
2
242.834 154.997
0 0 0.173137 0.984898
3
267.544 154.164
261.262 171.48
218.124 155.829
224.406 138.514
2
240.77 154.923
0 0 0.203533 0.979068
3
265.484 155.62
258.143 172.514
216.055 154.225
223.396 137.331
2
238.714 154.721
0 0 0.233734 0.972301
3
263.338 156.946
254.966 173.354
214.09 152.496
222.462 136.088
2
236.674 154.393
0 0 0.263711 0.964602
3
261.114 158.137
251.742 173.995
212.235 150.648
221.606 134.79
2
234.659 153.939
0 0 0.293435 0.955979
3
258.82 159.188
248.486 174.435
210.498 148.69
220.832 133.442
2
232.676 153.361
0 0 0.322879 0.94644
3
256.466 160.094
245.208 174.674
208.886 146.627
220.144 132.048
2
230.732 152.661
0 0 0.352013 0.935995
3
254.06 160.854
241.922 174.709
207.404 144.469
219.542 130.614
2
228.835 151.843
0 0 0.380809 0.924654
3
251.611 161.463
238.639 174.541
206.059 142.223
219.031 129.146
2
226.993 150.909
0 0 0.409241 0.912426
3
249.13 161.919
235.374 174.169
204.855 139.899
218.611 127.649
2
225.212 149.863
0 0 0.437281 0.899325
3
246.626 162.222
232.138 173.597
203.798 137.504
218.285 126.128
2
223.499 148.708
0 0 0.464903 0.885362
3
244.107 162.368
228.943 172.826
202.89 135.048
218.054 124.591
2
221.86 147.45
0 0 0.492078 0.870551
3
241.584 162.359
225.803 171.858
202.136 132.542
217.918 123.042
2
220.853 145.776
0 0 0.492078 0.870551
3
240.576 160.685
224.795 170.184
201.129 130.868
216.91 121.368
2
219.845 144.102
0 0 0.492078 0.870551
3
239.569 159.011
223.787 168.51
200.121 129.194
215.903 119.694
2
218.837 142.428
0 0 0.492078 0.870551
3
238.561 157.337
222.78 166.837
199.113 127.52
214.895 118.02
2
217.83 140.755
0 0 0.492078 0.870551
3
237.554 155.663
221.772 165.163
198.106 125.846
213.887 116.346
2
217.359 138.743
0 0 0.464903 0.885362
3
237.968 152.403
222.804 162.861
196.751 125.083
211.915 114.626
2
216.766 136.765
0 0 0.437281 0.899325
3
238.18 149.123
223.692 160.499
195.352 124.406
209.839 113.03
2
216.05 134.827
0 0 0.409241 0.912426
3
238.188 145.837
224.432 158.087
193.913 123.816
207.669 111.566
2
215.217 132.937
0 0 0.380809 0.924654
3
237.993 142.556
225.021 155.634
192.441 123.317
205.413 110.239
2
214.268 131.102
0 0 0.352013 0.935995
3
237.596 139.294
225.457 153.149
190.94 122.909
203.078 109.054
2
213.207 129.329
0 0 0.322879 0.94644
3
236.997 136.063
225.739 150.642
189.417 122.595
200.675 108.016
2
212.039 127.625
0 0 0.293435 0.955979
3
236.2 132.874
225.865 148.122
187.878 122.376
198.212 107.128
2
210.422 126.529
0 0 0.293435 0.955979
3
234.582 131.778
224.248 147.026
186.261 121.28
196.595 106.032
2
208.804 125.433
0 0 0.293435 0.955979
3
232.965 130.682
222.631 145.93
184.644 120.184
194.978 104.936
2
207.187 124.337
0 0 0.293435 0.955979
3
231.348 129.586
221.014 144.834
183.026 119.088
193.361 103.84
2
205.57 123.241
0 0 0.293435 0.955979
3
229.731 128.49
219.396 143.738
181.409 117.992
191.743 102.744
2
203.952 122.145
0 0 0.293435 0.955979
3
228.113 127.394
217.779 142.642
179.792 116.896
190.126 101.648
2
202.335 121.049
0 0 0.293435 0.955979
3
226.496 126.298
216.162 141.546
178.174 115.8
188.509 100.552
2
200.718 119.953
0 0 0.293435 0.955979
3
224.879 125.202
214.544 140.449
176.557 114.704
186.891 99.4556
2
199.101 118.856
0 0 0.293435 0.955979
3
223.261 124.105
212.927 139.353
174.94 113.607
185.274 98.3595
2
197.483 117.76
0 0 0.293435 0.955979
3
221.644 123.009
211.31 138.257
173.322 112.511
183.657 97.2634
2
195.866 116.664
0 0 0.293435 0.955979
3
220.027 121.913
209.693 137.161
171.705 111.415
182.039 96.1672
2
194.249 115.568
0 0 0.293435 0.955979
3
218.409 120.817
208.075 136.065
170.088 110.319
180.422 95.0711
2
192.631 114.472
0 0 0.293435 0.955979
3
216.792 119.721
206.458 134.969
168.471 109.223
178.805 93.975
2
191.014 113.376
0 0 0.293435 0.955979
3
215.175 118.625
204.841 133.873
166.853 108.127
177.188 92.8789
2
189.397 112.28
0 0 0.293435 0.955979
3
213.558 117.529
203.223 132.777
165.236 107.031
175.57 91.7827
2
187.78 111.184
0 0 0.293435 0.955979
3
211.94 116.433
201.606 131.68
163.619 105.935
173.953 90.6866
2
186.162 110.087
0 0 0.293435 0.955979
3
210.323 115.336
199.989 130.584
162.001 104.838
172.336 89.5905
2
184.545 108.991
0 0 0.293435 0.955979
3
208.706 114.24
198.371 129.488
160.384 103.742
170.718 88.4944
2
182.928 107.895
0 0 0.293435 0.955979
3
207.088 113.144
196.754 128.392
158.767 102.646
169.101 87.3982
2
181.31 106.799
0 0 0.293435 0.955979
3
205.471 112.048
195.137 127.296
157.15 101.55
167.484 86.3021
2
179.693 105.703
0 0 0.293435 0.955979
3
203.854 110.952
193.52 126.2
155.532 100.454
165.867 85.206
2
178.076 104.607
0 0 0.293435 0.955979
3
202.237 109.856
191.902 125.104
153.915 99.3578
164.249 84.1099
2
176.458 103.511
0 0 0.293435 0.955979
3
200.619 108.76
190.285 124.008
152.298 98.2617
162.632 83.0138
2
174.841 102.415
0 0 0.293435 0.955979
3
199.002 107.664
188.668 122.911
150.68 97.1656
161.015 81.9176
2
173.224 101.318
0 0 0.293435 0.955979
3
197.385 106.567
187.05 121.815
149.063 96.0694
159.397 80.8215
2
171.607 100.222
0 0 0.293435 0.955979
3
195.767 105.471
185.433 120.719
147.446 94.9733
157.78 79.7254
2
169.989 99.1262
0 0 0.293435 0.955979
3
194.15 104.375
183.816 119.623
145.828 93.8772
156.163 78.6293
2
168.372 98.0301
0 0 0.293435 0.955979
3
192.533 103.279
182.199 118.527
144.211 92.7811
154.545 77.5331
2
166.755 96.9339
0 0 0.293435 0.955979
3
190.915 102.183
180.581 117.431
142.594 91.6849
152.928 76.437
2
165.137 95.8378
0 0 0.293435 0.955979
3
189.298 101.087
178.964 116.335
140.977 90.5888
151.311 75.3409
2
163.52 94.7417
0 0 0.293435 0.955979
3
187.681 99.9907
177.347 115.239
139.359 89.4927
149.694 74.2448
2
161.903 93.6456
0 0 0.293435 0.955979
3
186.064 98.8946
175.729 114.143
137.742 88.3966
148.076 73.1487
2
160.286 92.5495
0 0 0.293435 0.955979
3
184.446 97.7985
174.112 113.046
136.125 87.3004
146.459 72.0525
2
158.668 91.4533
0 0 0.293435 0.955979
3
182.829 96.7023
172.495 111.95
134.507 86.2043
144.842 70.9564
2
157.051 90.3572
0 0 0.293435 0.955979
3
181.212 95.6062
170.877 110.854
132.89 85.1082
143.224 69.8603
2
155.434 89.2611
0 0 0.293435 0.955979
3
179.594 94.5101
169.26 109.758
131.273 84.0121
141.607 68.7642
2
153.816 88.165
0 0 0.293435 0.955979
3
177.977 93.414
167.643 108.662
129.656 82.916
139.99 67.668
2
152.199 87.0688
0 0 0.293435 0.955979
3
176.36 92.3179
166.026 107.566
128.038 81.8198
138.372 66.5719
2
150.582 85.9727
0 0 0.293435 0.955979
3
174.743 91.2217
164.408 106.47
126.421 80.7237
136.755 65.4758
2
148.964 84.8766
0 0 0.293435 0.955979
3
173.125 90.1256
162.791 105.374
124.804 79.6276
135.138 64.3797
2
147.347 83.7805
0 0 0.293435 0.955979
3
171.508 89.0295
161.174 104.277
123.186 78.5315
133.521 63.2835
2
145.73 82.6844
0 0 0.293435 0.955979
3
169.891 87.9334
159.556 103.181
121.569 77.4353
131.903 62.1874
2
144.113 81.5882
0 0 0.293435 0.955979
3
168.273 86.8372
157.939 102.085
119.952 76.3392
130.286 61.0913
2
142.129 81.0104
0 0 0.322879 0.94644
3
165.919 87.744
154.661 102.323
118.339 74.2768
129.597 59.6974
2
140.961 79.3068
0 0 0.293435 0.955979
3
165.122 84.5558
154.788 99.8037
116.8 74.0578
127.134 58.8099
2
139.69 77.6787
0 0 0.263711 0.964602
3
164.129 81.423
154.758 97.281
115.25 73.9344
124.622 58.0764
2
138.32 76.1324
0 0 0.233734 0.972301
3
162.944 78.3577
154.572 94.765
113.696 73.9071
122.068 57.4998
2
136.857 74.6738
0 0 0.203533 0.979068
3
161.572 75.3715
154.23 92.2653
112.142 73.9761
119.484 57.0822
2
135.307 73.3084
0 0 0.173137 0.984898
3
160.017 72.4759
153.735 89.7915
110.596 74.141
116.879 56.8253
2
133.675 72.0416
0 0 0.142576 0.989784
3
158.287 69.682
153.088 87.3531
109.064 74.4012
114.262 56.7301
2
131.968 70.8781
0 0 0.111877 0.993722
3
156.387 67.0005
152.291 84.9594
107.55 74.7558
111.645 56.7969
2
130.193 69.8225
0 0 0.0810721 0.996708
3
154.324 64.4417
151.348 82.6196
106.061 75.2033
109.038 57.0254
2
128.355 68.8787
0 0 0.050189 0.99874
3
152.108 62.0154
150.261 80.3426
104.602 75.7421
106.449 57.4149
2
126.463 68.0504
0 0 0.0192579 0.999815
3
149.745 59.7308
149.036 78.1372
103.18 76.37
103.889 57.9637
2
124.523 67.3408
0 0 0.0116917 -0.999932
3
147.246 57.5968
147.677 76.0118
101.799 77.0848
101.369 58.6698
2
122.542 66.7525
0 0 0.0426301 -0.999091
3
144.62 55.6215
146.189 73.9746
100.465 77.8836
98.8963 59.5305
2
120.53 66.2879
0 0 0.0735276 -0.997293
3
141.876 53.8125
144.577 72.0333
99.1835 78.7634
96.482 60.5425
2
118.492 65.9487
0 0 0.104355 -0.99454
3
139.025 52.1766
142.849 70.1954
97.9584 79.7208
94.135 61.702
2
116.437 65.7362
0 0 0.135082 -0.990834
3
136.079 50.7202
141.01 68.468
96.7949 80.7521
91.8641 63.0044
2
114.373 65.6512
0 0 0.16568 -0.98618
3
133.049 49.4488
139.068 66.8576
95.6975 81.8535
89.6782 64.4448
2
112.308 65.694
0 0 0.196119 -0.98058
3
129.946 48.3674
137.03 65.3704
94.6703 83.0206
87.5856 66.0176
2
110.504 66.4455
0 0 0.196119 -0.98058
3
128.142 49.1188
135.227 66.1219
92.8668 83.7721
85.7821 66.7691
2
108.701 67.1969
0 0 0.196119 -0.98058
3
126.339 49.8703
133.423 66.8733
91.0634 84.5235
83.9787 67.5205
2
106.898 67.9484
0 0 0.196119 -0.98058
3
124.535 50.6217
131.62 67.6248
89.2599 85.275
82.1752 68.272
2
105.094 68.6998
0 0 0.196119 -0.98058
3
122.732 51.3732
129.816 68.3762
87.4565 86.0264
80.3718 69.0234
2
103.291 69.4513
0 0 0.196119 -0.98058
3
120.928 52.1246
128.013 69.1277
85.653 86.7779
78.5683 69.7749
2
101.487 70.2027
0 0 0.196119 -0.98058
3
119.125 52.8761
126.209 69.8791
83.8496 87.5293
76.7648 70.5263
2
99.6837 70.9542
0 0 0.196119 -0.98058
3
117.321 53.6275
124.406 70.6306
82.0461 88.2808
74.9614 71.2778
2
97.8802 71.7056
0 0 0.196119 -0.98058
3
115.518 54.379
122.603 71.382
80.2426 89.0322
73.1579 72.0292
2
95.8215 71.8761
0 0 0.22637 -0.974041
3
112.354 53.4916
120.476 70.0238
79.2896 90.2607
71.1666 73.7285
2
93.7774 72.1737
0 0 0.256404 -0.96657
3
109.14 52.8017
118.27 68.7997
78.4144 91.5457
69.2842 75.5477
2
91.7555 72.5972
0 0 0.286193 -0.958172
3
105.891 52.3118
115.993 67.7144
77.6203 92.8825
67.518 77.4799
2
89.7637 73.1449
0 0 0.315707 -0.948857
3
102.617 52.0239
113.653 66.7721
76.9105 94.2658
65.8747 79.5177
2
87.8096 73.8147
0 0 0.34492 -0.938632
3
99.3316 51.9391
111.259 65.9763
76.2876 95.6903
64.3606 81.6532
2
85.9007 74.6042
0 0 0.373801 -0.927509
3
96.0473 52.0578
108.82 65.3302
75.7541 97.1507
62.9815 83.8783
2
84.0443 75.5103
0 0 0.402325 -0.915497
3
92.7766 52.3793
106.346 64.8362
75.3119 98.6413
61.7427 86.1844
2
82.2474 76.5295
0 0 0.430464 -0.902608
3
89.5322 52.9026
103.846 64.4962
74.9627 100.156
60.6489 88.5628
2
80.5171 77.6578
0 0 0.45819 -0.888855
3
86.3263 53.6256
101.33 64.3114
74.7079 101.69
59.7043 91.0042
2
78.8599 78.8911
0 0 0.485477 -0.87425
3
83.1712 54.5455
98.8072 64.2827
74.5486 103.237
58.9126 93.4995
2
77.2822 80.2245
0 0 0.512299 -0.858807
3
80.0792 55.6588
96.2875 64.4101
74.4852 104.79
58.2768 96.0389
2
75.7899 81.653
0 0 0.53863 -0.842542
3
77.0619 56.9613
93.7806 64.6932
74.518 106.345
57.7993 98.6128
2
74.3889 83.171
0 0 0.564446 -0.82547
3
74.1309 58.4479
91.2959 65.1308
74.6469 107.894
57.4819 101.211
2
73.0845 84.7728
0 0 0.58972 -0.807608
3
71.2976 60.113
88.8431 65.7212
74.8714 109.433
57.3259 103.824
2
71.8817 86.4522
0 0 0.61443 -0.788971
3
68.5727 61.9502
86.4315 66.4622
75.1907 110.954
57.3319 106.442
2
70.7851 88.2029
0 0 0.638551 -0.769579
3
65.9666 63.9525
84.0704 67.3511
75.6035 112.453
57.4998 109.055
2
69.7989 90.018
0 0 0.662061 -0.74945
3
63.4895 66.1121
81.7688 68.3842
76.1082 113.924
57.8289 111.652
2
68.9268 91.8906
0 0 0.684936 -0.728603
3
61.1506 68.4209
79.5355 69.5578
76.703 115.36
58.3181 114.223
2
68.8062 93.8406
0 0 0.684936 -0.728603
3
61.03 70.3709
79.4149 71.5079
76.5824 117.31
58.1975 116.173
2
68.0517 95.7636
0 0 0.707156 -0.707058
3
58.8385 72.8199
77.2585 72.8173
77.2649 118.707
58.8449 118.71
2
67.4176 97.7296
0 0 0.728698 -0.684835
3
56.8027 75.3998
75.1872 74.2577
78.0325 120.059
59.6479 121.202
2
66.9063 99.7311
0 0 0.749542 -0.661957
3
54.9303 78.1007
73.209 75.8235
78.8822 121.361
60.6035 123.639
2
66.5198 101.76
0 0 0.769668 -0.638445
3
53.2287 80.9122
71.3315 77.5086
79.8109 122.608
61.7081 126.012
2
66.2595 103.81
0 0 0.789056 -0.614321
3
51.7042 83.8237
69.5618 79.3067
80.8149 123.796
62.9573 128.313
2
66.1266 105.871
0 0 0.807689 -0.589608
3
50.3627 86.8238
67.9067 81.2108
81.8905 124.918
64.3465 130.531
2
66.1214 107.937
0 0 0.825549 -0.564331
3
49.2094 89.9012
66.3725 83.2136
83.0334 125.972
65.8703 132.66
2
66.2441 109.999
0 0 0.842617 -0.538513
3
48.2487 93.0441
64.9653 85.3075
84.2394 126.954
67.5228 134.69
2
66.494 112.049
0 0 0.858878 -0.51218
3
47.4843 96.2403
63.6902 87.4845
85.5038 127.859
69.2978 136.614
2
67.9866 113.477
0 0 0.842617 -0.538513
3
49.9913 96.5227
66.7079 88.7861
85.982 130.432
69.2654 138.169
2
69.3881 114.995
0 0 0.825549 -0.564331
3
52.4761 96.9596
69.6392 90.272
86.3001 133.031
69.1369 139.718
2
70.6929 116.597
0 0 0.807689 -0.589608
3
54.9291 97.5493
72.473 91.9363
86.4568 135.644
68.9129 141.257
2
71.8962 118.276
0 0 0.789056 -0.614321
3
57.3408 98.2897
75.1984 93.7728
86.4516 138.262
68.594 142.779
2
72.9933 120.026
0 0 0.769668 -0.638445
3
59.7022 99.1779
77.805 95.7743
86.2844 140.874
68.1816 144.278
2
73.9801 121.841
0 0 0.749542 -0.661957
3
62.0041 100.21
80.2828 97.9332
85.956 143.471
67.6773 145.748
2
74.8526 123.713
0 0 0.728698 -0.684835
3
64.2377 101.383
82.6223 100.241
85.4675 146.043
67.083 147.185
2
74.3413 125.715
0 0 0.749542 -0.661957
3
62.3654 104.084
80.6441 101.807
86.3173 147.345
68.0386 149.622
2
73.9548 127.744
0 0 0.769668 -0.638445
3
60.6637 106.896
78.7665 103.492
87.246 148.592
69.1431 151.996
2
73.6946 129.793
0 0 0.789056 -0.614321
3
59.1392 109.807
76.9968 105.29
88.25 149.779
70.3924 154.296
2
73.5617 131.855
0 0 0.807689 -0.589608
3
57.7978 112.807
75.3417 107.194
89.3255 150.902
71.7816 156.515
2
73.5565 133.92
0 0 0.825549 -0.564331
3
56.6445 115.885
73.8076 109.197
90.4685 151.956
73.3054 158.644
2
73.6791 135.982
0 0 0.842617 -0.538513
3
55.6838 119.028
72.4003 111.291
91.6745 152.937
74.9579 160.674
2
73.9291 138.033
0 0 0.858878 -0.51218
3
54.9194 122.224
71.1253 113.468
92.9388 153.842
76.7329 162.598
2
74.3054 140.064
0 0 0.874317 -0.485355
3
54.3541 125.461
69.9873 115.72
94.2567 154.667
78.6235 164.409
2
75.8835 141.397
0 0 0.858878 -0.51218
3
56.8738 125.588
73.0797 116.832
94.8933 157.206
78.6874 165.962
2
77.3762 142.825
0 0 0.842617 -0.538513
3
59.3808 125.87
76.0974 118.134
95.3715 159.78
78.655 167.517
2
78.7776 144.343
0 0 0.825549 -0.564331
3
61.8656 126.307
79.0287 119.62
95.6896 162.378
78.5265 169.066
2
80.0825 145.944
0 0 0.807689 -0.589608
3
64.3186 126.897
81.8625 121.284
95.8463 164.992
78.3024 170.605
2
81.2857 147.623
0 0 0.789056 -0.614321
3
66.7304 127.637
84.5879 123.12
95.8411 167.609
77.9835 172.126
2
82.3828 149.374
0 0 0.769668 -0.638445
3
69.0917 128.526
87.1945 125.122
95.674 170.222
77.5711 173.625
2
83.3696 151.189
0 0 0.749542 -0.661957
3
71.3936 129.558
89.6723 127.281
95.3455 172.819
77.0668 175.096
2
84.2421 153.061
0 0 0.728698 -0.684835
3
73.6273 130.731
92.0118 129.589
94.857 175.391
76.4725 176.533
2
84.9972 154.984
0 0 0.707156 -0.707058
3
75.784 132.04
94.204 132.037
94.2104 177.927
75.7904 177.93
2
84.9975 156.938
0 0 0.707156 -0.707058
3
75.7843 133.994
94.2043 133.991
94.2107 179.881
75.7907 179.884
2
84.9978 158.891
0 0 0.707156 -0.707058
3
75.7846 135.948
94.2046 135.945
94.2109 181.835
75.7909 181.838
2
84.998 160.845
0 0 0.707156 -0.707058
3
75.7849 137.901
94.2049 137.899
94.2112 183.789
75.7912 183.791
