1
151.411 120.381 6.25755
1
153.364 120.331 6.25755
1
155.317 120.281 6.25755
1
157.27 120.231 6.25755
1
159.223 120.181 6.25755
1
161.176 120.131 6.25755
1
163.129 120.081 6.25755
1
165.082 120.031 6.25755
1
167.035 119.98 6.25755
1
168.98 120.172 0.0362679
1
170.932 120.243 0.0362679
1
172.885 120.314 0.0362679
1
174.837 120.384 0.0362679
1
176.79 120.455 0.0362679
1
178.742 120.526 0.0362679
1
180.695 120.597 0.0362679
1
182.647 120.668 0.0362679
1
184.6 120.739 0.0362679
1
186.552 120.81 0.0362679
1
188.504 120.88 0.0362679
1
190.457 120.951 0.0362679
1
192.409 121.022 0.0362679
1
194.338 121.334 0.09817
1
196.244 121.764 0.160072
1
198.12 122.311 0.221974
1
199.958 122.973 0.283876
1
201.751 123.748 0.345778
1
203.494 124.632 0.40768
1
205.178 125.622 0.469582
1
206.798 126.714 0.531484
1
208.347 127.905 0.593387
1
209.819 129.189 0.655289
1
211.209 130.562 0.717191
1
212.512 132.018 0.779093
1
213.722 133.552 0.840995
1
212.609 131.946 0.902897
1
211.598 130.275 0.964799
1
210.692 128.544 1.0267
1
209.895 126.76 1.0886
1
209.209 124.93 1.1505
1
208.638 123.062 1.21241
1
208.184 121.161 1.27431
1
207.849 119.237 1.33621
1
207.633 117.295 1.39811
1
207.537 115.344 1.46002
1
207.563 113.39 1.52192
1
207.709 111.442 1.58382
1
207.975 109.506 1.64572
1
208.361 107.591 1.70762
1
208.386 105.637 1.64572
1
208.772 103.722 1.70762
1
209.276 101.834 1.76953
1
209.895 99.9813 1.83143
1
210.628 98.1702 1.89333
1
211.471 96.4078 1.95523
1
212.204 94.5967 1.95523
1
212.936 92.7855 1.95523
1
213.669 90.9744 1.95523
1
214.402 89.1632 1.95523
1
215.135 87.3521 1.95523
1
215.638 85.4643 1.89333
1
216.024 83.549 1.83143
1
216.29 81.6135 1.76953
1
216.437 79.6652 1.70762
1
216.462 77.7117 1.64572
1
216.367 75.7602 1.58382
1
216.151 73.8185 1.52192
1
215.815 71.8938 1.46002
1
215.361 69.9935 1.39811
1
214.79 68.125 1.33621
1
214.105 66.2954 1.27431
1
213.307 64.5117 1.21241
1
212.401 62.7807 1.1505
1
211.39 61.1091 1.0886
1
210.277 59.5033 1.0267
1
209.067 57.9693 0.964799
1
207.765 56.5132 0.902897
1
206.374 55.1404 0.840995
1
204.902 53.8563 0.779093
1
203.353 52.6657 0.717191
1
201.733 51.5732 0.655289
1
200.049 50.583 0.593387
1
198.307 49.6989 0.531484
1
196.513 48.9243 0.469582
1
194.675 48.2621 0.40768
1
192.799 47.7149 0.345778
1
190.894 47.2848 0.283876
1
188.965 46.9734 0.221974
1
187.02 46.7819 0.160072
1
185.068 46.711 0.09817
1
183.115 46.7611 0.0362679
1
181.169 46.9319 6.25755
1
179.237 47.2228 6.19565
1
177.284 47.1519 6.25755
1
175.34 46.9605 0.0362679
1
173.387 46.8896 0.0362679
1
171.435 46.8188 0.0362679
1
169.482 46.7479 0.0362679
1
167.53 46.6771 0.0362679
1
165.577 46.6062 0.0362679
1
163.625 46.5354 0.0362679
1
161.672 46.4646 0.0362679
1
159.72 46.3937 0.0362679
1
157.768 46.3229 0.0362679
1
155.815 46.252 0.0362679
1
153.863 46.1812 0.0362679
1
151.91 46.1103 0.0362679
1
149.964 46.2811 6.25755
1
148.011 46.3312 6.25755
1
146.058 46.3813 6.25755
1
144.105 46.4314 6.25755
1
142.151 46.4814 6.25755
1
140.198 46.5315 6.25755
1
138.245 46.5816 6.25755
1
136.292 46.6317 6.25755
1
134.339 46.6818 6.25755
1
132.386 46.7318 6.25755
1
130.433 46.7819 6.25755
1
128.48 46.832 6.25755
1
126.527 46.8821 6.25755
1
124.573 46.9321 6.25755
1
122.62 46.9822 6.25755
1
120.667 47.0323 6.25755
1
118.714 47.0824 6.25755
1
116.761 47.1324 6.25755
1
114.808 47.1825 6.25755
1
112.855 47.2326 6.25755
1
110.902 47.2827 6.25755
1
108.949 47.3327 6.25755
1
106.995 47.3828 6.25755
1
105.042 47.4329 6.25755
1
103.089 47.483 6.25755
1
101.136 47.533 6.25755
1
99.183 47.5831 6.25755
1
97.2299 47.6332 6.25755
1
95.2768 47.6833 6.25755
1
93.3237 47.7333 6.25755
1
91.3706 47.7834 6.25755
1
89.4175 47.8335 6.25755
1
87.4643 47.8836 6.25755
1
85.5112 47.9336 6.25755
1
83.5581 47.9837 6.25755
1
81.605 48.0338 6.25755
1
79.6519 48.0839 6.25755
1
77.6988 48.1339 6.25755
1
75.7457 48.184 6.25755
1
73.7926 48.2341 6.25755
1
71.8395 48.2842 6.25755
1
69.8864 48.3342 6.25755
1
67.9333 48.3843 6.25755
1
65.9801 48.4344 6.25755
1
64.027 48.4845 6.25755
1
62.0739 48.5345 6.25755
1
60.1208 48.5846 6.25755
1
58.1677 48.6347 6.25755
1
56.2146 48.6848 6.25755
1
54.2615 48.7348 6.25755
1
52.3084 48.7849 6.25755
1
50.3553 48.835 6.25755
1
48.4233 49.1259 6.19565
1
46.513 49.5357 6.13375
1
44.6317 50.0629 6.07185
1
42.7215 50.4728 6.07185
1
44.5665 49.8302 6.00994
1
46.3683 49.0747 5.94804
1
48.1198 48.2092 5.88614
1
46.4252 49.1814 5.82424
1
44.7939 50.2566 5.76233
1
43.2322 51.4306 5.70043
1
41.7462 52.699 5.63853
1
40.3415 54.0569 5.57663
1
39.0235 55.4992 5.51473
1
37.7972 57.0201 5.45282
1
36.6674 58.6141 5.39092
1
35.6383 60.2748 5.32902
1
34.7139 61.9961 5.26712
1
33.8978 63.7712 5.20522
1
33.1931 65.5935 5.14331
1
32.377 67.3686 5.14331
1
31.7864 69.2309 5.08141
1
31.312 71.1262 5.01951
1
30.9559 73.0472 4.95761
1
30.7193 74.9866 4.89571
1
30.6031 76.9369 4.8338
1
30.6077 78.8906 4.7719
1
30.7332 80.8404 4.71
1
30.9791 82.7786 4.6481
1
31.3445 84.6979 4.5862
1
31.8278 86.5909 4.52429
1
32.4274 88.4504 4.46239
1
33.1408 90.2692 4.40049
1
33.9654 92.0404 4.33859
1
34.4487 93.9334 4.40049
1
34.8141 95.8527 4.46239
1
35.5275 97.6715 4.40049
1
36.3521 99.4428 4.33859
1
37.2846 101.16 4.27669
1
38.3216 102.815 4.21478
1
39.4591 104.404 4.15288
1
40.6926 105.919 4.09098
1
42.0175 107.355 4.02908
1
43.4287 108.706 3.96718
1
44.9207 109.967 3.90527
1
46.488 111.134 3.84337
1
48.1244 112.201 3.78147
1
49.8237 113.165 3.71957
1
51.4601 114.233 3.71957
1
53.0965 115.3 3.71957
1
54.5886 116.562 3.78147
1
55.9997 117.913 3.84337
1
57.3246 119.349 3.90527
1
58.5582 120.864 3.96718
1
59.6956 122.452 4.02908
1
60.7326 124.108 4.09098
1
61.6652 125.825 4.15288
1
62.4897 127.596 4.21478
1
63.2032 129.415 4.27669
1
63.8027 131.274 4.33859
1
64.2861 133.167 4.40049
1
64.6514 135.087 4.46239
1
64.8973 137.025 4.52429
1
65.0228 138.975 4.5862
1
65.0275 140.928 4.6481
1
64.9113 142.879 4.71
1
64.916 144.832 4.71
1
64.9206 146.786 4.71
1
64.9253 148.74 4.71
1
64.93 150.694 4.71
1
64.9346 152.647 4.71
1
64.9393 154.601 4.71
1
64.944 156.555 4.71
1
64.9486 158.509 4.71
1
64.9533 160.462 4.71
1
64.958 162.416 4.71
1
64.9626 164.37 4.71
1
64.9673 166.324 4.71
1
64.972 168.277 4.71
1
64.9767 170.231 4.71
1
64.9813 172.185 4.71
1
64.986 174.139 4.71
1
64.9907 176.092 4.71
1
64.9953 178.046 4.71
1
65 180 4.71
2
165.561 120.018
0 0 0.0128167 -0.999918
3
188.262 110.223
188.734 128.637
142.86 129.813
142.387 111.399
2
167.514 119.968
0 0 0.0128167 -0.999918
3
190.215 110.173
190.688 128.587
144.813 129.763
144.341 111.349
2
169.467 119.918
0 0 0.0128167 -0.999918
3
192.169 110.123
192.641 128.537
146.766 129.713
146.294 111.299
2
171.42 119.868
0 0 0.0128167 -0.999918
3
194.122 110.073
194.594 128.487
148.719 129.663
148.247 111.249
2
173.373 119.818
0 0 0.0128167 -0.999918
3
196.075 110.023
196.547 128.437
150.672 129.613
150.2 111.199
2
175.326 119.768
0 0 0.0128167 -0.999918
3
198.028 109.973
198.5 128.387
152.625 129.563
152.153 111.149
2
177.28 119.718
0 0 0.0128167 -0.999918
3
199.981 109.923
200.453 128.337
154.578 129.513
154.106 111.099
2
179.233 119.668
0 0 0.0128167 -0.999918
3
201.934 109.873
202.406 128.287
156.531 129.463
156.059 111.049
2
181.186 119.618
0 0 0.0128167 -0.999918
3
203.887 109.823
204.359 128.237
158.484 129.413
158.012 110.999
2
183.125 120.685
0 0 0.018133 0.999836
3
206.389 112.313
205.721 130.721
159.862 129.057
160.53 110.649
2
185.078 120.756
0 0 0.018133 0.999836
3
208.342 112.384
207.674 130.792
161.814 129.128
162.482 110.72
2
187.03 120.827
0 0 0.018133 0.999836
3
210.294 112.455
209.626 130.863
163.767 129.199
164.434 110.791
2
188.983 120.898
0 0 0.018133 0.999836
3
212.247 112.526
211.579 130.934
165.719 129.27
166.387 110.862
2
190.935 120.969
0 0 0.018133 0.999836
3
214.199 112.597
213.531 131.005
167.671 129.341
168.339 110.933
2
192.888 121.039
0 0 0.018133 0.999836
3
216.152 112.667
215.484 131.075
169.624 129.411
170.292 111.004
2
194.84 121.11
0 0 0.018133 0.999836
3
218.104 112.738
217.436 131.146
171.576 129.482
172.244 111.074
2
196.793 121.181
0 0 0.018133 0.999836
3
220.057 112.809
219.389 131.217
173.529 129.553
174.197 111.145
2
198.745 121.252
0 0 0.018133 0.999836
3
222.009 112.88
221.341 131.288
175.481 129.624
176.149 111.216
2
200.698 121.323
0 0 0.018133 0.999836
3
223.962 112.951
223.294 131.359
177.434 129.695
178.102 111.287
2
202.65 121.394
0 0 0.018133 0.999836
3
225.914 113.022
225.246 131.43
179.386 129.766
180.054 111.358
2
204.603 121.465
0 0 0.018133 0.999836
3
227.867 113.093
227.199 131.5
181.339 129.836
182.007 111.429
2
206.555 121.535
0 0 0.018133 0.999836
3
229.819 113.163
229.151 131.571
183.291 129.907
183.959 111.499
2
208.425 122.721
0 0 0.0490653 0.998796
3
232.162 115.804
230.357 134.135
184.688 129.638
186.493 111.306
2
210.218 124.02
0 0 0.0799506 0.996799
3
234.338 118.585
231.402 136.769
186.098 129.455
189.034 111.27
2
211.927 125.427
0 0 0.110759 0.993847
3
236.337 121.495
232.282 139.463
187.518 129.36
191.573 111.392
2
213.546 126.938
0 0 0.141462 0.989944
3
238.152 124.523
232.993 142.205
188.94 129.353
194.099 111.67
2
215.068 128.545
0 0 0.172029 0.985092
3
239.777 127.657
233.534 144.987
190.36 129.433
196.603 112.104
2
216.488 130.244
0 0 0.202431 0.979296
3
241.205 130.886
233.901 147.796
191.772 129.602
199.076 112.692
2
217.801 132.027
0 0 0.23264 0.972563
3
242.43 134.197
234.094 150.623
193.172 129.857
201.507 113.431
2
219 133.888
0 0 0.262626 0.964898
3
243.448 137.578
234.112 153.457
194.552 130.199
203.888 114.32
2
220.082 135.82
0 0 0.29236 0.956308
3
244.254 141.015
233.954 156.286
195.909 130.625
206.209 115.354
2
221.042 137.815
0 0 0.321814 0.946803
3
244.847 144.495
233.622 159.1
197.237 131.135
208.462 116.53
2
221.877 139.866
0 0 0.350959 0.936391
3
245.223 148.005
233.116 161.888
198.531 131.726
210.638 117.843
2
222.584 141.964
0 0 0.379769 0.925081
3
245.382 151.532
232.439 164.639
199.786 132.395
212.729 119.289
2
223.159 144.102
0 0 0.408215 0.912886
3
245.322 155.062
231.593 167.343
200.997 133.141
214.726 120.86
2
221.376 143.06
0 0 0.436269 0.899816
3
242.818 155.37
228.356 166.778
199.934 130.749
214.396 119.341
2
219.66 141.909
0 0 0.463906 0.885884
3
240.299 155.522
225.159 166.014
199.021 128.296
214.161 117.804
2
218.019 140.655
0 0 0.491099 0.871104
3
237.776 155.519
222.016 165.054
198.262 125.79
214.022 116.255
2
216.459 139.301
0 0 0.517821 0.855489
3
235.259 155.359
218.939 163.901
197.659 123.243
213.978 114.701
2
214.985 137.853
0 0 0.544047 0.839055
3
232.755 155.043
215.939 162.559
197.214 120.663
214.031 113.147
2
213.604 136.317
0 0 0.569752 0.821817
3
230.277 154.574
213.027 161.035
196.93 118.061
214.18 111.6
2
212.32 134.699
0 0 0.594911 0.803792
3
227.832 153.952
210.215 159.334
196.808 115.446
214.424 110.064
2
211.139 133.004
0 0 0.6195 0.784997
3
225.43 153.18
207.514 157.461
196.848 112.828
214.763 108.547
2
210.065 131.24
0 0 0.643496 0.76545
3
223.08 152.261
204.934 155.426
197.049 110.218
215.195 107.053
2
209.102 129.412
0 0 0.666875 0.745169
3
220.792 151.198
202.485 153.234
197.412 107.626
215.719 105.589
2
208.254 127.528
0 0 0.689616 0.724175
3
218.574 149.996
200.176 150.896
197.934 105.061
216.332 104.161
2
207.524 125.596
0 0 0.711696 0.702488
3
216.435 148.659
198.016 148.419
198.614 102.533
217.033 102.772
2
206.916 123.622
0 0 0.733094 0.680127
3
214.382 147.192
196.014 145.813
199.449 100.052
217.817 101.43
2
206.43 121.614
0 0 0.753791 0.657115
3
212.425 145.6
194.177 143.088
200.436 97.6269
218.684 100.139
2
207.327 119.753
0 0 0.733094 0.680127
3
214.794 143.323
196.425 141.944
199.86 96.1826
218.229 97.5615
2
206.841 117.745
0 0 0.753791 0.657115
3
212.836 141.732
194.588 139.219
200.847 93.758
219.095 96.2705
2
206.481 115.711
0 0 0.773765 0.633473
3
210.98 140.022
192.923 136.386
201.982 91.3991
220.04 95.0356
2
206.247 113.658
0 0 0.792998 0.609225
3
209.234 138.202
191.436 133.455
203.261 89.1148
221.059 93.8615
2
206.141 111.595
0 0 0.811471 0.584393
3
207.603 136.276
190.133 130.438
204.679 86.9141
222.149 92.7527
2
206.162 109.53
0 0 0.829167 0.559001
3
206.095 134.254
189.019 127.346
206.23 84.8053
223.305 91.7135
2
206.895 107.718
0 0 0.829167 0.559001
3
206.828 132.443
189.752 125.535
206.963 82.9942
224.038 89.9023
2
207.628 105.907
0 0 0.829167 0.559001
3
207.56 130.632
190.485 123.724
207.695 81.183
224.771 88.0912
2
208.361 104.096
0 0 0.829167 0.559001
3
208.293 128.821
191.218 121.912
208.428 79.3719
225.504 86.28
2
209.093 102.285
0 0 0.829167 0.559001
3
209.026 127.009
191.95 120.101
209.161 77.5607
226.236 84.4689
2
209.826 100.474
0 0 0.829167 0.559001
3
209.759 125.198
192.683 118.29
209.893 75.7496
226.969 82.6577
2
211.151 98.8894
0 0 0.811471 0.584393
3
212.614 123.571
195.143 117.732
209.689 74.2083
227.159 80.0468
2
212.376 97.226
0 0 0.792998 0.609225
3
215.362 121.769
197.565 117.023
209.39 72.6825
227.188 77.4292
2
213.496 95.4899
0 0 0.773765 0.633473
3
217.995 119.802
199.937 116.165
208.997 71.1782
227.054 74.8148
2
214.506 93.688
0 0 0.753791 0.657115
3
220.5 117.675
202.252 115.162
208.512 69.7011
226.759 72.2136
2
215.402 91.827
0 0 0.733094 0.680127
3
222.869 115.397
204.501 114.018
207.936 68.2569
226.304 69.6357
2
216.182 89.914
0 0 0.711696 0.702488
3
225.093 112.977
206.674 112.737
207.272 66.8511
225.69 67.0909
2
216.842 87.9566
0 0 0.689616 0.724175
3
227.162 110.424
208.764 111.324
206.522 65.489
224.92 64.589
2
217.38 85.962
0 0 0.666875 0.745169
3
229.07 107.748
210.763 109.785
205.69 64.1759
223.997 62.1395
2
217.793 83.938
0 0 0.643496 0.76545
3
230.809 104.959
212.662 108.124
204.777 62.9168
222.923 59.7518
2
218.08 81.8923
0 0 0.6195 0.784997
3
232.371 102.068
214.456 106.35
203.789 61.7166
221.705 57.435
2
218.24 79.8328
0 0 0.594911 0.803792
3
233.752 99.0859
216.136 104.468
202.728 60.5798
220.345 55.1981
2
218.273 77.7673
0 0 0.569752 0.821817
3
234.946 96.0239
217.696 102.485
201.599 59.5108
218.849 53.0496
2
218.177 75.7038
0 0 0.544047 0.839055
3
235.948 92.894
219.131 100.41
200.406 58.5136
217.223 50.9978
2
217.954 73.6502
0 0 0.517821 0.855489
3
236.754 89.7081
220.434 98.2499
199.154 57.5922
215.474 49.0505
2
217.605 71.6142
0 0 0.491099 0.871104
3
237.362 86.4784
221.602 96.0134
197.847 56.7501
213.607 47.2151
2
217.13 69.6038
0 0 0.463906 0.885884
3
237.769 83.2172
222.629 93.7089
196.491 55.9904
211.631 45.4987
2
216.531 67.6266
0 0 0.436269 0.899816
3
237.973 79.9372
223.511 91.3454
195.09 55.316
209.552 43.9078
2
215.812 65.6902
0 0 0.408215 0.912886
3
237.974 76.6508
224.246 88.9318
193.65 54.7297
207.378 42.4487
2
214.974 63.8021
0 0 0.379769 0.925081
3
237.772 73.3706
224.829 86.4774
192.176 54.2335
205.119 41.1267
2
214.021 61.9693
0 0 0.350959 0.936391
3
237.367 70.1092
225.26 83.9916
190.675 53.8294
202.782 39.9471
2
212.956 60.1991
0 0 0.321814 0.946803
3
236.761 66.8791
225.536 81.4838
189.151 53.519
200.376 38.9143
2
211.784 58.4981
0 0 0.29236 0.956308
3
235.957 63.6927
225.657 78.9638
187.612 53.3034
197.911 38.0323
2
210.509 56.8728
0 0 0.262626 0.964898
3
234.957 60.5622
225.621 76.4412
186.061 53.1835
195.397 37.3045
2
209.136 55.3296
0 0 0.23264 0.972563
3
233.765 57.4995
225.43 73.9256
184.507 53.1598
192.842 36.7336
2
207.67 53.8743
0 0 0.202431 0.979296
3
232.386 54.5164
225.083 71.4267
182.954 53.2322
190.257 36.3219
2
206.117 52.5124
0 0 0.172029 0.985092
3
230.825 51.6243
224.582 68.954
181.408 53.4006
187.651 36.0708
2
204.482 51.2493
0 0 0.141462 0.989944
3
229.088 48.8343
223.929 66.5171
179.876 53.6643
185.035 35.9815
2
202.772 50.0897
0 0 0.110759 0.993847
3
227.182 46.1571
223.127 64.1252
178.363 54.0222
182.418 36.0542
2
200.994 49.038
0 0 0.0799506 0.996799
3
225.114 43.603
222.178 61.7875
176.875 54.4731
179.811 36.2886
2
199.155 48.0984
0 0 0.0490653 0.998796
3
222.892 41.1816
221.087 59.5129
175.418 55.0152
177.223 36.6838
2
197.261 47.2744
0 0 0.018133 0.999836
3
220.524 38.9024
219.856 57.3103
173.997 55.6463
174.665 37.2384
2
195.319 46.5691
0 0 0.0128167 -0.999918
3
218.02 36.774
218.492 55.188
172.618 56.3642
172.145 37.9502
2
193.337 45.9853
0 0 0.0437541 -0.999042
3
215.389 34.8046
217 53.1541
171.285 57.166
169.675 38.8165
2
191.434 46.7891
0 0 0.0128167 -0.999918
3
214.136 36.994
214.608 55.408
168.733 56.5842
168.261 38.1703
2
189.485 47.4737
0 0 0.018133 0.999836
3
212.749 39.1018
212.081 57.5096
166.222 55.8457
166.889 37.4378
2
187.533 47.4029
0 0 0.018133 0.999836
3
210.797 39.0309
210.129 57.4388
164.269 55.7748
164.937 37.3669
2
185.581 47.332
0 0 0.018133 0.999836
3
208.844 38.9601
208.176 57.368
162.317 55.704
162.985 37.2961
2
183.628 47.2612
0 0 0.018133 0.999836
3
206.892 38.8892
206.224 57.2971
160.364 55.6331
161.032 37.2253
2
181.676 47.1903
0 0 0.018133 0.999836
3
204.939 38.8184
204.272 57.2263
158.412 55.5623
159.08 37.1544
2
179.723 47.1195
0 0 0.018133 0.999836
3
202.987 38.7475
202.319 57.1554
156.459 55.4915
157.127 37.0836
2
177.771 47.0487
0 0 0.018133 0.999836
3
201.034 38.6767
200.367 57.0846
154.507 55.4206
155.175 37.0127
2
175.818 46.9778
0 0 0.018133 0.999836
3
199.082 38.6059
198.414 57.0137
152.554 55.3498
153.222 36.9419
2
173.866 46.907
0 0 0.018133 0.999836
3
197.13 38.535
196.462 56.9429
150.602 55.2789
151.27 36.871
2
171.913 46.8361
0 0 0.018133 0.999836
3
195.177 38.4642
194.509 56.8721
148.649 55.2081
149.317 36.8002
2
169.961 46.7653
0 0 0.018133 0.999836
3
193.225 38.3933
192.557 56.8012
146.697 55.1372
147.365 36.7294
2
168.008 46.6944
0 0 0.018133 0.999836
3
191.272 38.3225
190.604 56.7304
144.744 55.0664
145.412 36.6585
2
166.056 46.6236
0 0 0.018133 0.999836
3
189.32 38.2516
188.652 56.6595
142.792 54.9956
143.46 36.5877
2
164.114 45.9183
0 0 0.0128167 -0.999918
3
186.816 36.1233
187.288 54.5372
141.413 55.7134
140.941 37.2995
2
162.161 45.9684
0 0 0.0128167 -0.999918
3
184.862 36.1733
185.335 54.5873
139.46 55.7635
138.988 37.3495
2
160.208 46.0185
0 0 0.0128167 -0.999918
3
182.909 36.2234
183.382 54.6374
137.507 55.8136
137.034 37.3996
2
158.255 46.0686
0 0 0.0128167 -0.999918
3
180.956 36.2735
181.428 54.6874
135.553 55.8636
135.081 37.4497
2
156.302 46.1186
0 0 0.0128167 -0.999918
3
179.003 36.3236
179.475 54.7375
133.6 55.9137
133.128 37.4998
2
154.349 46.1687
0 0 0.0128167 -0.999918
3
177.05 36.3736
177.522 54.7876
131.647 55.9638
131.175 37.5498
2
152.396 46.2188
0 0 0.0128167 -0.999918
3
175.097 36.4237
175.569 54.8377
129.694 56.0139
129.222 37.5999
2
150.442 46.2689
0 0 0.0128167 -0.999918
3
173.144 36.4738
173.616 54.8877
127.741 56.0639
127.269 37.65
2
148.489 46.3189
0 0 0.0128167 -0.999918
3
171.191 36.5239
171.663 54.9378
125.788 56.114
125.316 37.7001
2
146.536 46.369
0 0 0.0128167 -0.999918
3
169.238 36.5739
169.71 54.9879
123.835 56.1641
123.363 37.7502
2
144.583 46.4191
0 0 0.0128167 -0.999918
3
167.285 36.624
167.757 55.038
121.882 56.2142
121.41 37.8002
2
142.63 46.4692
0 0 0.0128167 -0.999918
3
165.331 36.6741
165.804 55.088
119.929 56.2643
119.456 37.8503
2
140.677 46.5192
0 0 0.0128167 -0.999918
3
163.378 36.7242
163.85 55.1381
117.975 56.3143
117.503 37.9004
2
138.724 46.5693
0 0 0.0128167 -0.999918
3
161.425 36.7742
161.897 55.1882
116.022 56.3644
115.55 37.9505
2
136.771 46.6194
0 0 0.0128167 -0.999918
3
159.472 36.8243
159.944 55.2383
114.069 56.4145
113.597 38.0005
2
134.818 46.6695
0 0 0.0128167 -0.999918
3
157.519 36.8744
157.991 55.2883
112.116 56.4646
111.644 38.0506
2
132.864 46.7195
0 0 0.0128167 -0.999918
3
155.566 36.9245
156.038 55.3384
110.163 56.5146
109.691 38.1007
2
130.911 46.7696
0 0 0.0128167 -0.999918
3
153.613 36.9745
154.085 55.3885
108.21 56.5647
107.738 38.1508
2
128.958 46.8197
0 0 0.0128167 -0.999918
3
151.66 37.0246
152.132 55.4386
106.257 56.6148
105.785 38.2008
2
127.005 46.8698
0 0 0.0128167 -0.999918
3
149.707 37.0747
150.179 55.4886
104.304 56.6649
103.832 38.2509
2
125.052 46.9198
0 0 0.0128167 -0.999918
3
147.753 37.1248
148.226 55.5387
102.351 56.7149
101.878 38.301
2
123.099 46.9699
0 0 0.0128167 -0.999918
3
145.8 37.1748
146.272 55.5888
100.398 56.765
99.9254 38.3511
2
121.146 47.02
0 0 0.0128167 -0.999918
3
143.847 37.2249
144.319 55.6389
98.4444 56.8151
97.9723 38.4011
2
119.193 47.0701
0 0 0.0128167 -0.999918
3
141.894 37.275
142.366 55.6889
96.4913 56.8652
96.0192 38.4512
2
117.24 47.1201
0 0 0.0128167 -0.999918
3
139.941 37.3251
140.413 55.739
94.5382 56.9152
94.066 38.5013
2
115.286 47.1702
0 0 0.0128167 -0.999918
3
137.988 37.3751
138.46 55.7891
92.5851 56.9653
92.1129 38.5514
2
113.333 47.2203
0 0 0.0128167 -0.999918
3
136.035 37.4252
136.507 55.8392
90.632 57.0154
90.1598 38.6014
2
111.38 47.2704
0 0 0.0128167 -0.999918
3
134.082 37.4753
134.554 55.8892
88.6788 57.0655
88.2067 38.6515
2
109.427 47.3204
0 0 0.0128167 -0.999918
3
132.129 37.5254
132.601 55.9393
86.7257 57.1155
86.2536 38.7016
2
107.474 47.3705
0 0 0.0128167 -0.999918
3
130.175 37.5754
130.648 55.9894
84.7726 57.1656
84.3005 38.7517
2
105.521 47.4206
0 0 0.0128167 -0.999918
3
128.222 37.6255
128.694 56.0395
82.8195 57.2157
82.3474 38.8017
2
103.568 47.4707
0 0 0.0128167 -0.999918
3
126.269 37.6756
126.741 56.0895
80.8664 57.2658
80.3943 38.8518
2
101.615 47.5208
0 0 0.0128167 -0.999918
3
124.316 37.7257
124.788 56.1396
78.9133 57.3158
78.4412 38.9019
2
99.6616 47.5708
0 0 0.0128167 -0.999918
3
122.363 37.7757
122.835 56.1897
76.9602 57.3659
76.4881 38.952
2
97.7085 47.6209
0 0 0.0128167 -0.999918
3
120.41 37.8258
120.882 56.2398
75.0071 57.416
74.535 39.002
2
95.7554 47.671
0 0 0.0128167 -0.999918
3
118.457 37.8759
118.929 56.2898
73.054 57.4661
72.5818 39.0521
2
93.8023 47.7211
0 0 0.0128167 -0.999918
3
116.504 37.926
116.976 56.3399
71.1009 57.5161
70.6287 39.1022
2
91.8492 47.7711
0 0 0.0128167 -0.999918
3
114.551 37.976
115.023 56.39
69.1478 57.5662
68.6756 39.1523
2
89.896 47.8212
0 0 0.0128167 -0.999918
3
112.597 38.0261
113.07 56.4401
67.1946 57.6163
66.7225 39.2023
2
87.9429 47.8713
0 0 0.0128167 -0.999918
3
110.644 38.0762
111.116 56.4901
65.2415 57.6664
64.7694 39.2524
2
85.9898 47.9214
0 0 0.0128167 -0.999918
3
108.691 38.1263
109.163 56.5402
63.2884 57.7164
62.8163 39.3025
2
84.0367 47.9714
0 0 0.0128167 -0.999918
3
106.738 38.1763
107.21 56.5903
61.3353 57.7665
60.8632 39.3526
2
82.0836 48.0215
0 0 0.0128167 -0.999918
3
104.785 38.2264
105.257 56.6404
59.3822 57.8166
58.9101 39.4026
2
80.1305 48.0716
0 0 0.0128167 -0.999918
3
102.832 38.2765
103.304 56.6904
57.4291 57.8667
56.957 39.4527
2
78.1774 48.1217
0 0 0.0128167 -0.999918
3
100.879 38.3266
101.351 56.7405
55.476 57.9167
55.0039 39.5028
2
76.2243 48.1717
0 0 0.0128167 -0.999918
3
98.9257 38.3767
99.3978 56.7906
53.5229 57.9668
53.0507 39.5529
2
74.2712 48.2218
0 0 0.0128167 -0.999918
3
96.9726 38.4267
97.4447 56.8407
51.5698 58.0169
51.0976 39.6029
2
72.3181 48.2719
0 0 0.0128167 -0.999918
3
95.0194 38.4768
95.4916 56.8907
49.6167 58.067
49.1445 39.653
2
70.3649 48.322
0 0 0.0128167 -0.999918
3
93.0663 38.5269
93.5385 56.9408
47.6635 58.117
47.1914 39.7031
2
68.4118 48.372
0 0 0.0128167 -0.999918
3
91.1132 38.577
91.5854 56.9909
45.7104 58.1671
45.2383 39.7532
2
66.4587 48.4221
0 0 0.0128167 -0.999918
3
89.1601 38.627
89.6322 57.041
43.7573 58.2172
43.2852 39.8032
2
64.5056 48.4722
0 0 0.0128167 -0.999918
3
87.207 38.6771
87.6791 57.0911
41.8042 58.2673
41.3321 39.8533
2
62.5241 47.8884
0 0 0.0437541 -0.999042
3
84.5761 36.7077
86.1864 55.0572
40.4721 59.0691
38.8618 40.7196
2
60.5102 47.4283
0 0 0.0746496 -0.99721
3
81.8283 34.9048
84.5707 53.1195
39.1922 59.9517
36.4498 41.737
2
58.4718 47.0936
0 0 0.105474 -0.994422
3
78.9743 33.2754
82.8383 51.2855
37.9693 60.9119
34.1053 42.9017
2
56.5615 47.5035
0 0 0.105474 -0.994422
3
77.064 33.6852
80.928 51.6954
36.059 61.3218
32.195 43.3116
2
58.1964 46.0104
0 0 0.136197 -0.990682
3
77.8048 30.9503
82.7755 48.6869
38.588 61.0705
33.6172 43.3339
2
59.7357 44.419
0 0 0.166789 -0.985993
3
78.3749 28.1747
84.4333 45.5699
41.0965 60.6633
35.0381 43.2682
2
61.1737 42.7355
0 0 0.197222 -0.980359
3
78.7723 25.3692
85.8952 42.3563
43.5751 60.1017
36.4522 43.1147
2
59.1154 42.9106
0 0 0.227466 -0.973786
3
75.6059 24.4889
83.7661 41.0028
42.6248 61.3323
34.4647 44.8185
2
57.0719 43.2128
0 0 0.257491 -0.966281
3
72.3912 23.8062
81.5573 39.7837
41.7525 62.6194
32.5864 46.6419
2
55.051 43.6408
0 0 0.287271 -0.957849
3
69.1404 23.3237
79.2774 38.7035
40.9615 63.9579
30.8245 48.5781
2
53.0604 44.193
0 0 0.316775 -0.948501
3
65.866 23.0432
76.935 37.7664
40.2548 65.3428
29.1858 50.6195
2
51.1078 44.8673
0 0 0.345976 -0.938244
3
62.5805 22.9658
74.5391 36.9761
39.6351 66.7687
27.6765 52.7584
2
49.2007 45.661
0 0 0.374845 -0.927088
3
59.2965 23.0918
72.0989 36.3355
39.1048 68.2303
26.3024 54.9866
2
47.3463 46.5713
0 0 0.403355 -0.915044
3
56.0266 23.4207
69.6238 35.847
38.666 69.7218
25.0688 57.2955
2
45.5518 47.5945
0 0 0.431479 -0.902123
3
52.7833 23.9513
67.1232 35.5126
38.3202 71.2377
23.9804 59.6764
2
43.824 48.7267
0 0 0.459189 -0.888338
3
49.5791 24.6815
64.6067 35.3336
38.0689 72.772
23.0413 62.1199
2
42.1696 49.9637
0 0 0.48646 -0.873703
3
46.4261 25.6085
62.0839 35.3105
37.913 74.319
22.2552 64.6169
2
40.5948 51.3007
0 0 0.513265 -0.85823
3
43.3365 26.7288
59.5645 35.4436
37.8531 75.8726
21.6251 67.1578
2
39.1058 52.7325
0 0 0.539578 -0.841936
3
40.3222 28.038
57.0582 35.7323
37.8894 77.427
21.1534 69.7327
2
38.2897 54.5076
0 0 0.539578 -0.841936
3
39.5061 29.8132
56.2421 37.5074
37.0733 79.2021
20.3373 71.5079
2
36.8921 56.0288
0 0 0.565374 -0.824835
3
36.5785 31.3064
53.7585 37.9506
37.2057 80.7513
20.0258 74.1071
2
35.5913 57.6336
0 0 0.590629 -0.806944
3
33.7489 32.9779
51.307 38.5465
37.4337 82.2892
19.8756 76.7206
2
34.3923 59.3157
0 0 0.615317 -0.788279
3
31.0281 34.8212
48.8971 39.293
37.7564 83.8102
19.8875 79.3384
2
33.2996 61.0688
0 0 0.639417 -0.76886
3
28.4266 36.8293
46.538 40.1871
38.1726 85.3082
20.0612 81.9504
2
32.3175 62.8861
0 0 0.662904 -0.748705
3
25.9543 38.9945
44.2387 41.2255
38.6806 86.7777
20.3962 84.5467
2
31.4496 64.7607
0 0 0.685756 -0.727832
3
23.6207 41.3085
42.008 42.4041
39.2786 88.2129
20.8912 87.1173
2
30.6994 66.6854
0 0 0.707951 -0.706262
3
21.4346 43.7625
39.8546 43.7185
39.9642 89.6083
21.5443 89.6523
2
30.0697 68.6528
0 0 0.729468 -0.684015
3
19.4046 46.3469
37.7866 45.1635
40.7348 90.9587
22.3529 92.1421
2
29.5629 70.6554
0 0 0.750286 -0.661113
3
17.5384 49.052
35.8119 46.7337
41.5875 92.2588
23.314 94.5771
2
29.181 72.6855
0 0 0.770386 -0.637578
3
15.843 51.8674
33.9381 48.4231
42.519 93.5037
24.4239 96.948
2
28.9254 74.7354
0 0 0.789747 -0.613432
3
14.3251 54.7823
32.1725 50.2251
43.5257 94.6885
25.6783 99.2457
2
28.7971 76.7971
0 0 0.808352 -0.588699
3
12.9904 57.7854
30.5217 52.1329
44.6038 95.8089
27.0725 101.461
2
28.7966 78.8629
0 0 0.826183 -0.563402
3
11.844 60.8654
28.9921 54.1392
45.7491 96.8603
28.6011 103.587
2
30.105 80.4614
0 0 0.808352 -0.588699
3
14.2983 61.4497
31.8296 55.7972
45.9117 99.4731
28.3804 105.126
2
31.3121 82.1377
0 0 0.789747 -0.613432
3
16.7118 62.1846
34.5592 57.6275
45.9124 102.091
28.065 106.648
2
31.1838 84.1995
0 0 0.808352 -0.588699
3
15.3771 65.1878
32.9084 59.5353
46.9905 103.211
29.4592 108.864
2
31.1833 86.2652
0 0 0.826183 -0.563402
3
14.2307 68.2678
31.3788 61.5416
48.1358 104.263
30.9878 110.989
2
31.3105 88.327
0 0 0.843222 -0.537565
3
13.2771 71.4128
29.9762 63.6386
49.344 105.241
32.6449 113.015
2
31.5651 90.377
0 0 0.859454 -0.511213
3
12.5199 74.6107
28.706 65.8185
50.6104 106.143
34.4242 114.936
2
31.946 92.4073
0 0 0.874862 -0.484371
3
11.9619 77.8494
27.5732 68.0727
51.9301 106.965
36.3189 116.742
2
32.4518 94.4102
0 0 0.889433 -0.457066
3
11.6054 81.1165
26.5819 70.3927
53.2982 107.704
38.3217 118.428
2
33.0805 96.3779
0 0 0.903151 -0.429322
3
11.4516 84.3993
25.7361 72.7695
54.7094 108.357
40.4249 119.986
2
33.8298 98.303
0 0 0.916005 -0.401168
3
11.5013 87.6853
25.0389 75.1942
56.1582 108.921
42.6206 121.412
2
34.6966 100.178
0 0 0.92798 -0.372629
3
11.7541 90.962
24.4931 77.6573
57.6392 109.394
44.9002 122.699
2
35.6779 101.996
0 0 0.939067 -0.343733
3
12.2091 94.2167
24.1006 80.1495
59.1466 109.775
47.2551 123.842
2
36.7697 103.749
0 0 0.949255 -0.314508
3
12.8646 97.4371
23.8631 82.6611
60.6747 110.062
49.6762 124.838
2
37.9679 105.432
0 0 0.958533 -0.284982
3
13.7181 100.611
23.7815 85.1827
62.2176 110.254
52.1542 125.682
2
39.6043 106.5
0 0 0.958533 -0.284982
3
15.3545 101.678
25.4179 86.2501
63.854 111.321
53.7906 126.749
2
41.2407 107.567
0 0 0.958533 -0.284982
3
16.9909 102.746
27.0543 87.3175
65.4904 112.388
55.427 127.817
2
43.2338 108.11
0 0 0.949255 -0.314508
3
19.3288 101.797
30.3273 87.0213
67.1389 114.422
56.1404 129.198
2
45.1896 108.775
0 0 0.939067 -0.343733
3
21.7209 100.995
33.6124 86.9282
68.6584 116.554
56.7669 130.621
2
47.1005 109.559
0 0 0.92798 -0.372629
3
24.158 100.343
36.897 87.0385
70.0431 118.775
57.3041 132.08
2
48.9593 110.461
0 0 0.916005 -0.401168
3
26.6308 99.8429
40.1684 87.3518
71.2877 121.078
57.7501 133.569
2
50.7586 111.475
0 0 0.903151 -0.429322
3
29.1298 99.4966
43.4142 87.8669
72.3875 123.454
58.1031 135.084
2
52.4918 112.599
0 0 0.889433 -0.457066
3
31.6454 99.3055
46.6219 88.5817
73.3382 125.893
58.3617 136.617
2
54.1521 113.828
0 0 0.874862 -0.484371
3
34.168 99.2704
49.7793 89.4937
74.1362 128.386
58.525 138.163
2
55.7332 115.158
0 0 0.859454 -0.511213
3
36.688 99.3915
52.8742 90.5992
74.7785 130.924
58.5923 139.716
2
57.2291 116.582
0 0 0.843222 -0.537565
3
39.1956 99.6682
55.8947 91.894
75.2625 133.497
58.5634 141.271
2
58.6339 118.097
0 0 0.826183 -0.563402
3
41.6814 100.099
58.8294 93.3733
75.5864 136.094
58.4384 142.821
2
59.9424 119.695
0 0 0.808352 -0.588699
3
44.1357 100.684
61.6669 95.0312
75.7491 138.707
58.2178 144.36
2
61.1494 121.372
0 0 0.789747 -0.613432
3
46.5491 101.419
64.3965 96.8615
75.7497 141.325
57.9024 145.882
2
62.2505 123.12
0 0 0.770386 -0.637578
3
48.9125 102.302
67.0076 98.8572
75.5885 143.938
57.4934 147.382
2
63.2413 124.932
0 0 0.750286 -0.661113
3
51.2167 103.329
69.4902 101.011
75.2659 146.536
56.9924 148.854
2
64.1181 126.803
0 0 0.729468 -0.684015
3
53.453 104.497
71.8349 103.313
74.7832 149.109
56.4012 150.292
2
64.8775 128.724
0 0 0.707951 -0.706262
3
55.6127 105.801
74.0326 105.757
74.1423 151.647
55.7223 151.691
2
64.8821 130.678
0 0 0.707951 -0.706262
3
55.6174 107.755
74.0373 107.711
74.1469 153.6
55.727 153.644
2
64.8868 132.631
0 0 0.707951 -0.706262
3
55.622 109.708
74.042 109.664
74.1516 155.554
55.7316 155.598
2
64.8915 134.585
0 0 0.707951 -0.706262
3
55.6267 111.662
74.0466 111.618
74.1563 157.508
55.7363 157.552
2
64.8961 136.539
0 0 0.707951 -0.706262
3
55.6314 113.616
74.0513 113.572
74.1609 159.462
55.741 159.506
2
64.9008 138.493
0 0 0.707951 -0.706262
3
55.636 115.57
74.056 115.526
74.1656 161.415
55.7457 161.459
2
64.9055 140.446
0 0 0.707951 -0.706262
3
55.6407 117.523
74.0606 117.479
74.1703 163.369
55.7503 163.413
2
64.9102 142.4
0 0 0.707951 -0.706262
3
55.6454 119.477
74.0653 119.433
74.1749 165.323
55.755 165.367
2
64.9148 144.354
0 0 0.707951 -0.706262
3
55.65 121.431
74.07 121.387
74.1796 167.277
55.7597 167.321
2
64.9195 146.308
0 0 0.707951 -0.706262
3
55.6547 123.385
74.0747 123.341
74.1843 169.23
55.7643 169.274
2
64.9242 148.261
0 0 0.707951 -0.706262
3
55.6594 125.338
74.0793 125.294
74.1889 171.184
55.769 171.228
2
64.9288 150.215
0 0 0.707951 -0.706262
3
55.664 127.292
74.084 127.248
74.1936 173.138
55.7737 173.182
2
64.9335 152.169
0 0 0.707951 -0.706262
3
55.6687 129.246
74.0887 129.202
74.1983 175.092
55.7783 175.136
2
64.9382 154.123
0 0 0.707951 -0.706262
3
55.6734 131.2
74.0933 131.156
74.203 177.045
55.783 177.089
2
64.9428 156.076
0 0 0.707951 -0.706262
3
55.6781 133.153
74.098 133.109
74.2076 178.999
55.7877 179.043
2
64.9475 158.03
0 0 0.707951 -0.706262
3
55.6827 135.107
74.1027 135.063
74.2123 180.953
55.7923 180.997
2
64.9522 159.984
0 0 0.707951 -0.706262
3
55.6874 137.061
74.1073 137.017
74.217 182.907
55.797 182.951
2
64.9568 161.938
0 0 0.707951 -0.706262
3
55.6921 139.015
74.112 138.971
74.2216 184.86
55.8017 184.904
2
64.9615 163.891
0 0 0.707951 -0.706262
3
55.6967 140.968
74.1167 140.924
74.2263 186.814
55.8064 186.858
2
64.9662 165.845
0 0 0.707951 -0.706262
3
55.7014 142.922
74.1213 142.878
74.231 188.768
55.811 188.812
