1
82.8404 169.701 5.92253
1
84.6684 169.012 5.92253
1
86.4965 168.322 5.92253
1
88.3246 167.633 5.92253
1
90.1526 166.943 5.92253
1
91.9807 166.254 5.92253
1
93.8087 165.564 5.92253
1
95.5376 164.654 5.86062
1
97.207 163.639 5.79872
1
99.035 162.95 5.86062
1
100.902 162.375 5.92253
1
102.801 161.916 5.98443
1
104.725 161.576 6.04633
1
106.667 161.356 6.10823
1
108.618 161.256 6.17013
1
110.517 160.797 6.10823
1
112.384 160.222 6.04633
1
114.212 159.533 5.98443
1
115.994 158.732 5.92253
1
117.893 158.273 5.98443
1
119.817 157.933 6.04633
1
121.759 157.713 6.10823
1
123.626 157.138 6.04633
1
125.454 156.448 5.98443
1
127.236 155.647 5.92253
1
128.965 154.737 5.86062
1
130.634 153.722 5.79872
1
132.462 153.033 5.86062
1
134.329 152.458 5.92253
1
136.228 151.999 5.98443
1
138.152 151.659 6.04633
1
139.98 150.97 5.98443
1
141.848 150.394 5.98443
1
143.715 149.819 5.98443
1
145.582 149.244 5.98443
1
147.449 148.669 5.98443
1
149.316 148.094 5.98443
1
151.184 147.519 5.98443
1
153.051 146.944 5.98443
1
154.918 146.369 5.98443
1
156.785 145.794 5.98443
1
158.652 145.219 5.98443
1
160.52 144.644 5.98443
1
162.387 144.069 5.98443
1
164.311 143.729 6.04633
1
166.252 143.508 6.10823
1
168.203 143.408 6.17013
1
170.102 142.95 6.10823
1
171.97 142.375 6.04633
1
173.798 141.686 5.98443
1
175.58 140.884 5.92253
1
177.309 139.974 5.86062
1
178.978 138.959 5.79872
1
180.581 137.843 5.73682
1
182.363 137.042 5.79872
1
184.191 136.352 5.86062
1
185.86 135.337 5.79872
1
187.689 134.647 5.86062
1
189.556 134.072 5.92253
1
191.455 133.614 5.98443
1
193.379 133.274 6.04633
1
195.207 132.584 5.98443
1
196.989 131.783 5.92253
1
198.718 130.873 5.86062
1
200.387 129.858 5.79872
1
202.215 129.169 5.86062
1
204.082 128.594 5.92253
1
205.981 128.135 5.98443
1
207.905 127.795 6.04633
1
209.733 127.106 5.98443
1
211.515 126.304 5.92253
1
213.244 125.395 5.86062
1
214.914 124.379 5.79872
1
216.742 123.69 5.86062
1
218.609 123.115 5.92253
1
220.508 122.656 5.98443
1
222.432 122.316 6.04633
1
224.26 121.627 5.98443
1
226.042 120.826 5.92253
1
227.771 119.916 5.86062
1
229.44 118.901 5.79872
1
231.044 117.784 5.73682
1
232.575 116.571 5.67492
1
234.304 115.661 5.73682
1
236.086 114.859 5.79872
1
237.914 114.17 5.86062
1
239.781 113.595 5.92253
1
241.68 113.137 5.98443
1
243.604 112.796 6.04633
1
245.432 112.107 5.98443
1
247.214 111.306 5.92253
1
248.943 110.396 5.86062
1
250.612 109.381 5.79872
1
252.215 108.264 5.73682
1
253.747 107.051 5.67492
1
255.2 105.745 5.61302
1
256.869 104.73 5.67492
1
258.598 103.82 5.73682
1
260.38 103.019 5.79872
1
262.208 102.329 5.86062
1
264.075 101.754 5.92253
1
265.974 101.296 5.98443
1
267.898 100.956 6.04633
1
269.84 100.735 6.10823
1
271.707 100.16 6.04633
1
273.535 99.4706 5.98443
1
275.317 98.6694 5.92253
1
277.046 97.7594 5.86062
1
278.715 96.7443 5.79872
1
280.318 95.6278 5.73682
1
281.85 94.4143 5.67492
1
283.303 93.1084 5.61302
1
284.672 91.7151 5.55111
1
285.953 90.2397 5.48921
1
287.14 88.688 5.42731
1
288.229 87.0657 5.36541
1
289.215 85.3793 5.30351
1
290.096 83.635 5.2416
1
290.866 81.8396 5.1797
1
291.524 80 5.1178
2
96.0847 164.706
0 0 0.179354 -0.983785
3
114.303 147.991
120.804 165.226
77.866 181.42
71.3658 164.185
2
97.9128 164.016
0 0 0.179354 -0.983785
3
116.131 147.302
122.632 164.537
79.6941 180.731
73.1938 163.496
2
99.7408 163.327
0 0 0.179354 -0.983785
3
117.96 146.612
124.46 163.847
81.5221 180.041
75.0219 162.807
2
101.569 162.637
0 0 0.179354 -0.983785
3
119.788 145.923
126.288 163.158
83.3502 179.352
76.8499 162.117
2
103.397 161.948
0 0 0.179354 -0.983785
3
121.616 145.233
128.116 162.468
85.1782 178.663
78.678 161.428
2
105.225 161.259
0 0 0.179354 -0.983785
3
123.444 144.544
129.944 161.779
87.0063 177.973
80.5061 160.738
2
107.053 160.569
0 0 0.179354 -0.983785
3
125.272 143.855
131.772 161.09
88.8344 177.284
82.3341 160.049
2
108.448 158.849
0 0 0.209712 -0.977763
3
125.597 141.04
133.151 157.84
91.2978 176.659
83.7438 159.859
2
109.733 157.047
0 0 0.23987 -0.970805
3
125.748 138.21
134.327 154.511
93.7179 175.883
85.1391 159.583
2
111.945 157.145
0 0 0.209712 -0.977763
3
129.095 139.335
136.649 156.135
94.7952 174.954
87.2412 158.155
2
114.147 157.38
0 0 0.179354 -0.983785
3
132.365 140.665
138.865 157.9
95.9279 174.094
89.4276 156.859
2
116.329 157.75
0 0 0.148824 -0.988864
3
135.547 142.195
140.969 159.799
97.1116 173.305
91.69 155.701
2
118.485 158.255
0 0 0.118151 -0.992996
3
138.628 143.918
142.951 161.824
98.3419 172.592
94.0197 154.686
2
120.606 158.892
0 0 0.0873649 -0.996176
3
141.597 145.829
144.803 163.968
99.6139 171.955
96.4077 153.816
2
122.682 159.659
0 0 0.0564953 -0.998403
3
144.442 147.919
146.52 166.222
100.923 171.399
98.845 153.096
2
124.456 158.334
0 0 0.0873649 -0.996176
3
145.448 145.27
148.654 163.409
103.464 171.397
100.258 153.258
2
126.144 156.901
0 0 0.118151 -0.992996
3
146.287 142.564
150.61 160.47
106.001 171.238
101.679 153.332
2
127.74 155.367
0 0 0.148824 -0.988864
3
146.958 139.811
152.38 157.415
108.522 170.922
103.101 153.318
2
129.239 153.737
0 0 0.179354 -0.983785
3
147.457 137.022
153.957 154.257
111.02 170.451
104.52 153.216
2
131.421 154.107
0 0 0.148824 -0.988864
3
150.639 138.552
156.061 156.156
112.204 169.663
106.782 152.058
2
133.577 154.612
0 0 0.118151 -0.992996
3
153.72 140.275
158.043 158.181
113.434 168.949
109.112 151.043
2
135.698 155.249
0 0 0.0873649 -0.996176
3
156.689 142.186
159.895 160.325
114.706 168.312
111.5 150.173
2
137.386 153.816
0 0 0.118151 -0.992996
3
157.529 139.48
161.851 157.385
117.242 168.153
112.92 150.247
2
138.982 152.282
0 0 0.148824 -0.988864
3
158.2 136.727
163.621 154.331
119.764 167.838
114.342 150.233
2
140.48 150.652
0 0 0.179354 -0.983785
3
158.699 133.937
165.199 151.172
122.261 167.366
115.761 150.132
2
141.875 148.932
0 0 0.209712 -0.977763
3
159.024 131.123
166.578 147.922
124.725 166.742
117.171 149.942
2
143.16 147.13
0 0 0.23987 -0.970805
3
159.175 128.293
167.754 144.593
127.145 165.966
118.566 149.666
2
145.372 147.228
0 0 0.209712 -0.977763
3
162.522 129.418
170.076 146.218
128.222 165.037
120.668 148.237
2
147.574 147.462
0 0 0.179354 -0.983785
3
165.792 130.748
172.293 147.983
129.355 164.177
122.855 146.942
2
149.756 147.833
0 0 0.148824 -0.988864
3
168.974 132.277
174.396 149.881
130.539 163.388
125.117 145.784
2
151.912 148.338
0 0 0.118151 -0.992996
3
172.055 134.001
176.378 151.906
131.769 162.674
127.447 144.769
2
153.508 146.803
0 0 0.148824 -0.988864
3
172.726 131.248
178.148 148.852
134.291 162.359
128.869 144.755
2
155.376 146.228
0 0 0.148824 -0.988864
3
174.593 130.673
180.015 148.277
136.158 161.784
130.736 144.18
2
157.243 145.653
0 0 0.148824 -0.988864
3
176.461 130.098
181.882 147.702
138.025 161.209
132.603 143.605
2
159.11 145.078
0 0 0.148824 -0.988864
3
178.328 129.523
183.749 147.127
139.892 160.634
134.471 143.03
2
160.977 144.503
0 0 0.148824 -0.988864
3
180.195 128.948
185.617 146.552
141.759 160.059
136.338 142.454
2
162.844 143.928
0 0 0.148824 -0.988864
3
182.062 128.372
187.484 145.977
143.627 159.483
138.205 141.879
2
164.712 143.353
0 0 0.148824 -0.988864
3
183.929 127.797
189.351 145.401
145.494 158.908
140.072 141.304
2
166.579 142.778
0 0 0.148824 -0.988864
3
185.797 127.222
191.218 144.826
147.361 158.333
141.939 140.729
2
168.446 142.203
0 0 0.148824 -0.988864
3
187.664 126.647
193.085 144.251
149.228 157.758
143.807 140.154
2
170.313 141.628
0 0 0.148824 -0.988864
3
189.531 126.072
194.953 143.676
151.095 157.183
145.674 139.579
2
172.18 141.053
0 0 0.148824 -0.988864
3
191.398 125.497
196.82 143.101
152.963 156.608
147.541 139.004
2
174.048 140.478
0 0 0.148824 -0.988864
3
193.265 124.922
198.687 142.526
154.83 156.033
149.408 138.429
2
175.915 139.903
0 0 0.148824 -0.988864
3
195.133 124.347
200.554 141.951
156.697 155.458
151.275 137.854
2
178.071 140.407
0 0 0.118151 -0.992996
3
198.214 126.071
202.536 143.976
157.927 154.744
153.605 136.838
2
180.191 141.045
0 0 0.0873649 -0.996176
3
201.183 127.981
204.389 146.12
159.199 154.108
155.993 135.969
2
182.268 141.812
0 0 0.0564953 -0.998403
3
204.027 130.072
206.105 148.374
160.508 153.551
158.43 135.249
2
184.041 140.486
0 0 0.0873649 -0.996176
3
205.033 127.423
208.239 145.562
163.05 153.549
159.844 135.411
2
185.729 139.054
0 0 0.118151 -0.992996
3
205.873 124.717
210.195 142.622
165.586 153.39
161.264 135.485
2
187.326 137.519
0 0 0.148824 -0.988864
3
206.543 121.964
211.965 139.568
168.108 153.075
162.686 135.471
2
188.824 135.889
0 0 0.179354 -0.983785
3
207.043 119.175
213.543 136.41
170.605 152.604
164.105 135.369
2
190.218 134.169
0 0 0.209712 -0.977763
3
207.368 116.36
214.922 133.16
173.069 151.979
165.515 135.179
2
191.504 132.367
0 0 0.23987 -0.970805
3
207.519 113.53
216.098 129.831
175.489 151.203
166.91 134.903
2
192.675 130.488
0 0 0.269797 -0.962917
3
207.495 110.697
217.065 126.435
177.856 150.279
168.285 134.541
2
194.889 130.449
0 0 0.23987 -0.970805
3
210.904 111.613
219.483 127.913
178.874 149.285
170.295 132.985
2
197.101 130.547
0 0 0.209712 -0.977763
3
214.251 112.738
221.805 129.537
179.951 148.357
172.397 131.557
2
198.387 128.744
0 0 0.23987 -0.970805
3
214.402 109.908
222.981 126.208
182.371 147.581
173.793 131.281
2
200.598 128.843
0 0 0.209712 -0.977763
3
217.748 111.033
225.302 127.833
183.449 146.652
175.895 129.852
2
202.8 129.077
0 0 0.179354 -0.983785
3
221.019 112.363
227.519 129.598
184.581 145.792
178.081 128.557
2
204.983 129.448
0 0 0.148824 -0.988864
3
224.201 113.892
229.622 131.496
185.765 145.003
180.343 127.399
2
207.139 129.952
0 0 0.118151 -0.992996
3
227.282 115.616
231.604 133.521
186.995 144.289
182.673 126.384
2
208.735 128.418
0 0 0.148824 -0.988864
3
227.953 112.863
233.374 130.467
189.517 143.974
184.095 126.37
2
210.233 126.788
0 0 0.179354 -0.983785
3
228.452 110.073
234.952 127.308
192.014 143.503
185.514 126.268
2
211.628 125.068
0 0 0.209712 -0.977763
3
228.777 107.259
236.331 124.059
194.478 142.878
186.924 126.078
2
212.913 123.266
0 0 0.23987 -0.970805
3
228.928 104.429
237.507 120.73
196.898 142.102
188.319 125.802
2
215.125 123.364
0 0 0.209712 -0.977763
3
232.275 105.554
239.829 122.354
197.975 141.173
190.421 124.374
2
217.327 123.598
0 0 0.179354 -0.983785
3
235.545 106.884
242.046 124.119
199.108 140.313
192.608 123.078
2
219.509 123.969
0 0 0.148824 -0.988864
3
238.727 108.413
244.149 126.017
200.292 139.524
194.87 121.92
2
221.665 124.474
0 0 0.118151 -0.992996
3
241.809 110.137
246.131 128.043
201.522 138.811
197.2 120.905
2
223.261 122.939
0 0 0.148824 -0.988864
3
242.479 107.384
247.901 124.988
204.044 138.495
198.622 120.891
2
224.76 121.309
0 0 0.179354 -0.983785
3
242.978 104.595
249.479 121.83
206.541 138.024
200.041 120.789
2
226.154 119.59
0 0 0.209712 -0.977763
3
243.304 101.78
250.858 118.58
209.004 137.399
201.45 120.599
2
227.44 117.787
0 0 0.23987 -0.970805
3
243.455 98.9505
252.034 115.251
211.425 136.623
202.846 120.323
2
229.652 117.885
0 0 0.209712 -0.977763
3
246.801 100.075
254.355 116.875
212.502 135.695
204.948 118.895
2
231.853 118.12
0 0 0.179354 -0.983785
3
250.072 101.405
256.572 118.64
213.635 134.834
207.134 117.599
2
234.036 118.49
0 0 0.148824 -0.988864
3
253.254 102.935
258.675 120.539
214.818 134.046
209.397 116.442
2
236.192 118.995
0 0 0.118151 -0.992996
3
256.335 104.658
260.657 122.564
216.048 133.332
211.726 115.426
2
237.788 117.461
0 0 0.148824 -0.988864
3
257.006 101.905
262.427 119.509
218.57 133.016
213.149 115.412
2
239.286 115.83
0 0 0.179354 -0.983785
3
257.505 99.1159
264.005 116.351
221.068 132.545
214.567 115.31
2
240.681 114.111
0 0 0.209712 -0.977763
3
257.831 96.3012
265.385 113.101
223.531 131.92
215.977 115.121
2
241.966 112.308
0 0 0.23987 -0.970805
3
257.982 93.4717
266.56 109.772
225.951 131.145
217.372 114.844
2
243.138 110.429
0 0 0.269797 -0.962917
3
257.957 90.6383
267.528 106.377
228.319 130.22
218.748 114.482
2
244.191 108.482
0 0 0.299467 -0.954107
3
257.757 87.8119
268.283 102.928
230.624 129.152
220.098 114.036
2
246.398 108.306
0 0 0.269797 -0.962917
3
261.217 88.5149
270.788 104.253
231.579 128.097
222.008 112.359
2
248.612 108.267
0 0 0.23987 -0.970805
3
264.627 89.4306
273.206 105.731
232.596 127.103
224.018 110.803
2
250.824 108.365
0 0 0.209712 -0.977763
3
267.973 90.5555
275.527 107.355
233.674 126.175
226.12 109.375
2
253.025 108.6
0 0 0.179354 -0.983785
3
271.244 91.8853
277.744 109.12
234.806 125.314
228.306 108.079
2
255.208 108.97
0 0 0.148824 -0.988864
3
274.426 93.4148
279.847 111.019
235.99 124.526
230.569 106.922
2
257.364 109.475
0 0 0.118151 -0.992996
3
277.507 95.1382
281.829 113.044
237.22 123.812
232.898 105.906
2
258.96 107.941
0 0 0.148824 -0.988864
3
278.178 92.3852
283.599 109.989
239.742 123.496
234.321 105.892
2
260.458 106.311
0 0 0.179354 -0.983785
3
278.677 89.596
285.177 106.831
242.24 123.025
235.739 105.79
2
261.853 104.591
0 0 0.209712 -0.977763
3
279.003 86.7813
286.557 103.581
244.703 122.401
237.149 105.601
2
263.138 102.788
0 0 0.23987 -0.970805
3
279.153 83.9518
287.732 100.252
247.123 121.625
238.544 105.324
2
264.31 100.91
0 0 0.269797 -0.962917
3
279.129 81.1185
288.7 96.8568
249.49 120.701
239.92 104.962
2
265.363 98.9619
0 0 0.299467 -0.954107
3
278.929 78.292
289.455 93.4082
251.796 119.632
241.27 104.516
2
266.293 96.9529
0 0 0.328849 -0.944382
3
278.555 75.4833
289.996 89.9194
254.031 118.422
242.59 103.986
2
268.485 96.6409
0 0 0.299467 -0.954107
3
282.052 75.9709
292.578 91.0871
254.919 117.311
244.393 102.195
2
270.692 96.465
0 0 0.269797 -0.962917
3
285.512 76.674
295.082 92.4124
255.873 116.256
246.302 100.518
2
272.906 96.4261
0 0 0.23987 -0.970805
3
288.921 77.5897
297.5 93.89
256.891 115.262
248.312 98.9622
2
275.118 96.5241
0 0 0.209712 -0.977763
3
292.268 78.7146
299.822 95.5144
257.968 114.334
250.414 97.5339
2
277.32 96.7589
0 0 0.179354 -0.983785
3
295.538 80.0443
302.039 97.2792
259.101 113.473
252.601 96.2385
2
279.502 97.1293
0 0 0.148824 -0.988864
3
298.72 81.5738
304.142 99.1779
260.285 112.685
254.863 95.0807
2
281.658 97.6341
0 0 0.118151 -0.992996
3
301.801 83.2973
306.124 101.203
261.515 111.971
257.193 94.0652
2
283.779 98.2713
0 0 0.0873649 -0.996176
3
304.77 85.208
307.976 103.347
262.787 111.335
259.581 93.1957
2
285.467 96.8386
0 0 0.118151 -0.992996
3
305.61 82.5018
309.932 100.408
265.323 111.175
261.001 93.2697
2
287.063 95.3043
0 0 0.148824 -0.988864
3
306.281 79.7488
311.702 97.3529
267.845 110.86
262.423 93.2557
2
288.561 93.6742
0 0 0.179354 -0.983785
3
306.78 76.9596
313.28 94.1946
270.342 110.389
263.842 93.1538
2
289.956 91.9545
0 0 0.209712 -0.977763
3
307.105 74.1449
314.659 90.9447
272.806 109.764
265.252 92.9643
2
291.241 90.1518
0 0 0.23987 -0.970805
3
307.256 71.3154
315.835 87.6158
275.226 108.988
266.647 92.6879
2
292.413 88.2731
0 0 0.269797 -0.962917
3
307.232 68.482
316.803 84.2204
277.593 108.064
268.023 92.3258
2
293.466 86.3255
0 0 0.299467 -0.954107
3
307.032 65.6556
317.558 80.7718
279.899 106.995
269.373 91.8793
2
294.396 84.3165
0 0 0.328849 -0.944382
3
306.658 62.8469
318.099 77.2829
282.134 105.786
270.693 91.35
2
295.201 82.2537
0 0 0.357916 -0.933754
3
306.111 60.0667
318.423 73.7674
284.29 104.441
271.978 90.7401
2
295.876 80.1452
0 0 0.386641 -0.92223
3
305.393 57.3257
318.529 70.2385
286.359 102.965
273.223 90.0519
2
296.42 77.9989
0 0 0.414995 -0.909824
3
304.507 54.6344
318.416 66.7098
288.333 101.363
274.423 89.288
2
296.829 75.8231
0 0 0.442952 -0.896545
3
303.455 52.0031
318.086 63.1948
290.203 99.6431
275.573 88.4514
2
297.104 73.6261
0 0 0.470484 -0.882408
3
302.244 49.4418
317.538 59.7071
291.964 97.8104
276.67 87.5451
2
297.242 71.4163
0 0 0.497566 -0.867426
3
300.876 46.9604
316.776 56.2599
293.608 95.8723
277.708 86.5728
2
297.243 69.2023
0 0 0.524171 -0.851613
3
299.357 44.5684
315.802 52.8664
295.129 93.8362
278.684 85.5382
2
297.107 66.9924
0 0 0.550274 -0.834984
3
297.693 42.2749
314.62 49.5397
296.521 91.7099
279.594 84.4451
