1
377.161 40.0875 6.24448
1
375.209 40.1631 6.24448
1
373.257 40.2386 6.24448
1
371.305 40.3142 6.24448
1
369.352 40.3898 6.24448
1
367.4 40.4654 6.24448
1
365.448 40.541 6.24448
1
363.501 40.375 0.0231988
1
361.557 40.5712 6.24448
1
359.629 40.8873 6.18258
1
357.676 40.842 6.24448
1
355.729 40.6759 0.0231988
1
353.796 40.3897 0.0851008
1
351.885 39.9846 0.147003
1
349.932 39.9392 0.0851008
1
347.98 40.0148 0.0231988
1
346.036 40.2111 6.24448
1
344.108 40.5272 6.18258
1
342.203 40.9619 6.12068
1
340.329 41.5137 6.05878
1
338.492 42.1804 5.99687
1
336.7 42.9593 5.93497
1
334.96 43.8477 5.87307
1
333.279 44.842 5.81117
1
331.442 45.5086 5.87307
1
329.568 46.0604 5.93497
1
327.663 46.4952 5.99687
1
325.735 46.8113 6.05878
1
323.791 47.0075 6.12068
1
321.917 47.5593 6.05878
1
320.08 48.2259 5.99687
1
318.289 49.0049 5.93497
1
316.549 49.8933 5.87307
1
314.867 50.8875 5.81117
1
313.25 51.984 5.74927
1
311.704 53.1783 5.68736
1
310.234 54.466 5.62546
1
308.847 55.8422 5.56356
1
307.548 57.3015 5.50166
1
306.342 58.8384 5.43976
1
305.233 60.447 5.37785
1
304.226 62.121 5.31595
1
303.324 63.8542 5.25405
1
302.531 65.6399 5.19215
1
301.85 67.4711 5.13025
1
301.284 69.341 5.06834
1
300.835 71.2424 5.00644
1
300.504 73.1679 4.94454
1
300.292 75.1102 4.88264
1
300.202 77.0618 4.82073
1
300.232 79.0153 4.75883
1
300.383 80.9632 4.69693
1
300.654 82.8981 4.63503
1
301.044 84.8124 4.57313
1
301.552 86.699 4.51122
1
302.176 88.5505 4.44932
1
302.913 90.3598 4.38742
1
303.761 92.1201 4.32552
1
304.269 94.0066 4.38742
1
304.659 95.921 4.44932
1
304.931 97.8558 4.51122
1
305.321 99.7702 4.51122
1
305.711 101.685 4.51122
1
306.102 103.599 4.51122
1
306.492 105.513 4.51122
1
306.882 107.428 4.51122
1
307.273 109.342 4.51122
1
307.663 111.256 4.51122
1
308.287 113.108 4.44932
1
309.024 114.917 4.38742
1
309.872 116.677 4.32552
1
310.827 118.382 4.26362
1
311.885 120.024 4.20171
1
313.043 121.598 4.13981
1
314.297 123.096 4.07791
1
315.64 124.515 4.01601
1
317.069 125.848 3.95411
1
318.577 127.089 3.8922
1
320.16 128.235 3.8303
1
321.81 129.281 3.7684
1
323.522 130.223 3.7065
1
325.288 131.057 3.6446
1
327 131.999 3.6446
1
328.582 133.145 3.7065
1
330.091 134.387 3.7684
1
331.52 135.719 3.8303
1
332.863 137.138 3.8922
1
334.116 138.636 3.95411
1
335.625 139.878 3.8922
1
337.207 141.024 3.8303
1
338.857 142.07 3.7684
1
340.569 143.012 3.7065
1
342.336 143.846 3.6446
1
344.151 144.569 3.58269
1
346.007 145.179 3.52079
1
347.897 145.672 3.45889
1
349.815 146.048 3.39699
1
351.752 146.304 3.33509
1
353.701 146.44 3.27318
1
355.654 146.456 3.21128
1
357.572 146.831 3.27318
1
359.462 147.325 3.33509
1
361.318 147.935 3.39699
1
363.133 148.658 3.45889
1
364.9 149.492 3.52079
1
366.612 150.434 3.58269
1
368.262 151.48 3.6446
1
369.844 152.626 3.7065
1
371.353 153.867 3.7684
1
372.781 155.2 3.8303
1
374.125 156.618 3.8922
1
375.378 158.117 3.95411
1
376.536 159.691 4.01601
1
377.595 161.333 4.07791
1
378.55 163.037 4.13981
1
379.397 164.798 4.20171
1
380.134 166.607 4.26362
1
380.758 168.459 4.32552
1
381.266 170.345 4.38742
1
381.657 172.259 4.44932
1
381.928 174.194 4.51122
1
382.079 176.142 4.57313
1
382.35 178.077 4.57313
1
382.621 180.012 4.57313
1
382.892 181.947 4.57313
1
383.164 183.881 4.57313
1
383.435 185.816 4.57313
1
383.706 187.751 4.57313
1
383.977 189.686 4.57313
1
384.249 191.621 4.57313
1
384.52 193.556 4.57313
1
384.791 195.49 4.57313
1
385.062 197.425 4.57313
1
385.333 199.36 4.57313
1
385.605 201.295 4.57313
1
385.876 203.23 4.57313
1
386.147 205.165 4.57313
1
386.418 207.099 4.57313
1
386.689 209.034 4.57313
1
386.961 210.969 4.57313
1
387.232 212.904 4.57313
1
387.74 214.79 4.51122
1
388.13 216.705 4.51122
1
388.281 218.653 4.57313
1
388.311 220.606 4.63503
1
388.221 222.558 4.69693
1
388.009 224.5 4.75883
1
388.34 222.575 4.82073
1
388.79 220.673 4.88264
1
389.356 218.803 4.94454
1
390.037 216.972 5.00644
1
389.244 218.758 5.06834
1
388.342 220.491 5.13025
1
387.335 222.165 5.19215
1
386.226 223.774 5.25405
1
385.02 225.311 5.31595
1
383.721 226.77 5.37785
1
382.334 228.146 5.43976
1
380.865 229.434 5.50166
1
379.319 230.628 5.56356
1
377.702 231.724 5.62546
1
376.02 232.719 5.68736
1
374.28 233.607 5.74927
1
372.488 234.386 5.81117
1
370.651 235.053 5.87307
1
368.777 235.605 5.93497
1
366.872 236.039 5.99687
1
364.944 236.355 6.05878
1
363 236.552 6.12068
1
361.048 236.627 6.18258
1
359.095 236.582 6.24448
1
357.148 236.416 0.0231988
1
355.216 236.13 0.0851008
1
353.304 235.724 0.147003
1
351.351 235.679 0.0851008
1
349.399 235.755 0.0231988
1
347.455 235.951 6.24448
1
345.508 235.785 0.0231987
1
343.576 235.499 0.0851008
1
341.664 235.094 0.147003
1
339.782 234.571 0.208905
1
337.87 234.166 0.208905
1
335.959 233.761 0.208905
1
334.048 233.355 0.208905
1
332.137 232.95 0.208905
1
330.225 232.545 0.208905
1
328.314 232.14 0.208905
1
326.403 231.735 0.208905
1
324.491 231.329 0.208905
1
322.58 230.924 0.208905
1
320.669 230.519 0.208905
1
318.758 230.114 0.208905
1
316.846 229.709 0.208905
1
314.935 229.304 0.208905
1
313.024 228.898 0.208905
1
311.112 228.493 0.208905
1
309.201 228.088 0.208905
1
307.29 227.683 0.208905
1
305.379 227.278 0.208905
1
303.467 226.872 0.208905
1
301.556 226.467 0.208905
1
299.645 226.062 0.208905
1
297.733 225.657 0.208905
1
295.822 225.252 0.208905
1
293.911 224.847 0.208905
1
292 224.441 0.208905
1
290.088 224.036 0.208905
1
288.177 223.631 0.208905
1
286.266 223.226 0.208905
1
284.354 222.821 0.208905
1
282.443 222.415 0.208905
1
280.532 222.01 0.208905
1
278.621 221.605 0.208905
1
276.709 221.2 0.208905
1
274.798 220.795 0.208905
1
272.887 220.39 0.208905
1
270.975 219.984 0.208905
1
269.064 219.579 0.208905
1
267.217 218.941 0.270807
1
265.414 218.19 0.332709
1
263.66 217.329 0.394611
1
261.963 216.361 0.456513
1
260.21 215.499 0.456513
1
258.456 214.638 0.456513
1
256.702 213.777 0.456513
1
254.949 212.916 0.456513
1
253.195 212.054 0.456513
1
251.441 211.193 0.456513
1
249.688 210.332 0.456513
1
247.934 209.471 0.456513
1
246.18 208.609 0.456513
1
244.426 207.748 0.456513
1
242.673 206.887 0.456513
1
240.919 206.026 0.456513
1
239.165 205.164 0.456513
1
237.412 204.303 0.456513
1
235.658 203.442 0.456513
1
233.904 202.581 0.456513
1
232.151 201.719 0.456513
1
230.397 200.858 0.456513
1
228.643 199.997 0.456513
1
226.89 199.136 0.456513
1
225.256 198.064 0.518415
1
223.691 196.894 0.580317
1
222.202 195.629 0.642219
1
220.794 194.275 0.704121
1
219.473 192.836 0.766024
1
218.243 191.318 0.827926
1
217.109 189.727 0.889828
1
216.076 188.068 0.95173
1
215.147 186.349 1.01363
1
214.327 184.576 1.07553
1
213.618 182.756 1.13744
1
213.023 180.895 1.19934
1
212.544 179.001 1.26124
1
212.183 177.081 1.32314
1
211.941 175.142 1.38504
1
211.82 173.192 1.44695
1
211.579 171.253 1.44695
1
211.338 169.314 1.44695
1
211.096 167.376 1.44695
1
210.855 165.437 1.44695
1
210.614 163.498 1.44695
1
210.372 161.559 1.44695
1
210.131 159.62 1.44695
1
209.89 157.682 1.44695
1
209.648 155.743 1.44695
1
209.407 153.804 1.44695
1
209.166 151.865 1.44695
1
208.924 149.926 1.44695
1
208.683 147.988 1.44695
1
208.442 146.049 1.44695
1
208.2 144.11 1.44695
1
207.959 142.171 1.44695
1
207.718 140.233 1.44695
1
207.476 138.294 1.44695
1
207.235 136.355 1.44695
1
206.994 134.416 1.44695
1
206.752 132.477 1.44695
1
206.511 130.539 1.44695
1
206.269 128.6 1.44695
1
206.028 126.661 1.44695
1
205.787 124.722 1.44695
1
205.545 122.784 1.44695
1
205.304 120.845 1.44695
1
205.063 118.906 1.44695
1
204.821 116.967 1.44695
1
204.58 115.028 1.44695
1
204.339 113.09 1.44695
1
204.097 111.151 1.44695
1
203.856 109.212 1.44695
1
203.615 107.273 1.44695
1
203.136 105.379 1.38504
1
202.541 103.518 1.32314
1
201.831 101.698 1.26124
1
201.011 99.9246 1.19934
1
200.082 98.2056 1.13744
1
199.049 96.5473 1.07553
1
198.34 94.7268 1.13744
1
197.745 92.8659 1.19934
1
197.266 90.9718 1.26124
1
196.905 89.0517 1.32314
1
196.664 87.1129 1.38504
1
196.543 85.1629 1.44695
1
196.543 83.2091 1.50885
1
196.182 81.289 1.44695
1
195.703 79.3948 1.38504
1
195.108 77.534 1.32314
1
194.399 75.7134 1.26124
1
193.578 73.9403 1.19934
1
192.65 72.2213 1.13744
1
191.617 70.563 1.07553
1
190.483 68.9719 1.01363
1
189.253 67.4539 0.95173
1
187.931 66.0149 0.889828
1
186.523 64.6604 0.827926
1
185.034 63.3956 0.766024
1
183.47 62.2254 0.704121
1
181.836 61.1541 0.642219
1
180.139 60.1861 0.580317
1
178.385 59.3248 0.518415
1
176.582 58.5737 0.456513
1
174.735 57.9356 0.394611
1
172.852 57.4129 0.332709
1
170.941 57.0077 0.270807
1
169.008 56.7216 0.208905
1
167.062 56.5555 0.147003
1
165.179 56.0329 0.208905
1
163.233 55.8668 0.147003
1
161.279 55.8215 0.0851008
1
159.327 55.8971 0.0231988
1
157.383 56.0933 6.24448
1
155.455 56.4094 6.18258
1
153.55 56.8442 6.12068
1
151.676 57.3959 6.05878
1
149.771 57.8307 6.05878
1
147.867 58.2655 6.05878
1
145.962 58.7002 6.05878
1
144.057 59.135 6.05878
1
142.152 59.5698 6.05878
1
140.248 60.0045 6.05878
1
138.343 60.4393 6.05878
1
136.438 60.8741 6.05878
1
134.533 61.3089 6.05878
1
132.629 61.7436 6.05878
1
130.724 62.1784 6.05878
1
128.819 62.6132 6.05878
1
126.914 63.0479 6.05878
1
125.078 63.7146 5.99687
1
123.286 64.4936 5.93497
1
121.546 65.3819 5.87307
1
119.864 66.3762 5.81117
1
118.247 67.4726 5.74927
1
116.701 68.667 5.68736
1
115.232 69.9547 5.62546
1
113.845 71.3308 5.56356
1
112.546 72.7902 5.50166
1
111.339 74.327 5.43976
1
110.231 75.9356 5.37785
1
109.223 77.6097 5.31595
1
108.321 79.3429 5.25405
1
107.529 81.1285 5.19215
1
106.848 82.9598 5.13025
1
105.841 84.6339 5.19215
1
104.732 86.2424 5.25405
1
103.939 88.0281 5.19215
1
103.258 89.8594 5.13025
1
102.692 91.7292 5.06834
1
102.242 93.6306 5.00644
1
101.911 95.5561 4.94454
1
101.7 97.4984 4.88264
1
101.609 99.45 4.82073
1
101.639 101.404 4.75883
1
101.79 103.351 4.69693
1
102.062 105.286 4.63503
1
102.452 107.201 4.57313
1
102.96 109.087 4.51122
1
103.35 111.002 4.51122
1
103.741 112.916 4.51122
1
104.131 114.83 4.51122
1
104.522 116.745 4.51122
1
104.912 118.659 4.51122
1
105.302 120.573 4.51122
1
105.693 122.488 4.51122
1
106.083 124.402 4.51122
1
106.473 126.316 4.51122
1
106.864 128.231 4.51122
1
107.254 130.145 4.51122
1
107.645 132.059 4.51122
1
108.035 133.974 4.51122
1
108.425 135.888 4.51122
1
108.816 137.802 4.51122
1
108.967 139.75 4.57313
1
108.997 141.704 4.63503
1
108.906 143.656 4.69693
1
108.695 145.598 4.75883
1
108.364 147.523 4.82073
1
108.394 149.477 4.75883
1
108.545 151.425 4.69693
1
108.816 153.36 4.63503
1
109.207 155.274 4.57313
1
109.715 157.16 4.51122
1
110.339 159.012 4.44932
1
111.076 160.821 4.38742
1
111.923 162.582 4.32552
1
112.878 164.286 4.26362
1
113.937 165.928 4.20171
1
115.095 167.502 4.13981
1
116.348 169.001 4.07791
1
117.303 170.705 4.13981
1
118.151 172.465 4.20171
1
118.888 174.275 4.26362
1
119.512 176.126 4.32552
1
120.02 178.013 4.38742
1
120.41 179.927 4.44932
1
120.681 181.862 4.51122
1
120.832 183.81 4.57313
1
120.862 185.763 4.63503
1
120.772 187.715 4.69693
1
120.561 189.657 4.75883
1
120.229 191.583 4.82073
1
119.78 193.484 4.88264
1
119.214 195.354 4.94454
1
118.533 197.185 5.00644
1
117.74 198.971 5.06834
1
116.838 200.704 5.13025
1
115.831 202.378 5.19215
1
114.722 203.987 5.25405
1
113.516 205.524 5.31595
1
112.217 206.983 5.37785
1
110.83 208.359 5.43976
1
109.361 209.647 5.50166
1
107.814 210.841 5.56356
1
106.197 211.938 5.62546
1
104.515 212.932 5.68736
1
102.775 213.82 5.74927
1
100.984 214.599 5.81117
1
99.1471 215.266 5.87307
1
97.2729 215.818 5.93497
1
95.3682 216.252 5.99687
1
93.4401 216.569 6.05878
1
91.4963 216.765 6.12068
1
89.5683 217.081 6.12068
1
87.6403 217.397 6.12068
1
85.7122 217.713 6.12068
1
83.76 217.789 6.18258
1
81.8067 217.743 6.24448
1
79.8601 217.577 0.0231986
1
77.9274 217.291 0.0851007
1
76.0161 216.886 0.147003
1
74.1336 216.363 0.208905
1
72.2223 215.958 0.208905
1
70.311 215.553 0.208905
1
68.3997 215.148 0.208905
1
66.4885 214.743 0.208905
1
64.5772 214.337 0.208905
1
62.6659 213.932 0.208905
1
60.7547 213.527 0.208905
1
58.8434 213.122 0.208905
1
56.9321 212.717 0.208905
1
55.0208 212.311 0.208905
1
53.1096 211.906 0.208905
1
51.1983 211.501 0.208905
1
49.287 211.096 0.208905
1
47.3757 210.691 0.208905
1
45.4645 210.286 0.208905
1
43.6179 209.647 0.270807
1
41.8143 208.896 0.332709
1
40.0606 208.035 0.394611
1
38.3635 207.067 0.456513
1
36.7296 205.996 0.518415
1
34.9261 205.245 0.456513
1
33.2922 204.173 0.518415
1
31.7277 203.003 0.580317
1
30.2385 201.738 0.642219
1
28.8305 200.384 0.704121
1
27.509 198.945 0.766023
1
26.279 197.427 0.827925
1
25.1453 195.836 0.889827
1
24.1122 194.178 0.95173
1
23.1837 192.459 1.01363
1
22.3632 190.685 1.07553
1
21.6541 188.865 1.13744
1
21.0589 187.004 1.19934
1
20.58 185.11 1.26124
1
20.2191 183.19 1.32314
1
19.9778 181.251 1.38504
1
19.8568 179.301 1.44695
1
19.8567 177.347 1.50885
1
19.9775 175.397 1.57075
1
20.2187 173.458 1.63265
1
20.5793 171.538 1.69455
1
20.8205 169.599 1.69455
1
21.0617 167.661 1.69455
1
21.3029 165.722 1.69455
1
21.544 163.783 1.69455
1
21.7852 161.844 1.69455
1
22.0264 159.905 1.69455
1
22.2676 157.966 1.69455
1
22.5087 156.028 1.69455
1
22.7499 154.089 1.69455
1
22.9911 152.15 1.69455
1
22.991 150.196 1.63265
1
22.87 148.246 1.57075
1
22.6287 146.308 1.50885
1
22.2679 144.387 1.44695
1
22.2678 142.434 1.50885
1
22.3885 140.484 1.57075
1
22.6297 138.545 1.63265
1
22.9904 136.625 1.69455
1
23.4691 134.73 1.75646
1
24.0641 132.87 1.81836
1
24.7731 131.049 1.88026
1
25.3681 129.188 1.88026
1
25.9631 127.327 1.88026
1
26.5582 125.466 1.88026
1
27.1532 123.605 1.88026
1
27.7482 121.744 1.88026
1
28.3432 119.883 1.88026
1
28.9382 118.022 1.88026
1
29.5332 116.161 1.88026
1
30.1282 114.3 1.88026
1
30.7232 112.44 1.88026
1
31.5435 110.666 1.94216
1
32.4719 108.947 2.00406
1
33.5048 107.289 2.06597
1
34.6384 105.698 2.12787
1
35.8682 104.179 2.18977
1
36.7966 102.46 2.12787
1
37.6169 100.687 2.06597
1
38.3259 98.8666 2.00406
1
38.9209 97.0057 1.94216
1
39.3996 95.1115 1.88026
1
39.7603 93.1913 1.81836
1
40.0015 91.2525 1.75646
1
40.1222 89.3025 1.69455
1
40.1221 87.3488 1.63265
1
40.0012 85.3988 1.57075
1
40.0011 83.445 1.57075
1
40.001 81.4913 1.57075
1
40.0009 79.5375 1.57075
1
40.0008 77.5838 1.57075
1
40.0007 75.63 1.57075
1
40.0006 73.6763 1.57075
1
40.0005 71.7225 1.57075
1
40.0005 69.7688 1.57075
1
40.0004 67.815 1.57075
1
40.0003 65.8613 1.57075
1
40.0002 63.9075 1.57075
1
40.0001 61.9538 1.57075
1
40 60 1.57075
2
391.306 39.5397
0 0 0.0193504 -0.999813
3
413.877 29.4488
414.59 47.855
368.734 49.6307
368.022 31.2245
2
389.354 39.6153
0 0 0.0193504 -0.999813
3
411.925 29.5244
412.638 47.9306
366.782 49.7063
366.069 31.3001
2
387.401 39.6909
0 0 0.0193504 -0.999813
3
409.973 29.6
410.685 48.0062
364.83 49.7819
364.117 31.3757
2
385.449 39.7665
0 0 0.0193504 -0.999813
3
408.02 29.6756
408.733 48.0818
362.877 49.8575
362.165 31.4513
2
383.497 39.8421
0 0 0.0193504 -0.999813
3
406.068 29.7512
406.781 48.1574
360.925 49.9331
360.212 31.5269
2
381.544 39.9177
0 0 0.0193504 -0.999813
3
404.116 29.8268
404.828 48.233
358.973 50.0087
358.26 31.6024
2
379.592 39.9933
0 0 0.0193504 -0.999813
3
402.163 29.9024
402.876 48.3086
357.021 50.0843
356.308 31.678
2
377.652 40.7033
0 0 0.0115991 0.999933
3
400.805 32.028
400.377 50.4431
354.5 49.3786
354.927 30.9635
2
375.701 40.0235
0 0 0.0193504 -0.999813
3
398.273 29.9326
398.986 48.3388
353.13 50.1144
352.417 31.7082
2
373.712 39.4656
0 0 0.0502814 -0.998735
3
395.616 27.9977
397.466 46.3246
351.808 50.9336
349.958 32.6067
2
371.82 40.2943
0 0 0.0193504 -0.999813
3
394.392 30.2033
395.104 48.6095
349.249 50.3852
348.536 31.979
2
369.88 41.0043
0 0 0.0115991 0.999933
3
393.033 32.329
392.606 50.744
346.728 49.6795
347.155 31.2645
2
367.9 41.5929
0 0 0.0425376 0.999095
3
391.545 34.3665
389.979 52.7198
344.255 48.8193
345.821 30.4659
2
365.887 42.0579
0 0 0.0734353 0.9973
3
389.934 36.3081
387.236 54.5294
341.841 47.8077
344.539 29.5864
2
364.036 41.1424
0 0 0.0425376 0.999095
3
387.68 33.916
386.115 52.2693
340.391 48.3688
341.957 30.0154
2
362.131 40.3432
0 0 0.0115991 0.999933
3
385.283 31.6679
384.856 50.0829
338.978 49.0184
339.406 30.6034
2
360.18 39.6633
0 0 0.0193504 -0.999813
3
382.752 29.5724
383.464 47.9786
337.609 49.7543
336.896 31.3481
2
358.191 39.1055
0 0 0.0502814 -0.998735
3
380.095 27.6376
381.945 45.9644
336.287 50.5734
334.437 32.2466
2
356.171 38.6717
0 0 0.0811643 -0.996701
3
377.324 25.8707
380.304 44.0481
335.019 51.4727
332.039 33.2954
2
354.129 38.3638
0 0 0.111969 -0.993712
3
374.449 24.2787
378.548 42.2369
333.809 52.4488
329.71 34.4907
2
352.071 38.1828
0 0 0.142667 -0.989771
3
371.481 22.8676
376.683 40.5378
332.661 53.4979
327.459 35.8277
2
350.006 38.1294
0 0 0.173228 -0.984882
3
368.431 21.6429
374.716 38.9574
331.581 54.6159
325.295 37.3014
2
347.942 38.2039
0 0 0.203624 -0.979049
3
365.312 20.6091
372.656 37.5016
330.571 55.7986
323.227 38.9061
2
345.886 38.4059
0 0 0.233824 -0.972279
3
362.134 19.7703
370.509 36.1761
329.637 57.0416
321.262 40.6357
2
344.423 39.8648
0 0 0.203624 -0.979049
3
361.793 22.27
369.138 39.1625
327.053 57.4596
319.709 40.5671
2
342.873 41.2304
0 0 0.173228 -0.984882
3
361.299 24.7439
367.584 42.0584
324.448 57.717
318.163 40.4025
2
341.242 42.4976
0 0 0.142667 -0.989771
3
360.652 27.1825
365.854 44.8526
321.832 57.8127
316.63 40.1425
2
339.535 43.6613
0 0 0.111969 -0.993712
3
359.855 29.5763
363.954 47.5344
319.215 57.7464
315.116 39.7882
2
337.76 44.7173
0 0 0.0811643 -0.996701
3
358.912 31.9163
361.893 50.0936
316.607 57.5183
313.627 39.341
2
335.717 44.4093
0 0 0.111969 -0.993712
3
356.037 30.3243
360.136 48.2824
315.397 58.4944
311.298 40.5362
2
333.659 44.2283
0 0 0.142667 -0.989771
3
353.069 28.9132
358.271 46.5834
314.249 59.5434
309.047 41.8733
2
331.594 44.175
0 0 0.173228 -0.984882
3
350.019 27.6884
356.305 45.0029
313.169 60.6615
306.884 43.347
2
329.53 44.2494
0 0 0.203624 -0.979049
3
346.9 26.6547
354.244 43.5472
312.16 61.8442
304.815 44.9517
2
327.474 44.4515
0 0 0.233824 -0.972279
3
343.722 25.8158
352.098 42.2217
311.226 63.0871
302.85 46.6813
2
325.435 44.7803
0 0 0.2638 -0.964577
3
340.499 25.1752
349.873 41.0315
310.37 64.3854
300.996 48.5292
2
323.419 45.2347
0 0 0.293524 -0.955952
3
337.242 24.7352
347.579 39.9812
309.597 65.7342
299.26 50.4882
2
321.436 45.8129
0 0 0.322966 -0.946411
3
333.964 24.4975
345.225 39.0749
308.908 67.1282
297.648 52.5509
2
319.493 46.5126
0 0 0.352099 -0.935963
3
330.678 24.4631
342.819 38.3159
308.307 68.5621
296.166 54.7093
2
317.596 47.3312
0 0 0.380895 -0.924618
3
327.396 24.632
340.371 37.7072
307.796 70.0305
294.822 56.9553
2
315.754 48.2656
0 0 0.409326 -0.912388
3
324.131 25.0036
337.889 37.2511
307.377 71.5277
293.618 59.2801
2
313.973 49.3122
0 0 0.437365 -0.899284
3
320.895 25.5765
335.384 36.9495
307.051 73.0479
292.561 61.675
2
312.26 50.467
0 0 0.464984 -0.885319
3
317.7 26.3485
332.866 36.8033
306.82 74.5854
291.654 64.1306
2
310.622 51.7255
0 0 0.492159 -0.870505
3
314.56 27.3166
330.343 36.8132
306.684 76.1343
290.901 66.6377
2
309.065 53.0829
0 0 0.518862 -0.854858
3
311.485 28.4772
327.826 36.9792
306.644 77.6885
290.304 69.1865
2
307.595 54.534
0 0 0.545068 -0.838392
3
308.488 29.8258
325.323 37.3006
306.701 79.2423
289.866 71.7674
2
306.217 56.0733
0 0 0.570752 -0.821123
3
305.58 31.3571
322.846 37.7762
306.854 80.7896
289.588 74.3705
2
304.937 57.6949
0 0 0.595889 -0.803067
3
302.773 33.0654
320.402 38.4042
307.102 82.3244
289.472 76.9857
2
303.76 59.3926
0 0 0.620455 -0.784242
3
300.076 34.9442
318.002 39.1821
307.444 83.841
289.518 79.6031
2
302.691 61.1598
0 0 0.644427 -0.764666
3
297.501 36.9861
315.655 40.107
307.88 85.3335
289.726 82.2127
2
301.732 62.9898
0 0 0.667782 -0.744357
3
295.057 39.1834
313.369 41.1753
308.407 86.7962
290.095 84.8044
2
300.889 64.8756
0 0 0.690497 -0.723335
3
292.754 41.5277
311.154 42.3829
309.024 88.2234
290.624 87.3683
2
300.164 66.8099
0 0 0.712551 -0.70162
3
290.6 44.01
309.018 43.7253
309.728 89.6098
291.31 89.8945
2
299.56 68.7854
0 0 0.733922 -0.679234
3
288.604 46.6208
306.969 45.1973
310.516 90.95
292.151 92.3736
2
299.079 70.7945
0 0 0.75459 -0.656196
3
286.774 49.3501
305.015 46.7931
311.385 92.2389
293.144 94.7958
2
298.724 72.8294
0 0 0.774535 -0.632531
3
285.115 52.1873
303.164 48.5068
312.333 93.4715
294.284 97.152
2
298.495 74.8824
0 0 0.793739 -0.608259
3
283.635 55.1218
301.422 50.3318
313.355 94.6431
295.569 99.433
2
298.394 76.9457
0 0 0.812182 -0.583404
3
282.34 58.1422
299.796 52.261
314.448 95.7492
296.992 101.63
2
298.42 79.0112
0 0 0.829847 -0.557991
3
281.234 61.2369
298.293 54.2871
315.607 96.7856
298.548 103.735
2
299.75 80.5925
0 0 0.812182 -0.583404
3
283.696 61.789
301.152 55.9079
315.803 99.396
298.348 105.277
2
300.978 82.253
0 0 0.793739 -0.608259
3
286.119 62.4923
303.905 57.7023
315.838 102.014
298.052 106.804
2
302.102 83.9863
0 0 0.774535 -0.632531
3
288.493 63.3442
306.542 59.6637
315.711 104.628
297.663 108.309
2
302.493 85.9006
0 0 0.774535 -0.632531
3
288.884 65.2586
306.932 61.5781
316.102 106.543
298.053 110.223
2
302.883 87.815
0 0 0.774535 -0.632531
3
289.274 67.1729
307.323 63.4924
316.492 108.457
298.443 112.138
2
303.273 89.7293
0 0 0.774535 -0.632531
3
289.664 69.0873
307.713 65.4068
316.882 110.371
298.834 114.052
2
303.664 91.6437
0 0 0.774535 -0.632531
3
290.055 71.0016
308.103 67.3211
317.273 112.286
299.224 115.966
2
304.054 93.558
0 0 0.774535 -0.632531
3
290.445 72.916
308.494 69.2355
317.663 114.2
299.615 117.881
2
304.445 95.4724
0 0 0.774535 -0.632531
3
290.836 74.8303
308.884 71.1498
318.053 116.114
300.005 119.795
2
304.835 97.3867
0 0 0.774535 -0.632531
3
291.226 76.7447
309.275 73.0642
318.444 118.029
300.395 121.709
2
304.606 99.4398
0 0 0.793739 -0.608259
3
289.746 79.6791
307.533 74.8891
319.466 119.2
301.68 123.99
2
304.505 101.503
0 0 0.812182 -0.583404
3
288.451 82.6995
305.907 76.8184
320.559 120.307
303.103 126.188
2
304.531 103.569
0 0 0.829847 -0.557991
3
287.345 85.7942
304.404 78.8445
321.718 121.343
304.659 128.293
2
304.685 105.629
0 0 0.846717 -0.532043
3
286.432 88.9514
303.029 80.9597
322.938 122.306
306.342 130.297
2
304.967 107.675
0 0 0.862776 -0.505586
3
285.717 92.159
301.787 83.1559
324.216 123.191
308.147 132.194
2
305.374 109.7
0 0 0.878009 -0.478644
3
285.202 95.4047
300.684 85.4248
325.547 123.996
310.065 133.976
2
305.906 111.696
0 0 0.892401 -0.451244
3
284.888 98.6761
299.723 87.7575
326.924 124.716
312.089 135.635
2
306.56 113.656
0 0 0.905937 -0.423412
3
284.777 101.961
298.908 90.1452
328.344 125.351
314.213 137.166
2
307.335 115.571
0 0 0.918606 -0.395174
3
284.869 105.246
298.243 92.5787
329.8 125.896
316.427 138.563
2
308.226 117.434
0 0 0.930396 -0.366557
3
285.165 108.519
297.729 95.0488
331.287 126.35
318.723 139.82
2
309.231 119.239
0 0 0.941293 -0.337589
3
285.663 111.767
297.369 97.5459
332.799 126.711
321.093 140.932
2
310.346 120.978
0 0 0.95129 -0.308298
3
286.36 114.979
297.165 100.06
334.331 126.978
323.527 141.896
2
311.566 122.645
0 0 0.960375 -0.278712
3
287.255 118.141
297.116 102.583
335.876 127.149
326.016 142.708
2
312.887 124.234
0 0 0.96854 -0.248859
3
288.344 121.242
297.223 105.103
337.429 127.225
328.55 143.364
2
314.598 125.175
0 0 0.96854 -0.248859
3
290.056 122.184
298.935 106.045
339.141 128.167
330.262 144.305
2
316.627 125.567
0 0 0.960375 -0.278712
3
292.316 121.063
302.177 105.505
340.937 130.071
331.076 145.63
2
318.627 126.084
0 0 0.95129 -0.308298
3
294.641 120.084
305.446 105.166
342.612 132.083
331.808 147.002
2
320.591 126.723
0 0 0.941293 -0.337589
3
297.023 119.251
308.729 105.03
344.159 134.195
332.453 148.416
2
322.512 127.483
0 0 0.930396 -0.366557
3
299.451 118.567
312.015 105.097
345.573 136.398
333.009 149.868
2
324.382 128.36
0 0 0.918606 -0.395174
3
301.917 118.035
315.29 105.368
346.848 138.685
333.474 151.352
2
325.274 130.223
0 0 0.930396 -0.366557
3
302.213 121.308
314.777 107.838
348.335 139.139
335.771 152.609
2
326.279 132.028
0 0 0.941293 -0.337589
3
302.71 124.556
314.417 110.335
349.847 139.5
338.14 153.721
2
327.393 133.767
0 0 0.95129 -0.308298
3
303.408 127.768
314.212 112.849
351.379 139.767
340.574 154.685
2
328.613 135.434
0 0 0.960375 -0.278712
3
304.303 130.93
314.163 115.372
352.924 139.938
343.063 155.497
2
329.934 137.022
0 0 0.96854 -0.248859
3
305.391 134.031
314.271 117.892
354.477 140.014
345.597 156.153
2
331.351 138.526
0 0 0.975777 -0.218767
3
306.67 137.058
314.534 120.402
356.032 139.994
348.167 156.65
2
332.858 139.939
0 0 0.98208 -0.188466
3
308.133 140.001
314.952 122.89
357.582 139.877
350.763 156.988
2
334.449 141.256
0 0 0.987442 -0.157984
3
309.776 142.847
315.523 125.347
359.122 139.665
353.375 157.165
2
336.119 142.472
0 0 0.991858 -0.127351
3
311.591 145.587
316.245 127.764
360.646 139.357
355.993 157.18
2
337.861 143.583
0 0 0.995324 -0.0965958
3
313.573 148.209
317.115 130.132
362.148 138.957
358.607 157.033
2
339.668 144.583
0 0 0.997836 -0.0657481
3
315.713 150.703
318.13 132.442
363.623 138.463
361.206 156.724
2
341.534 145.47
0 0 0.999393 -0.0348375
3
318.003 153.06
319.286 134.685
365.064 137.88
363.782 156.255
2
343.539 144.974
0 0 0.997836 -0.0657481
3
319.584 151.094
322.001 132.833
367.494 138.854
365.077 157.115
2
345.571 144.603
0 0 0.995324 -0.0965958
3
321.283 149.229
324.825 131.153
369.859 139.977
366.317 158.053
2
347.622 144.359
0 0 0.991858 -0.127351
3
323.095 147.473
327.748 129.651
372.15 141.244
367.496 159.066
2
349.685 144.241
0 0 0.987442 -0.157984
3
325.011 145.833
330.758 128.332
374.358 142.65
368.611 160.151
2
351.75 144.252
0 0 0.98208 -0.188466
3
327.026 144.314
333.845 127.203
376.475 144.19
369.656 161.301
2
353.811 144.39
0 0 0.975777 -0.218767
3
329.131 142.923
336.995 126.266
378.492 145.858
370.628 162.515
2
355.86 144.656
0 0 0.96854 -0.248859
3
331.317 141.664
340.197 125.526
380.403 147.648
371.523 163.786
2
357.888 145.048
0 0 0.960375 -0.278712
3
333.578 140.544
343.438 124.986
382.199 149.552
372.338 165.11
2
359.888 145.565
0 0 0.95129 -0.308298
3
335.903 139.565
346.707 124.647
383.874 151.564
373.069 166.482
2
361.853 146.204
0 0 0.941293 -0.337589
3
338.284 138.732
349.991 124.511
385.421 153.676
373.714 167.897
2
363.774 146.963
0 0 0.930396 -0.366557
3
340.713 138.048
353.277 124.578
386.835 155.879
374.271 169.349
2
365.644 147.84
0 0 0.918606 -0.395174
3
343.179 137.515
356.552 124.848
388.109 158.165
374.736 170.832
2
367.457 148.831
0 0 0.905937 -0.423412
3
345.673 137.137
359.804 125.321
389.24 160.526
375.109 172.342
2
369.204 149.933
0 0 0.892401 -0.451244
3
348.186 136.913
363.021 125.994
390.223 162.953
375.387 173.871
2
370.88 151.14
0 0 0.878009 -0.478644
3
350.708 136.845
366.19 126.865
391.053 165.435
375.571 175.415
2
372.479 152.449
0 0 0.862776 -0.505586
3
353.229 136.933
369.299 127.93
391.728 167.965
375.659 176.968
2
373.993 153.854
0 0 0.846717 -0.532043
3
355.74 137.177
372.336 129.185
392.246 170.531
375.65 178.522
2
375.418 155.35
0 0 0.829847 -0.557991
3
358.231 137.575
375.29 130.626
392.604 173.124
375.545 180.074
2
376.747 156.931
0 0 0.812182 -0.583404
3
360.693 138.127
378.149 132.246
392.801 175.734
375.345 181.616
2
377.976 158.591
0 0 0.793739 -0.608259
3
363.116 138.831
380.902 134.041
392.836 178.352
375.049 183.142
2
379.1 160.325
0 0 0.774535 -0.632531
3
365.491 139.683
383.539 136.002
392.708 180.967
374.66 184.647
2
380.114 162.124
0 0 0.75459 -0.656196
3
367.808 140.68
386.05 138.123
392.42 183.569
374.178 186.125
2
380.385 164.059
0 0 0.75459 -0.656196
3
368.079 142.615
386.321 140.058
392.691 185.503
374.449 188.06
2
380.656 165.994
0 0 0.75459 -0.656196
3
368.35 144.549
386.592 141.993
392.962 187.438
374.721 189.995
2
380.928 167.929
0 0 0.75459 -0.656196
3
368.622 146.484
386.863 143.927
393.233 189.373
374.992 191.93
2
381.199 169.863
0 0 0.75459 -0.656196
3
368.893 148.419
387.135 145.862
393.505 191.308
375.263 193.865
2
381.47 171.798
0 0 0.75459 -0.656196
3
369.164 150.354
387.406 147.797
393.776 193.243
375.534 195.8
2
381.741 173.733
0 0 0.75459 -0.656196
3
369.435 152.289
387.677 149.732
394.047 195.178
375.805 197.734
2
382.012 175.668
0 0 0.75459 -0.656196
3
369.707 154.224
387.948 151.667
394.318 197.112
376.077 199.669
2
382.284 177.603
0 0 0.75459 -0.656196
3
369.978 156.158
388.219 153.601
394.59 199.047
376.348 201.604
2
382.555 179.538
0 0 0.75459 -0.656196
3
370.249 158.093
388.491 155.536
394.861 200.982
376.619 203.539
2
382.826 181.472
0 0 0.75459 -0.656196
3
370.52 160.028
388.762 157.471
395.132 202.917
376.89 205.474
2
383.097 183.407
0 0 0.75459 -0.656196
3
370.791 161.963
389.033 159.406
395.403 204.852
377.161 207.409
2
383.368 185.342
0 0 0.75459 -0.656196
3
371.063 163.898
389.304 161.341
395.674 206.787
377.433 209.343
2
383.64 187.277
0 0 0.75459 -0.656196
3
371.334 165.833
389.575 163.276
395.946 208.721
377.704 211.278
2
383.911 189.212
0 0 0.75459 -0.656196
3
371.605 167.767
389.847 165.21
396.217 210.656
377.975 213.213
2
384.182 191.147
0 0 0.75459 -0.656196
3
371.876 169.702
390.118 167.145
396.488 212.591
378.246 215.148
2
384.453 193.081
0 0 0.75459 -0.656196
3
372.147 171.637
390.389 169.08
396.759 214.526
378.518 217.083
2
384.724 195.016
0 0 0.75459 -0.656196
3
372.419 173.572
390.66 171.015
397.03 216.461
378.789 219.018
2
384.996 196.951
0 0 0.75459 -0.656196
3
372.69 175.507
390.931 172.95
397.302 218.396
379.06 220.952
2
385.267 198.886
0 0 0.75459 -0.656196
3
372.961 177.442
391.203 174.885
397.573 220.33
379.331 222.887
2
384.912 200.921
0 0 0.774535 -0.632531
3
371.303 180.279
389.351 176.598
398.52 221.563
380.472 225.243
2
385.302 202.835
0 0 0.774535 -0.632531
3
371.693 182.193
389.742 178.513
398.911 223.477
380.862 227.158
2
386.316 204.635
0 0 0.75459 -0.656196
3
374.01 183.19
392.252 180.633
398.622 226.079
380.381 228.636
2
387.217 206.494
0 0 0.733922 -0.679234
3
376.262 184.329
394.627 182.905
398.173 228.658
379.808 230.082
2
388.002 208.405
0 0 0.712551 -0.70162
3
378.438 185.605
396.856 185.32
397.566 231.204
379.148 231.489
2
388.667 210.36
0 0 0.690497 -0.723335
3
380.532 187.013
398.932 187.868
396.801 233.708
378.401 232.853
2
389.871 208.503
0 0 0.667782 -0.744357
3
383.196 184.696
401.508 186.688
396.546 232.309
378.234 230.317
2
391.188 206.723
0 0 0.644427 -0.764666
3
385.999 182.549
404.153 185.67
396.378 230.897
378.224 227.776
2
392.613 205.028
0 0 0.620455 -0.784242
3
388.929 180.58
406.855 184.818
396.297 229.477
378.371 225.239
2
394.14 203.425
0 0 0.595889 -0.803067
3
391.975 178.795
409.605 184.134
396.304 228.054
378.675 222.716
2
394.177 205.49
0 0 0.570752 -0.821123
3
393.54 180.774
410.806 187.193
394.814 230.206
377.548 223.787
2
394.087 207.554
0 0 0.545068 -0.838392
3
394.98 182.846
411.815 190.32
393.193 232.262
376.358 224.787
2
393.869 209.608
0 0 0.518862 -0.854858
3
396.289 185.002
412.63 193.504
391.448 234.214
375.108 225.712
2
393.524 211.645
0 0 0.492159 -0.870505
3
397.462 187.236
413.245 196.733
389.586 236.054
373.803 226.557
2
393.054 213.656
0 0 0.464984 -0.885319
3
398.494 189.538
413.66 199.993
387.614 237.775
372.448 227.32
2
392.461 215.635
0 0 0.437365 -0.899284
3
399.383 191.899
413.872 203.272
385.539 239.371
371.049 227.998
2
391.746 217.573
0 0 0.409326 -0.912388
3
400.123 194.311
413.881 206.559
383.369 240.835
369.61 228.588
2
390.913 219.463
0 0 0.380895 -0.924618
3
400.713 196.764
413.687 209.839
381.112 242.163
368.138 229.087
2
389.964 221.298
0 0 0.352099 -0.935963
3
401.149 199.249
413.29 213.102
378.778 243.348
366.638 229.495
2
388.904 223.071
0 0 0.322966 -0.946411
3
401.432 201.756
412.692 216.333
376.375 244.387
365.115 229.809
2
387.736 224.775
0 0 0.293524 -0.955952
3
401.558 204.276
411.895 219.522
373.913 245.275
363.576 230.029
2
386.464 226.403
0 0 0.2638 -0.964577
3
401.529 206.798
410.903 222.655
371.4 246.009
362.026 230.152
2
385.095 227.95
0 0 0.233824 -0.972279
3
401.343 209.314
409.719 225.72
368.847 246.586
360.471 230.18
2
383.633 229.409
0 0 0.203624 -0.979049
3
401.003 211.814
408.347 228.707
366.262 247.004
358.918 230.111
2
382.083 230.775
0 0 0.173228 -0.984882
3
400.508 214.288
406.793 231.603
363.657 247.261
357.372 229.947
2
380.451 232.042
0 0 0.142667 -0.989771
3
399.861 216.727
405.063 234.397
361.041 247.357
355.839 229.687
2
378.744 233.205
0 0 0.111969 -0.993712
3
399.065 219.12
403.164 237.079
358.424 247.291
354.325 229.332
2
376.969 234.261
0 0 0.0811643 -0.996701
3
398.122 221.46
401.102 239.638
355.816 247.062
352.836 228.885
2
375.132 235.206
0 0 0.0502814 -0.998735
3
397.036 223.738
398.886 242.064
353.228 246.673
351.378 228.347
2
373.239 236.034
0 0 0.0193504 -0.999813
3
395.811 225.943
396.524 244.349
350.668 246.125
349.955 227.719
2
371.299 236.744
0 0 0.0115991 0.999933
3
394.452 228.069
394.025 246.484
348.147 245.419
348.574 227.004
2
369.319 237.333
0 0 0.0425376 0.999095
3
392.964 230.106
391.399 248.46
345.675 244.559
347.24 226.206
2
367.307 237.798
0 0 0.0734353 0.9973
3
391.353 232.048
388.655 250.269
343.26 243.548
345.958 225.326
2
365.455 236.882
0 0 0.0425376 0.999095
3
389.1 229.656
387.534 248.009
341.81 244.109
343.376 225.755
2
363.55 236.083
0 0 0.0115991 0.999933
3
386.702 227.408
386.275 245.823
340.397 244.758
340.825 226.343
2
361.599 235.403
0 0 0.0193504 -0.999813
3
384.171 225.312
384.883 243.719
339.028 245.494
338.315 227.088
2
359.659 236.113
0 0 0.0115991 0.999933
3
382.812 227.438
382.385 245.853
336.507 244.789
336.934 226.374
2
357.679 236.702
0 0 0.0425376 0.999095
3
381.324 229.476
379.758 247.829
334.035 243.928
335.6 225.575
2
355.667 237.167
0 0 0.0734353 0.9973
3
379.713 231.417
377.015 249.638
331.62 242.917
334.318 224.695
2
353.629 237.507
0 0 0.104263 0.99455
3
377.985 233.255
374.165 251.275
329.273 241.758
333.093 223.738
2
351.718 237.101
0 0 0.104263 0.99455
3
376.074 232.85
372.254 250.87
327.361 241.353
331.182 223.333
2
349.806 236.696
0 0 0.104263 0.99455
3
374.163 232.445
370.342 250.464
325.45 240.947
329.27 222.928
2
347.895 236.291
0 0 0.104263 0.99455
3
372.251 232.04
368.431 250.059
323.539 240.542
327.359 222.523
2
345.984 235.886
0 0 0.104263 0.99455
3
370.34 231.635
366.52 249.654
321.628 240.137
325.448 222.117
2
344.073 235.481
0 0 0.104263 0.99455
3
368.429 231.229
364.609 249.249
319.716 239.732
323.536 221.712
2
342.161 235.075
0 0 0.104263 0.99455
3
366.517 230.824
362.697 248.844
317.805 239.327
321.625 221.307
2
340.25 234.67
0 0 0.104263 0.99455
3
364.606 230.419
360.786 248.439
315.894 238.921
319.714 220.902
2
338.339 234.265
0 0 0.104263 0.99455
3
362.695 230.014
358.875 248.033
313.982 238.516
317.803 220.497
2
336.427 233.86
0 0 0.104263 0.99455
3
360.784 229.609
356.963 247.628
312.071 238.111
315.891 220.092
2
334.516 233.455
0 0 0.104263 0.99455
3
358.872 229.203
355.052 247.223
310.16 237.706
313.98 219.686
2
332.605 233.05
0 0 0.104263 0.99455
3
356.961 228.798
353.141 246.818
308.249 237.301
312.069 219.281
2
330.694 232.644
0 0 0.104263 0.99455
3
355.05 228.393
351.23 246.413
306.337 236.896
310.157 218.876
2
328.782 232.239
0 0 0.104263 0.99455
3
353.138 227.988
349.318 246.007
304.426 236.49
308.246 218.471
2
326.871 231.834
0 0 0.104263 0.99455
3
351.227 227.583
347.407 245.602
302.515 236.085
306.335 218.066
2
324.96 231.429
0 0 0.104263 0.99455
3
349.316 227.178
345.496 245.197
300.603 235.68
304.424 217.66
2
323.048 231.024
0 0 0.104263 0.99455
3
347.405 226.772
343.584 244.792
298.692 235.275
302.512 217.255
2
321.137 230.618
0 0 0.104263 0.99455
3
345.493 226.367
341.673 244.387
296.781 234.87
300.601 216.85
2
319.226 230.213
0 0 0.104263 0.99455
3
343.582 225.962
339.762 243.982
294.87 234.464
298.69 216.445
2
317.315 229.808
0 0 0.104263 0.99455
3
341.671 225.557
337.851 243.576
292.958 234.059
296.778 216.04
2
315.403 229.403
0 0 0.104263 0.99455
3
339.759 225.152
335.939 243.171
291.047 233.654
294.867 215.635
2
313.492 228.998
0 0 0.104263 0.99455
3
337.848 224.746
334.028 242.766
289.136 233.249
292.956 215.229
2
311.581 228.593
0 0 0.104263 0.99455
3
335.937 224.341
332.117 242.361
287.224 232.844
291.045 214.824
2
309.669 228.187
0 0 0.104263 0.99455
3
334.026 223.936
330.205 241.956
285.313 232.439
289.133 214.419
2
307.758 227.782
0 0 0.104263 0.99455
3
332.114 223.531
328.294 241.55
283.402 232.033
287.222 214.014
2
305.847 227.377
0 0 0.104263 0.99455
3
330.203 223.126
326.383 241.145
281.491 231.628
285.311 213.609
2
303.936 226.972
0 0 0.104263 0.99455
3
328.292 222.721
324.472 240.74
279.579 231.223
283.399 213.203
2
302.024 226.567
0 0 0.104263 0.99455
3
326.38 222.315
322.56 240.335
277.668 230.818
281.488 212.798
2
300.113 226.161
0 0 0.104263 0.99455
3
324.469 221.91
320.649 239.93
275.757 230.413
279.577 212.393
2
298.202 225.756
0 0 0.104263 0.99455
3
322.558 221.505
318.738 239.525
273.845 230.007
277.666 211.988
2
296.29 225.351
0 0 0.104263 0.99455
3
320.647 221.1
316.826 239.119
271.934 229.602
275.754 211.583
2
294.379 224.946
0 0 0.104263 0.99455
3
318.735 220.695
314.915 238.714
270.023 229.197
273.843 211.178
2
292.468 224.541
0 0 0.104263 0.99455
3
316.824 220.289
313.004 238.309
268.112 228.792
271.932 210.772
2
290.557 224.136
0 0 0.104263 0.99455
3
314.913 219.884
311.093 237.904
266.2 228.387
270.02 210.367
2
288.645 223.73
0 0 0.104263 0.99455
3
313.001 219.479
309.181 237.499
264.289 227.982
268.109 209.962
2
286.734 223.325
0 0 0.104263 0.99455
3
311.09 219.074
307.27 237.093
262.378 227.576
266.198 209.557
2
284.823 222.92
0 0 0.104263 0.99455
3
309.179 218.669
305.359 236.688
260.466 227.171
264.287 209.152
2
282.911 222.515
0 0 0.104263 0.99455
3
307.268 218.264
303.447 236.283
258.555 226.766
262.375 208.746
2
280.857 222.728
0 0 0.13499 0.990847
3
305.429 219.991
300.502 237.74
256.284 225.464
261.212 207.715
2
278.793 222.813
0 0 0.165588 0.986195
3
303.487 221.602
297.471 239.012
254.098 224.024
260.114 206.614
2
276.727 222.771
0 0 0.196028 0.980598
3
301.45 223.09
294.368 240.094
252.005 222.452
259.087 205.447
2
274.669 222.6
0 0 0.22628 0.974062
3
299.324 224.448
291.204 240.982
250.013 220.753
258.133 204.219
2
272.915 221.739
0 0 0.22628 0.974062
3
297.57 223.587
289.45 240.121
248.26 219.891
256.38 203.358
2
271.161 220.878
0 0 0.22628 0.974062
3
295.817 222.726
287.697 239.259
246.506 219.03
254.626 202.496
2
269.408 220.017
0 0 0.22628 0.974062
3
294.063 221.864
285.943 238.398
244.752 218.169
252.872 201.635
2
267.654 219.155
0 0 0.22628 0.974062
3
292.309 221.003
284.189 237.537
242.999 217.308
251.119 200.774
2
265.9 218.294
0 0 0.22628 0.974062
3
290.556 220.142
282.436 236.676
241.245 216.446
249.365 199.913
2
264.147 217.433
0 0 0.22628 0.974062
3
288.802 219.281
280.682 235.814
239.491 215.585
247.611 199.051
2
262.393 216.572
0 0 0.22628 0.974062
3
287.048 218.419
278.928 234.953
237.738 214.724
245.858 198.19
2
260.639 215.71
0 0 0.22628 0.974062
3
285.295 217.558
277.175 234.092
235.984 213.863
244.104 197.329
2
258.886 214.849
0 0 0.22628 0.974062
3
283.541 216.697
275.421 233.231
234.23 213.001
242.35 196.468
2
257.132 213.988
0 0 0.22628 0.974062
3
281.787 215.836
273.667 232.369
232.477 212.14
240.597 195.606
2
255.378 213.127
0 0 0.22628 0.974062
3
280.034 214.974
271.914 231.508
230.723 211.279
238.843 194.745
2
253.625 212.265
0 0 0.22628 0.974062
3
278.28 214.113
270.16 230.647
228.969 210.418
237.089 193.884
2
251.871 211.404
0 0 0.22628 0.974062
3
276.526 213.252
268.406 229.786
227.216 209.556
235.336 193.023
2
250.117 210.543
0 0 0.22628 0.974062
3
274.773 212.391
266.653 228.924
225.462 208.695
233.582 192.161
2
248.364 209.682
0 0 0.22628 0.974062
3
273.019 211.529
264.899 228.063
223.708 207.834
231.828 191.3
2
246.61 208.82
0 0 0.22628 0.974062
3
271.265 210.668
263.145 227.202
221.955 206.973
230.075 190.439
2
244.856 207.959
0 0 0.22628 0.974062
3
269.511 209.807
261.392 226.341
220.201 206.111
228.321 189.578
2
243.103 207.098
0 0 0.22628 0.974062
3
267.758 208.946
259.638 225.479
218.447 205.25
226.567 188.716
2
241.349 206.237
0 0 0.22628 0.974062
3
266.004 208.084
257.884 224.618
216.694 204.389
224.814 187.855
2
239.595 205.375
0 0 0.22628 0.974062
3
264.25 207.223
256.131 223.757
214.94 203.528
223.06 186.994
2
237.551 205.078
0 0 0.256315 0.966593
3
262.045 208.448
252.917 224.447
213.057 201.709
222.184 185.709
2
235.529 204.655
0 0 0.286104 0.958198
3
259.767 209.533
249.668 224.938
211.291 199.777
221.39 184.372
2
233.537 204.108
0 0 0.31562 0.948886
3
257.427 210.476
246.394 225.226
209.647 197.739
220.68 182.989
2
231.583 203.438
0 0 0.344833 0.938664
3
255.033 211.272
243.109 225.312
208.132 195.604
220.057 181.565
2
229.674 202.649
0 0 0.373716 0.927543
3
252.595 211.919
239.825 225.194
206.753 193.379
219.523 180.105
2
227.817 201.743
0 0 0.402241 0.915534
3
250.121 212.413
236.554 224.873
205.514 191.073
219.081 178.614
2
226.02 200.725
0 0 0.43038 0.902648
3
247.621 212.754
233.309 224.35
204.419 188.695
218.731 177.099
2
224.29 199.597
0 0 0.458107 0.888897
3
245.105 212.939
230.103 223.628
203.474 186.254
218.476 175.565
2
222.632 198.364
0 0 0.485396 0.874295
3
242.582 212.968
226.948 222.708
202.682 183.759
218.316 174.019
2
221.054 197.03
0 0 0.512219 0.858855
3
240.062 212.841
223.856 221.596
202.046 181.22
218.253 172.465
2
219.562 195.602
0 0 0.538552 0.842592
3
237.556 212.559
220.838 220.294
201.568 178.646
218.285 170.911
2
218.16 194.085
0 0 0.564369 0.825523
3
235.071 212.122
217.907 218.808
201.25 176.047
218.414 169.361
2
216.856 192.483
0 0 0.589646 0.807662
3
232.618 211.532
215.073 217.143
201.094 173.434
218.638 167.823
2
215.653 190.804
0 0 0.614357 0.789028
3
230.206 210.791
212.348 215.306
201.099 170.816
218.957 166.301
2
214.556 189.053
0 0 0.63848 0.769638
3
227.845 209.903
209.742 213.305
201.266 168.204
219.37 164.802
2
213.569 187.238
0 0 0.661992 0.749511
3
225.543 208.87
207.264 211.145
201.595 165.607
219.874 163.331
2
213.328 185.3
0 0 0.661992 0.749511
3
225.302 206.931
207.023 209.207
201.354 163.668
219.633 161.393
2
213.086 183.361
0 0 0.661992 0.749511
3
225.06 204.992
206.781 207.268
201.112 161.729
219.391 159.454
2
212.845 181.422
0 0 0.661992 0.749511
3
224.819 203.054
206.54 205.329
200.871 159.791
219.15 157.515
2
212.604 179.483
0 0 0.661992 0.749511
3
224.578 201.115
206.299 203.39
200.63 157.852
218.909 155.576
2
212.362 177.545
0 0 0.661992 0.749511
3
224.336 199.176
206.057 201.452
200.388 155.913
218.667 153.638
2
212.121 175.606
0 0 0.661992 0.749511
3
224.095 197.237
205.816 199.513
200.147 153.974
218.426 151.699
2
211.88 173.667
0 0 0.661992 0.749511
3
223.854 195.298
205.575 197.574
199.906 152.035
218.185 149.76
2
211.638 171.728
0 0 0.661992 0.749511
3
223.612 193.36
205.333 195.635
199.664 150.097
217.943 147.821
2
211.397 169.789
0 0 0.661992 0.749511
3
223.371 191.421
205.092 193.696
199.423 148.158
217.702 145.882
2
211.156 167.851
0 0 0.661992 0.749511
3
223.13 189.482
204.851 191.758
199.182 146.219
217.461 143.944
2
210.914 165.912
0 0 0.661992 0.749511
3
222.888 187.543
204.609 189.819
198.94 144.28
217.219 142.005
2
210.673 163.973
0 0 0.661992 0.749511
3
222.647 185.605
204.368 187.88
198.699 142.342
216.978 140.066
2
210.432 162.034
0 0 0.661992 0.749511
3
222.406 183.666
204.127 185.941
198.458 140.403
216.737 138.127
2
210.19 160.095
0 0 0.661992 0.749511
3
222.164 181.727
203.885 184.002
198.216 138.464
216.495 136.188
2
209.949 158.157
0 0 0.661992 0.749511
3
221.923 179.788
203.644 182.064
197.975 136.525
216.254 134.25
2
209.708 156.218
0 0 0.661992 0.749511
3
221.681 177.849
203.403 180.125
197.734 134.586
216.012 132.311
2
209.466 154.279
0 0 0.661992 0.749511
3
221.44 175.911
203.161 178.186
197.492 132.648
215.771 130.372
2
209.225 152.34
0 0 0.661992 0.749511
3
221.199 173.972
202.92 176.247
197.251 130.709
215.53 128.433
2
208.983 150.402
0 0 0.661992 0.749511
3
220.957 172.033
202.679 174.309
197.01 128.77
215.288 126.495
2
208.742 148.463
0 0 0.661992 0.749511
3
220.716 170.094
202.437 172.37
196.768 126.831
215.047 124.556
2
208.501 146.524
0 0 0.661992 0.749511
3
220.475 168.156
202.196 170.431
196.527 124.893
214.806 122.617
2
208.259 144.585
0 0 0.661992 0.749511
3
220.233 166.217
201.954 168.492
196.286 122.954
214.564 120.678
2
208.018 142.646
0 0 0.661992 0.749511
3
219.992 164.278
201.713 166.553
196.044 121.015
214.323 118.739
2
207.777 140.708
0 0 0.661992 0.749511
3
219.751 162.339
201.472 164.615
195.803 119.076
214.082 116.801
2
207.535 138.769
0 0 0.661992 0.749511
3
219.509 160.4
201.23 162.676
195.561 117.137
213.84 114.862
2
207.294 136.83
0 0 0.661992 0.749511
3
219.268 158.462
200.989 160.737
195.32 115.199
213.599 112.923
2
207.053 134.891
0 0 0.661992 0.749511
3
219.027 156.523
200.748 158.798
195.079 113.26
213.358 110.984
2
206.811 132.953
0 0 0.661992 0.749511
3
218.785 154.584
200.506 156.86
194.837 111.321
213.116 109.046
2
206.57 131.014
0 0 0.661992 0.749511
3
218.544 152.645
200.265 154.921
194.596 109.382
212.875 107.107
2
206.329 129.075
0 0 0.661992 0.749511
3
218.303 150.706
200.024 152.982
194.355 107.443
212.634 105.168
2
206.087 127.136
0 0 0.661992 0.749511
3
218.061 148.768
199.782 151.043
194.113 105.505
212.392 103.229
2
205.846 125.197
0 0 0.661992 0.749511
3
217.82 146.829
199.541 149.104
193.872 103.566
212.151 101.29
2
205.605 123.259
0 0 0.661992 0.749511
3
217.579 144.89
199.3 147.166
193.631 101.627
211.91 99.3516
2
205.363 121.32
0 0 0.661992 0.749511
3
217.337 142.951
199.058 145.227
193.389 99.6883
211.668 97.4129
2
205.75 119.291
0 0 0.63848 0.769638
3
219.039 140.14
200.936 143.542
192.461 98.4413
210.564 95.0394
2
206.01 117.241
0 0 0.614357 0.789028
3
220.564 137.229
202.706 141.744
191.457 97.2541
209.315 92.7388
2
206.143 115.18
0 0 0.589646 0.807662
3
221.906 134.229
204.361 139.84
190.381 96.1312
207.926 90.5198
2
206.149 113.114
0 0 0.564369 0.825523
3
223.059 131.151
205.895 137.837
189.239 95.0771
206.402 88.3911
2
206.026 111.052
0 0 0.538552 0.842592
3
224.02 128.009
207.303 135.744
188.033 94.0956
204.75 86.3607
2
205.777 109.002
0 0 0.512219 0.858855
3
224.785 124.812
208.578 133.567
186.768 93.1907
202.975 84.4363
2
204.284 107.573
0 0 0.538552 0.842592
3
222.278 124.53
205.561 132.265
186.29 90.6169
203.008 82.8819
2
202.883 106.056
0 0 0.564369 0.825523
3
219.793 124.093
202.629 130.779
185.973 88.0184
203.136 81.3324
2
201.578 104.454
0 0 0.589646 0.807662
3
217.34 123.503
199.796 129.114
185.816 85.4053
203.361 79.7939
2
200.375 102.775
0 0 0.614357 0.789028
3
214.929 122.762
197.071 127.277
185.821 82.7875
203.679 78.2722
2
199.278 101.024
0 0 0.63848 0.769638
3
212.567 121.874
194.464 125.276
185.989 80.175
204.092 76.7731
2
198.292 99.2094
0 0 0.661992 0.749511
3
210.265 120.841
191.987 123.116
186.318 77.5779
204.596 75.3025
2
197.419 97.337
0 0 0.684869 0.728666
3
208.032 119.668
189.647 120.808
186.806 75.0062
205.191 73.8658
2
197.931 95.3356
0 0 0.661992 0.749511
3
209.905 116.967
191.626 119.243
185.957 73.7041
204.236 71.4286
2
198.317 93.3063
0 0 0.63848 0.769638
3
211.606 114.156
193.503 117.558
185.028 72.457
203.131 69.0551
2
198.578 91.2571
0 0 0.614357 0.789028
3
213.131 111.244
195.273 115.76
184.024 71.2698
201.882 66.7545
2
198.711 89.1956
0 0 0.589646 0.807662
3
214.473 108.244
196.928 113.856
182.949 70.1469
200.493 64.5355
2
198.716 87.1299
0 0 0.564369 0.825523
3
215.626 105.167
198.463 111.853
181.806 69.0928
198.97 62.4068
2
198.594 85.0678
0 0 0.538552 0.842592
3
216.587 102.024
199.87 109.759
180.6 68.1113
197.317 60.3764
2
198.344 83.0172
0 0 0.512219 0.858855
3
217.352 98.8281
201.145 107.582
179.336 67.2064
195.542 58.452
2
197.968 80.986
0 0 0.485396 0.874295
3
217.918 95.5907
202.284 105.331
178.018 66.3814
193.652 56.6412
2
197.467 78.982
0 0 0.458107 0.888897
3
218.282 92.3245
203.28 103.013
176.651 65.6395
191.653 54.9508
2
196.843 77.0128
0 0 0.43038 0.902648
3
218.443 89.0421
204.132 100.638
175.242 64.9835
189.554 53.3873
2
196.098 75.086
0 0 0.402241 0.915534
3
218.401 85.756
204.835 98.2153
173.794 64.416
187.361 51.9566
2
195.235 73.2089
0 0 0.373716 0.927543
3
218.156 82.4787
205.386 95.7535
172.314 63.9391
185.085 50.6643
2
194.258 71.3888
0 0 0.344833 0.938664
3
217.709 79.2229
205.784 93.2623
170.808 63.5547
182.732 49.5153
2
193.171 69.6326
0 0 0.31562 0.948886
3
217.061 76.001
206.028 90.7512
169.281 63.2642
180.314 48.5141
2
191.977 67.9471
0 0 0.286104 0.958198
3
216.215 72.8254
206.115 88.2298
167.738 63.0688
177.838 47.6644
2
190.68 66.3387
0 0 0.256315 0.966593
3
215.174 69.7082
206.047 85.7079
166.187 62.9692
175.314 46.9695
2
189.287 64.8135
0 0 0.22628 0.974062
3
213.942 66.6613
205.822 83.195
164.632 62.9657
172.752 46.432
2
187.802 63.3775
0 0 0.196028 0.980598
3
212.524 63.6965
205.443 80.7008
163.08 63.0584
170.161 46.0541
2
186.231 62.036
0 0 0.165588 0.986195
3
210.926 60.825
204.91 78.2349
161.536 63.247
167.552 45.8371
2
184.58 60.7943
0 0 0.13499 0.990847
3
209.153 58.058
204.225 75.8067
160.008 63.5307
164.935 45.782
2
182.856 59.6572
0 0 0.104263 0.99455
3
207.212 55.4059
203.392 73.4255
158.5 63.9084
162.32 45.8889
2
181.064 58.6288
0 0 0.0734353 0.9973
3
205.111 52.879
202.413 71.1004
157.018 64.3787
159.716 46.1573
2
179.026 58.9684
0 0 0.104263 0.99455
3
203.383 54.7172
199.563 72.7367
154.67 63.2197
158.49 45.2001
2
177.235 57.9401
0 0 0.0734353 0.9973
3
201.281 52.1903
198.583 70.4116
153.188 63.6899
155.886 45.4686
2
175.383 57.0246
0 0 0.0425376 0.999095
3
199.028 49.7982
197.462 68.1516
151.738 64.251
153.304 45.8977
2
173.478 56.2254
0 0 0.0115991 0.999933
3
196.631 47.5501
196.203 65.9652
150.326 64.9007
150.753 46.4856
2
171.528 55.5456
0 0 0.0193504 -0.999813
3
194.099 45.4547
194.812 63.8609
148.956 65.6365
148.243 47.2303
2
169.539 54.9877
0 0 0.0502814 -0.998735
3
191.443 43.5198
193.293 61.8467
147.635 66.4557
145.785 48.1288
2
167.519 54.554
0 0 0.0811643 -0.996701
3
188.672 41.753
191.652 59.9303
146.366 67.355
143.386 49.1777
2
165.476 54.246
0 0 0.111969 -0.993712
3
185.796 40.161
189.895 58.1191
145.156 68.331
141.057 50.3729
2
163.572 54.6808
0 0 0.111969 -0.993712
3
183.892 40.5958
187.991 58.5539
143.251 68.7658
139.152 50.8077
2
161.667 55.1156
0 0 0.111969 -0.993712
3
181.987 41.0305
186.086 58.9887
141.347 69.2006
137.248 51.2425
2
159.762 55.5503
0 0 0.111969 -0.993712
3
180.082 41.4653
184.181 59.4234
139.442 69.6354
135.343 51.6772
2
157.857 55.9851
0 0 0.111969 -0.993712
3
178.177 41.9001
182.276 59.8582
137.537 70.0701
133.438 52.112
2
155.953 56.4199
0 0 0.111969 -0.993712
3
176.273 42.3348
180.372 60.293
135.632 70.5049
131.533 52.5468
2
154.048 56.8546
0 0 0.111969 -0.993712
3
174.368 42.7696
178.467 60.7277
133.728 70.9397
129.629 52.9815
2
152.143 57.2894
0 0 0.111969 -0.993712
3
172.463 43.2044
176.562 61.1625
131.823 71.3744
127.724 53.4163
2
150.238 57.7242
0 0 0.111969 -0.993712
3
170.558 43.6391
174.657 61.5973
129.918 71.8092
125.819 53.8511
2
148.334 58.1589
0 0 0.111969 -0.993712
3
168.654 44.0739
172.753 62.032
128.013 72.244
123.914 54.2858
2
146.429 58.5937
0 0 0.111969 -0.993712
3
166.749 44.5087
170.848 62.4668
126.109 72.6787
122.01 54.7206
2
144.524 59.0285
0 0 0.111969 -0.993712
3
164.844 44.9434
168.943 62.9016
124.204 73.1135
120.105 55.1554
2
142.619 59.4632
0 0 0.111969 -0.993712
3
162.939 45.3782
167.038 63.3363
122.299 73.5483
118.2 55.5901
2
140.714 59.898
0 0 0.111969 -0.993712
3
161.035 45.813
165.134 63.7711
120.394 73.983
116.295 56.0249
2
138.657 59.717
0 0 0.142667 -0.989771
3
158.067 44.4019
163.269 62.072
119.247 75.0321
114.045 57.3619
2
136.592 59.6636
0 0 0.173228 -0.984882
3
155.017 43.1771
161.302 60.4916
118.166 76.1501
111.881 58.8356
2
134.527 59.7381
0 0 0.203624 -0.979049
3
151.897 42.1433
159.242 59.0358
117.157 77.3329
109.813 60.4404
2
132.471 59.9401
0 0 0.233824 -0.972279
3
148.72 41.3045
157.095 57.7103
116.223 78.5758
107.848 62.17
2
130.432 60.269
0 0 0.2638 -0.964577
3
145.496 40.6639
154.871 56.5201
115.368 79.8741
105.993 64.0178
2
128.417 60.7233
0 0 0.293524 -0.955952
3
142.24 40.2239
152.577 55.4699
114.594 81.2228
104.257 65.9768
2
126.434 61.3015
0 0 0.322966 -0.946411
3
138.962 39.9862
150.222 54.5635
113.906 82.6168
102.645 68.0395
2
124.49 62.0012
0 0 0.352099 -0.935963
3
135.676 39.9517
147.816 53.8045
113.305 84.0508
101.164 70.198
2
122.593 62.8199
0 0 0.380895 -0.924618
3
132.394 40.1206
145.368 53.1958
112.793 85.5191
99.8191 72.4439
2
120.751 63.7543
0 0 0.409326 -0.912388
3
129.128 40.4922
142.887 52.7398
112.374 87.0163
98.6157 74.7688
2
118.97 64.8008
0 0 0.437365 -0.899284
3
125.892 41.0651
140.382 52.4381
112.048 88.5366
97.5585 77.1636
2
117.257 65.9556
0 0 0.464984 -0.885319
3
122.698 41.8371
137.863 52.292
111.817 90.0741
96.6515 79.6193
2
115.619 67.2141
0 0 0.492159 -0.870505
3
119.557 42.8053
135.34 52.3019
111.681 91.6229
95.8981 82.1263
2
114.062 68.5715
0 0 0.518862 -0.854858
3
116.482 43.9659
132.823 52.4679
111.642 93.1772
95.3012 84.6752
2
112.592 70.0227
0 0 0.545068 -0.838392
3
113.485 45.3144
130.321 52.7893
111.698 94.7309
94.8632 87.2561
2
112.374 72.0769
0 0 0.518862 -0.854858
3
114.794 47.4712
131.135 55.9732
109.954 96.6826
93.6131 88.1805
2
112.029 74.1137
0 0 0.492159 -0.870505
3
115.967 49.7049
131.75 59.2015
108.091 98.5225
92.3082 89.0259
2
110.472 75.4711
0 0 0.518862 -0.854858
3
112.893 50.8654
129.233 59.3674
108.052 100.077
91.7114 91.5747
2
109.002 76.9222
0 0 0.545068 -0.838392
3
109.896 52.214
126.731 59.6888
108.108 101.631
91.2733 94.1556
2
107.624 78.4616
0 0 0.570752 -0.821123
3
106.988 53.7453
124.253 60.1644
108.261 103.178
90.9958 96.7587
2
106.345 80.0832
0 0 0.595889 -0.803067
3
104.18 55.4537
121.81 60.7924
108.509 104.713
90.8798 99.3739
2
105.168 81.7808
0 0 0.620455 -0.784242
3
101.484 57.3324
119.41 61.5703
108.852 106.229
90.9259 101.991
2
104.098 83.548
0 0 0.644427 -0.764666
3
98.9088 59.3743
117.062 62.4952
109.287 107.722
91.1338 104.601
2
103.14 85.378
0 0 0.667782 -0.744357
3
96.465 61.5717
114.777 63.5635
109.815 109.184
91.5027 107.193
2
102.297 87.2638
0 0 0.690497 -0.723335
3
94.1618 63.916
112.562 64.7711
110.431 110.612
92.0312 109.756
2
101.572 89.1981
0 0 0.712551 -0.70162
3
92.008 66.3982
110.426 66.1135
111.135 111.998
92.7173 112.283
2
100.968 91.1736
0 0 0.733922 -0.679234
3
90.0119 69.009
108.377 67.5855
111.923 113.338
93.5584 114.762
2
100.487 93.1827
0 0 0.75459 -0.656196
3
88.1812 71.7383
106.423 69.1814
112.793 114.627
94.5513 117.184
2
100.132 95.2176
0 0 0.774535 -0.632531
3
86.5228 74.5756
104.571 70.8951
113.741 115.86
95.6921 119.54
2
100.522 97.132
0 0 0.774535 -0.632531
3
86.9132 76.4899
104.962 72.8094
114.131 117.774
96.0824 121.455
2
100.912 99.0463
0 0 0.774535 -0.632531
3
87.3035 78.4043
105.352 74.7238
114.521 119.688
96.4728 123.369
2
101.303 100.961
0 0 0.774535 -0.632531
3
87.6939 80.3186
105.742 76.6381
114.912 121.603
96.8632 125.283
2
101.693 102.875
0 0 0.774535 -0.632531
3
88.0843 82.233
106.133 78.5525
115.302 123.517
97.2536 127.198
2
102.084 104.789
0 0 0.774535 -0.632531
3
88.4747 84.1473
106.523 80.4668
115.693 125.431
97.644 129.112
2
102.474 106.704
0 0 0.774535 -0.632531
3
88.8651 86.0617
106.914 82.3812
116.083 127.346
98.0343 131.026
2
102.864 108.618
0 0 0.774535 -0.632531
3
89.2554 87.976
107.304 84.2955
116.473 129.26
98.4247 132.941
2
103.255 110.532
0 0 0.774535 -0.632531
3
89.6458 89.8904
107.694 86.2099
116.864 131.174
98.8151 134.855
2
103.645 112.447
0 0 0.774535 -0.632531
3
90.0362 91.8047
108.085 88.1242
117.254 133.089
99.2055 136.769
2
104.035 114.361
0 0 0.774535 -0.632531
3
90.4266 93.7191
108.475 90.0386
117.644 135.003
99.5959 138.684
2
104.426 116.275
0 0 0.774535 -0.632531
3
90.817 95.6334
108.866 91.9529
118.035 136.918
99.9863 140.598
2
104.816 118.19
0 0 0.774535 -0.632531
3
91.2073 97.5478
109.256 93.8673
118.425 138.832
100.377 142.512
2
105.207 120.104
0 0 0.774535 -0.632531
3
91.5977 99.4621
109.646 95.7816
118.816 140.746
100.767 144.427
2
105.597 122.019
0 0 0.774535 -0.632531
3
91.9881 101.376
110.037 97.696
119.206 142.661
101.157 146.341
2
105.987 123.933
0 0 0.774535 -0.632531
3
92.3785 103.291
110.427 99.6103
119.596 144.575
101.548 148.255
2
107.002 125.732
0 0 0.75459 -0.656196
3
94.6959 104.288
112.938 101.731
119.308 147.177
101.066 149.734
2
107.903 127.591
0 0 0.733922 -0.679234
3
96.9473 105.427
115.312 104.003
118.859 149.756
100.494 151.179
2
108.687 129.502
0 0 0.712551 -0.70162
3
99.1238 106.702
117.542 106.418
118.251 152.302
99.8332 152.587
2
109.352 131.458
0 0 0.690497 -0.723335
3
101.217 108.11
119.617 108.965
117.487 154.806
99.0868 153.951
2
109.895 133.451
0 0 0.667782 -0.744357
3
103.22 109.645
121.532 111.637
116.569 157.258
98.2574 155.266
2
109.051 135.337
0 0 0.690497 -0.723335
3
100.917 111.989
119.317 112.844
117.186 158.685
98.786 157.83
2
108.326 137.271
0 0 0.712551 -0.70162
3
98.7627 114.472
117.181 114.187
117.89 160.071
99.4721 160.356
2
107.722 139.247
0 0 0.733922 -0.679234
3
96.7667 117.082
115.132 115.659
118.678 161.412
100.313 162.835
2
107.242 141.256
0 0 0.75459 -0.656196
3
94.9359 119.812
113.178 117.255
119.548 162.7
101.306 165.257
2
106.886 143.291
0 0 0.774535 -0.632531
3
93.2775 122.649
111.326 118.968
120.495 163.933
102.447 167.613
2
106.658 145.344
0 0 0.793739 -0.608259
3
91.7978 125.583
109.584 120.793
121.517 165.105
103.731 169.895
2
106.556 147.407
0 0 0.812182 -0.583404
3
90.5025 128.604
107.958 122.723
122.61 166.211
105.154 172.092
2
106.583 149.473
0 0 0.829847 -0.557991
3
89.3965 131.698
106.455 124.749
123.769 167.247
106.71 174.197
2
106.737 151.533
0 0 0.846717 -0.532043
3
88.484 134.856
105.08 126.864
124.99 168.21
108.394 176.202
2
107.018 153.579
0 0 0.862776 -0.505586
3
87.7687 138.063
103.839 129.06
126.268 169.095
110.198 178.098
2
107.426 155.604
0 0 0.878009 -0.478644
3
87.2531 141.309
102.735 131.329
127.598 169.9
112.116 179.88
2
107.958 157.6
0 0 0.892401 -0.451244
3
86.9393 144.58
101.774 133.662
128.976 170.621
114.141 181.539
2
109.634 158.808
0 0 0.878009 -0.478644
3
89.4612 144.512
104.943 134.532
129.807 173.103
114.324 183.083
2
111.232 160.116
0 0 0.862776 -0.505586
3
91.9826 144.6
108.052 135.597
130.482 175.632
114.412 184.635
2
112.747 161.521
0 0 0.846717 -0.532043
3
94.4936 144.844
111.09 136.852
131 178.198
114.403 186.19
2
114.171 163.017
0 0 0.829847 -0.557991
3
96.9848 145.243
114.043 138.293
131.357 180.792
114.299 187.741
2
115.5 164.599
0 0 0.812182 -0.583404
3
99.4465 145.795
116.902 139.914
131.554 183.402
114.098 189.283
2
116.729 166.259
0 0 0.793739 -0.608259
3
101.869 146.498
119.656 141.708
131.589 186.02
113.803 190.81
2
117.853 167.992
0 0 0.774535 -0.632531
3
104.244 147.35
122.293 143.67
131.462 188.634
113.413 192.315
2
118.867 169.792
0 0 0.75459 -0.656196
3
106.561 148.347
124.803 145.791
131.173 191.236
112.932 193.793
2
119.769 171.651
0 0 0.733922 -0.679234
3
108.813 149.486
127.178 148.063
130.724 193.815
112.359 195.239
2
120.553 173.562
0 0 0.712551 -0.70162
3
110.989 150.762
129.407 150.477
130.117 196.362
111.699 196.646
2
121.218 175.518
0 0 0.690497 -0.723335
3
113.083 152.17
131.483 153.025
129.352 198.865
110.952 198.01
2
121.76 177.511
0 0 0.667782 -0.744357
3
115.085 153.704
133.397 155.696
128.435 201.317
110.123 199.325
2
122.178 179.534
0 0 0.644427 -0.764666
3
116.989 155.36
135.143 158.481
127.368 203.707
109.214 200.587
2
122.47 181.579
0 0 0.620455 -0.784242
3
118.786 157.13
136.712 161.368
126.154 206.027
108.228 201.789
2
122.635 183.638
0 0 0.595889 -0.803067
3
120.471 159.008
138.1 164.347
124.8 208.267
107.171 202.929
2
122.673 185.703
0 0 0.570752 -0.821123
3
122.036 160.987
139.301 167.406
123.31 210.419
106.044 204
2
122.582 187.767
0 0 0.545068 -0.838392
3
123.476 163.059
140.311 170.534
121.689 212.475
104.854 205
2
122.364 189.821
0 0 0.518862 -0.854858
3
124.785 165.216
141.125 173.718
119.944 214.427
103.604 205.925
2
122.02 191.858
0 0 0.492159 -0.870505
3
125.958 167.449
141.741 176.946
118.082 216.267
102.299 206.77
2
121.55 193.87
0 0 0.464984 -0.885319
3
126.99 169.751
142.156 180.206
116.11 217.988
100.944 207.533
2
120.956 195.848
0 0 0.437365 -0.899284
3
127.878 172.112
142.368 183.485
114.034 219.584
99.5447 208.211
2
120.242 197.786
0 0 0.409326 -0.912388
3
128.619 174.524
142.377 186.772
111.865 221.048
98.1062 208.801
2
119.408 199.677
0 0 0.380895 -0.924618
3
129.208 176.977
142.183 190.053
109.608 222.376
96.6339 209.301
2
118.46 201.512
0 0 0.352099 -0.935963
3
129.645 179.462
141.786 193.315
107.274 223.561
95.1335 209.708
2
117.399 203.284
0 0 0.322966 -0.946411
3
129.927 181.969
141.188 196.546
104.871 224.6
93.6108 210.022
2
116.231 204.988
0 0 0.293524 -0.955952
3
130.054 184.489
140.391 199.735
102.409 225.488
92.0715 210.242
2
114.96 206.617
0 0 0.2638 -0.964577
3
130.025 187.011
139.399 202.868
99.8958 226.222
90.5217 210.365
2
113.591 208.163
0 0 0.233824 -0.972279
3
129.839 189.528
138.214 205.933
97.3424 226.799
88.9671 210.393
2
112.128 209.622
0 0 0.203624 -0.979049
3
129.498 192.027
136.843 208.92
94.7582 227.217
87.4139 210.324
2
110.578 210.988
0 0 0.173228 -0.984882
3
129.004 194.501
135.289 211.816
92.1531 227.474
85.8678 210.16
2
108.947 212.255
0 0 0.142667 -0.989771
3
128.357 196.94
133.559 214.61
89.537 227.57
84.3349 209.9
2
107.24 213.419
0 0 0.111969 -0.993712
3
127.56 199.334
131.659 217.292
86.9201 227.504
82.821 209.546
2
105.465 214.475
0 0 0.0811643 -0.996701
3
126.617 201.674
129.598 219.851
84.3122 227.276
81.332 209.098
2
103.537 214.791
0 0 0.0811643 -0.996701
3
124.689 201.99
127.67 220.167
82.3842 227.592
79.404 209.414
2
101.609 215.107
0 0 0.0811643 -0.996701
3
122.761 202.306
125.742 220.483
80.4562 227.908
77.476 209.73
2
99.6808 215.423
0 0 0.0811643 -0.996701
3
120.833 202.622
123.814 220.799
78.5282 228.224
75.5479 210.047
2
97.8434 216.367
0 0 0.0502814 -0.998735
3
119.747 204.899
121.597 223.226
75.9394 227.835
74.0894 209.508
2
95.9511 217.196
0 0 0.0193504 -0.999813
3
118.523 207.105
119.235 225.511
73.3797 227.287
72.667 208.88
2
94.0112 217.906
0 0 0.011599 0.999933
3
117.164 209.23
116.736 227.645
70.8588 226.581
71.2861 208.166
2
92.0312 218.494
0 0 0.0425375 0.999095
3
115.676 211.268
114.11 229.621
68.3864 225.721
69.952 207.367
2
90.0184 218.959
0 0 0.0734352 0.9973
3
114.065 213.209
111.367 231.431
65.9719 224.709
68.6699 206.488
2
87.9808 219.299
0 0 0.104263 0.99455
3
112.337 215.048
108.517 233.067
63.6246 223.55
67.4447 205.531
2
86.0695 218.894
0 0 0.104263 0.99455
3
110.426 214.642
106.606 232.662
61.7133 223.145
65.5334 205.125
2
84.1583 218.489
0 0 0.104263 0.99455
3
108.514 214.237
104.694 232.257
59.8021 222.74
63.6222 204.72
2
82.247 218.083
0 0 0.104263 0.99455
3
106.603 213.832
102.783 231.852
57.8908 222.335
61.7109 204.315
2
80.3357 217.678
0 0 0.104263 0.99455
3
104.692 213.427
100.872 231.446
55.9795 221.929
59.7996 203.91
2
78.4245 217.273
0 0 0.104263 0.99455
3
102.781 213.022
98.9605 231.041
54.0683 221.524
57.8884 203.505
2
76.5132 216.868
0 0 0.104263 0.99455
3
100.869 212.617
97.0493 230.636
52.157 221.119
55.9771 203.099
2
74.6019 216.463
0 0 0.104263 0.99455
3
98.9581 212.211
95.138 230.231
50.2457 220.714
54.0658 202.694
2
72.6906 216.057
0 0 0.104263 0.99455
3
97.0468 211.806
93.2267 229.826
48.3344 220.309
52.1545 202.289
2
70.7794 215.652
0 0 0.104263 0.99455
3
95.1356 211.401
91.3155 229.421
46.4232 219.903
50.2433 201.884
2
68.8681 215.247
0 0 0.104263 0.99455
3
93.2243 210.996
89.4042 229.015
44.5119 219.498
48.332 201.479
2
66.9568 214.842
0 0 0.104263 0.99455
3
91.313 210.591
87.4929 228.61
42.6006 219.093
46.4207 201.074
2
65.0455 214.437
0 0 0.104263 0.99455
3
89.4017 210.185
85.5816 228.205
40.6893 218.688
44.5094 200.668
2
63.1343 214.032
0 0 0.104263 0.99455
3
87.4905 209.78
83.6704 227.8
38.7781 218.283
42.5982 200.263
2
61.223 213.626
0 0 0.104263 0.99455
3
85.5792 209.375
81.7591 227.395
36.8668 217.878
40.6869 199.858
2
59.3117 213.221
0 0 0.104263 0.99455
3
83.6679 208.97
79.8478 226.989
34.9555 217.472
38.7756 199.453
2
57.257 213.434
0 0 0.13499 0.990847
3
81.8295 210.698
76.902 228.446
32.6844 216.17
37.612 198.422
2
55.193 213.519
0 0 0.165588 0.986195
3
79.8878 212.308
73.8717 229.718
30.4983 214.73
36.5143 197.321
2
53.1277 213.477
0 0 0.196028 0.980598
3
77.8501 213.796
70.7685 230.8
28.4054 213.158
35.4869 196.154
2
51.069 213.307
0 0 0.22628 0.974062
3
75.7243 215.155
67.6044 231.688
26.4137 211.459
34.5336 194.925
2
49.0248 213.01
0 0 0.256315 0.966593
3
73.5185 216.379
64.3913 232.379
24.531 209.64
33.6582 193.64
2
47.6315 211.484
0 0 0.22628 0.974062
3
72.2868 213.332
64.1669 229.866
22.9762 209.637
31.0962 193.103
2
45.5873 211.187
0 0 0.256315 0.966593
3
70.081 214.557
60.9538 230.557
21.0935 207.818
30.2207 191.818
2
43.5653 210.764
0 0 0.286104 0.958199
3
67.8037 215.643
57.7042 231.047
19.3269 205.886
29.4264 190.482
2
41.5734 210.217
0 0 0.31562 0.948886
3
65.4636 216.585
54.4305 231.335
17.6832 203.849
28.7163 189.098
2
39.6192 209.547
0 0 0.344833 0.938664
3
63.0697 217.381
51.1452 231.421
16.1687 201.713
28.0932 187.674
2
37.7101 208.758
0 0 0.373716 0.927543
3
60.631 218.028
47.8609 231.303
14.7892 199.488
27.5593 186.214
2
35.8535 207.853
0 0 0.40224 0.915534
3
58.1571 218.523
44.5902 230.982
13.55 197.183
27.1169 184.723
2
34.0565 206.834
0 0 0.43038 0.902648
3
55.6573 218.863
41.3456 230.459
12.4558 194.804
26.7674 183.208
2
32.326 205.706
0 0 0.458107 0.888897
3
53.1412 219.048
38.1396 229.737
11.5108 192.363
26.5124 181.674
2
30.6686 204.473
0 0 0.485396 0.874295
3
50.6185 219.077
34.9844 228.818
10.7186 189.868
26.3527 180.128
2
29.0906 203.14
0 0 0.512219 0.858855
3
48.0988 218.95
31.8921 227.705
10.0823 187.329
26.289 178.574
2
27.5981 201.711
0 0 0.538552 0.842592
3
45.5918 218.668
28.8746 226.403
9.60432 184.755
26.3216 177.02
2
26.1968 200.194
0 0 0.564369 0.825523
3
43.1071 218.231
25.9434 224.917
9.28647 182.156
26.4502 175.47
2
24.8921 198.592
0 0 0.589646 0.807662
3
40.6542 217.641
23.1097 223.252
9.12998 179.543
26.6744 173.932
2
23.689 196.913
0 0 0.614357 0.789028
3
38.2425 216.9
20.3845 221.415
9.13543 176.926
26.9934 172.41
2
22.592 195.162
0 0 0.63848 0.769638
3
35.8812 216.012
17.7781 219.414
9.30282 174.313
27.406 170.911
2
21.6054 193.348
0 0 0.661992 0.749511
3
33.5794 214.979
15.3005 217.255
9.63151 171.716
27.9104 169.441
2
20.7331 191.475
0 0 0.684869 0.728666
3
31.3459 213.806
12.9612 214.946
10.1202 169.144
28.5049 168.004
2
19.9782 189.552
0 0 0.70709 0.707123
3
29.1892 212.497
10.7692 212.498
10.7671 166.608
29.1871 166.607
2
19.3437 187.586
0 0 0.728634 0.684903
3
27.1177 211.057
8.73291 209.918
11.5697 164.116
29.9544 165.254
2
18.832 185.585
0 0 0.749481 0.662026
3
25.1392 209.491
6.86008 207.218
12.5248 161.679
30.804 163.952
2
19.0732 183.646
0 0 0.749481 0.662026
3
25.3804 207.553
7.10125 205.279
12.766 159.74
31.0451 162.013
2
19.3144 181.707
0 0 0.749481 0.662026
3
25.6215 205.614
7.34243 203.34
13.0072 157.801
31.2863 160.075
2
19.5555 179.768
0 0 0.749481 0.662026
3
25.8627 203.675
7.5836 201.401
13.2484 155.862
31.5275 158.136
2
19.7967 177.83
0 0 0.749481 0.662026
3
26.1039 201.736
7.82478 199.462
13.4895 153.923
31.7687 156.197
2
20.0379 175.891
0 0 0.749481 0.662026
3
26.3451 199.797
8.06595 197.523
13.7307 151.984
32.0098 154.258
2
20.2791 173.952
0 0 0.749481 0.662026
3
26.5862 197.858
8.30712 195.585
13.9719 150.046
32.251 152.319
2
20.5202 172.013
0 0 0.749481 0.662026
3
26.8274 195.92
8.5483 193.646
14.2131 148.107
32.4922 150.381
2
20.7614 170.074
0 0 0.749481 0.662026
3
27.0686 193.981
8.78947 191.707
14.4542 146.168
32.7334 148.442
2
21.0026 168.136
0 0 0.749481 0.662026
3
27.3098 192.042
9.03065 189.768
14.6954 144.229
32.9745 146.503
2
21.2438 166.197
0 0 0.749481 0.662026
3
27.5509 190.103
9.27182 187.829
14.9366 142.29
33.2157 144.564
2
22.116 164.324
0 0 0.728634 0.684903
3
29.89 187.795
11.5052 186.656
14.342 140.854
32.7267 141.992
2
22.8707 162.401
0 0 0.70709 0.707123
3
32.0818 185.346
13.6618 185.347
13.6596 139.457
32.0796 139.456
2
23.505 160.435
0 0 0.684869 0.728666
3
34.1178 182.766
15.7332 183.907
12.8922 138.105
31.2768 136.964
2
24.0165 158.434
0 0 0.661992 0.749511
3
35.9904 180.065
17.7115 182.341
12.0425 136.802
30.3214 134.527
2
23.1441 156.561
0 0 0.684869 0.728666
3
33.7569 178.892
15.3722 180.033
12.5313 134.231
30.9159 133.09
2
22.3892 154.639
0 0 0.70709 0.707123
3
31.6003 177.583
13.1803 177.584
13.1781 131.694
31.5981 131.693
2
21.7547 152.673
0 0 0.728634 0.684903
3
29.5287 176.143
11.1439 175.005
13.9807 129.202
32.3655 130.341
2
21.243 150.671
0 0 0.749481 0.662026
3
27.5502 174.578
9.27111 172.304
14.9359 126.765
33.215 129.039
2
20.8562 148.642
0 0 0.769609 0.638516
3
25.6724 172.893
7.56892 169.493
16.04 124.391
34.1434 127.792
2
20.5956 146.593
0 0 0.789 0.614394
3
23.9023 171.095
6.0439 166.582
17.2888 122.091
35.1473 126.604
2
20.4622 144.532
0 0 0.807635 0.589683
3
22.2469 169.191
4.70189 163.582
18.6776 119.872
36.2226 125.481
2
21.0573 142.671
0 0 0.807635 0.589683
3
22.8419 167.331
5.29691 161.721
19.2726 118.011
36.8176 123.62
2
21.6523 140.81
0 0 0.807635 0.589683
3
23.4369 165.47
5.89192 159.86
19.8676 116.15
37.4126 121.759
2
22.2473 138.949
0 0 0.807635 0.589683
3
24.0319 163.609
6.48693 157.999
20.4626 114.289
38.0076 119.899
2
22.8423 137.088
0 0 0.807635 0.589683
3
24.6269 161.748
7.08194 156.138
21.0576 112.428
38.6026 118.038
2
23.4373 135.227
0 0 0.807635 0.589683
3
25.2219 159.887
7.67695 154.277
21.6527 110.567
39.1977 116.177
2
24.0323 133.366
0 0 0.807635 0.589683
3
25.817 158.026
8.27196 152.416
22.2477 108.706
39.7927 114.316
2
24.6273 131.505
0 0 0.807635 0.589683
3
26.412 156.165
8.86697 150.555
22.8427 106.845
40.3877 112.455
2
25.2223 129.644
0 0 0.807635 0.589683
3
27.007 154.304
9.46198 148.694
23.4377 104.984
40.9827 110.594
2
25.8173 127.783
0 0 0.807635 0.589683
3
27.602 152.443
10.057 146.833
24.0327 103.123
41.5777 108.733
2
26.4124 125.922
0 0 0.807635 0.589683
3
28.197 150.582
10.652 144.972
24.6277 101.262
42.1727 106.872
2
26.4068 123.856
0 0 0.825496 0.564407
3
26.6625 148.58
9.49815 141.895
26.1511 99.1333
43.3155 105.818
2
26.5291 121.794
0 0 0.842567 0.538591
3
25.2548 146.486
8.53687 138.752
27.8033 97.1027
44.5212 104.836
2
26.7786 119.744
0 0 0.858831 0.512259
3
23.9794 144.309
7.77184 135.556
29.5779 95.1782
45.7854 103.931
2
27.1546 117.712
0 0 0.874272 0.485436
3
22.841 142.058
7.206 132.319
31.4682 93.3672
47.1032 103.106
2
27.6555 115.708
0 0 0.888876 0.458148
3
21.8441 139.74
6.84151 129.053
33.4669 91.6766
48.4695 102.364
2
29.3128 114.475
0 0 0.874272 0.485436
3
24.9992 138.821
9.36422 129.082
33.6264 90.1301
49.2614 99.8688
2
30.8907 113.142
0 0 0.858831 0.512259
3
28.0914 137.707
11.8839 128.955
33.69 88.5766
49.8975 97.3294
2
32.3831 111.714
0 0 0.842567 0.538591
3
31.1088 136.405
14.3909 128.672
33.6573 87.0221
50.3752 94.7556
2
33.7842 110.196
0 0 0.825496 0.564407
3
34.0399 134.919
16.8755 128.234
33.5285 85.4727
50.6929 92.1571
2
35.0888 108.594
0 0 0.807635 0.589683
3
36.8734 133.254
19.3284 127.644
33.3041 83.9342
50.8491 89.5439
2
36.2917 106.915
0 0 0.789 0.614394
3
39.5985 131.417
21.7401 126.903
32.985 82.4125
50.8434 86.9261
2
37.3885 105.164
0 0 0.769609 0.638516
3
42.2047 129.415
24.1013 126.015
32.5723 80.9135
50.6758 84.3137
2
38.3749 103.349
0 0 0.749481 0.662026
3
44.6821 127.256
26.403 124.982
32.0677 79.4428
50.3469 81.7166
2
39.2471 101.477
0 0 0.728634 0.684903
3
47.0211 124.947
28.6364 123.808
31.4731 78.0062
49.8579 79.1449
2
40.0018 99.5538
0 0 0.70709 0.707123
3
49.2129 122.498
30.7929 122.499
30.7908 76.6092
49.2108 76.6083
2
40.0018 97.6
0 0 0.70709 0.707123
3
49.2128 120.545
30.7928 120.545
30.7907 74.6554
49.2107 74.6546
2
40.0017 95.6463
0 0 0.70709 0.707123
3
49.2127 118.591
30.7927 118.592
30.7906 72.7017
49.2106 72.7008
2
40.0016 93.6925
0 0 0.70709 0.707123
3
49.2126 116.637
30.7926 116.638
30.7905 70.7479
49.2105 70.7471
2
40.0015 91.7388
0 0 0.70709 0.707123
3
49.2125 114.683
30.7925 114.684
30.7904 68.7942
49.2104 68.7933
2
40.0014 89.785
0 0 0.70709 0.707123
3
49.2125 112.73
30.7925 112.73
30.7903 66.8404
49.2103 66.8396
2
40.0013 87.8313
0 0 0.70709 0.707123
3
49.2124 110.776
30.7924 110.777
30.7902 64.8867
49.2102 64.8858
2
40.0012 85.8775
0 0 0.70709 0.707123
3
49.2123 108.822
30.7923 108.823
30.7901 62.9329
49.2101 62.9321
2
40.0011 83.9238
0 0 0.70709 0.707123
3
49.2122 106.868
30.7922 106.869
30.7901 60.9792
49.2101 60.9783
2
40.001 81.97
0 0 0.70709 0.707123
3
49.2121 104.915
30.7921 104.915
30.79 59.0254
49.21 59.0246
2
40.0009 80.0163
0 0 0.70709 0.707123
3
49.212 102.961
30.792 102.962
30.7899 57.0717
49.2099 57.0708
2
40.0008 78.0625
0 0 0.70709 0.707123
3
49.2119 101.007
30.7919 101.008
30.7898 55.1179
49.2098 55.1171
2
40.0007 76.1087
0 0 0.70709 0.707123
3
49.2118 99.0533
30.7918 99.0542
30.7897 53.1642
49.2097 53.1633
2
40.0007 74.155
0 0 0.70709 0.707123
3
49.2117 97.0996
30.7917 97.1004
30.7896 51.2104
49.2096 51.2096
