1
174.356 144.433 0.0362679
1
176.309 144.504 0.0362679
1
178.261 144.575 0.0362679
1
180.214 144.646 0.0362679
1
182.166 144.717 0.0362679
1
184.119 144.787 0.0362679
1
186.071 144.858 0.0362679
1
188.024 144.929 0.0362679
1
189.976 145 0.0362679
1
191.929 145.071 0.0362679
1
193.857 145.382 0.09817
1
195.811 145.332 0.0362679
1
197.757 145.161 6.25755
1
199.701 145.353 0.0362679
1
201.63 145.664 0.09817
1
203.583 145.614 0.0362679
1
205.529 145.443 6.25755
1
207.461 145.152 6.19565
1
209.372 144.743 6.13375
1
211.253 144.215 6.07185
1
213.199 144.045 6.13375
1
215.152 143.995 6.19565
1
217.105 144.065 6.25755
1
219.049 144.257 0.036268
1
220.978 144.568 0.0981701
1
222.884 144.998 0.160072
1
224.759 145.546 0.221974
1
226.597 146.208 0.283876
1
228.391 146.982 0.345778
1
230.133 147.867 0.40768
1
231.817 148.857 0.469583
1
233.437 149.949 0.531485
1
234.986 151.14 0.593387
1
236.459 152.424 0.655289
1
237.849 153.797 0.717191
1
236.546 152.341 0.779093
1
235.336 150.807 0.840995
1
234.223 149.201 0.902897
1
233.212 147.529 0.964799
1
232.306 145.798 1.0267
1
231.509 144.014 1.0886
1
230.824 142.185 1.15051
1
230.253 140.316 1.21241
1
229.799 138.416 1.27431
1
229.463 136.491 1.33621
1
229.247 134.55 1.39811
1
229.152 132.598 1.46002
1
229.177 130.645 1.52192
1
229.323 128.696 1.58382
1
229.59 126.761 1.64572
1
229.975 124.846 1.70762
1
230.479 122.958 1.76953
1
231.098 121.105 1.83143
1
231.831 119.294 1.89333
1
232.674 117.531 1.95523
1
233.625 115.824 2.01713
1
234.244 113.971 1.95523
1
234.748 112.084 1.89333
1
235.133 110.168 1.83143
1
235.4 108.233 1.76953
1
235.546 106.285 1.70762
1
235.572 104.331 1.64572
1
235.476 102.38 1.58382
1
235.26 100.438 1.52192
1
234.924 98.5132 1.46002
1
234.47 96.6129 1.39811
1
233.9 94.7444 1.33621
1
233.214 92.9148 1.27431
1
232.417 91.1311 1.21241
1
231.511 89.4001 1.1505
1
230.5 87.7285 1.0886
1
229.387 86.1227 1.0267
1
228.177 84.5887 0.964799
1
226.874 83.1326 0.902897
1
225.484 81.7598 0.840995
1
224.012 80.4757 0.779093
1
222.463 79.2851 0.717191
1
220.843 78.1926 0.655289
1
219.159 77.2024 0.593387
1
217.416 76.3183 0.531484
1
215.623 75.5437 0.469582
1
213.785 74.8815 0.40768
1
211.909 74.3343 0.345778
1
210.071 73.6721 0.345778
1
208.165 73.242 0.283876
1
206.236 72.9305 0.221974
1
204.292 72.7391 0.160072
1
202.363 72.4277 0.160072
1
200.434 72.1162 0.160072
1
198.506 71.8048 0.160072
1
196.577 71.4934 0.160072
1
194.648 71.182 0.160072
1
192.719 70.8706 0.160072
1
190.767 70.7998 0.09817
1
188.814 70.8498 0.0362679
1
186.867 71.0206 6.25755
1
184.914 71.0707 6.25755
1
182.961 71.1208 6.25755
1
181.008 71.1709 6.25755
1
179.055 71.221 6.25755
1
177.102 71.271 6.25755
1
175.149 71.3211 6.25755
1
173.196 71.3712 6.25755
1
171.243 71.4213 6.25755
1
169.289 71.4714 6.25755
1
167.336 71.5214 6.25755
1
165.383 71.5715 6.25755
1
163.43 71.6216 6.25755
1
161.477 71.6717 6.25755
1
159.524 71.7218 6.25755
1
157.571 71.7718 6.25755
1
155.618 71.8219 6.25755
1
153.665 71.872 6.25755
1
151.711 71.9221 6.25755
1
149.758 71.9722 6.25755
1
147.805 72.0222 6.25755
1
145.852 72.0723 6.25755
1
143.899 72.1224 6.25755
1
141.946 72.1725 6.25755
1
139.993 72.2225 6.25755
1
138.04 72.2726 6.25755
1
136.087 72.3227 6.25755
1
134.133 72.3728 6.25755
1
132.18 72.4229 6.25755
1
130.227 72.4729 6.25755
1
128.274 72.523 6.25755
1
126.321 72.5731 6.25755
1
124.368 72.6232 6.25755
1
122.415 72.6733 6.25755
1
120.462 72.7233 6.25755
1
118.509 72.7734 6.25755
1
116.556 72.8235 6.25755
1
114.602 72.8736 6.25755
1
112.658 72.6821 0.0362679
1
110.706 72.6112 0.0362679
1
108.753 72.5404 0.0362679
1
106.801 72.4696 0.0362679
1
104.848 72.3987 0.0362679
1
102.896 72.3279 0.0362679
1
100.943 72.257 0.0362679
1
98.9908 72.1862 0.0362679
1
97.0383 72.1153 0.0362679
1
95.0858 72.0445 0.0362679
1
93.1334 71.9736 0.0362679
1
91.1809 71.9028 0.0362679
1
89.2284 71.8319 0.0362679
1
87.276 71.7611 0.0362679
1
85.3235 71.6902 0.0362679
1
83.371 71.6194 0.0362679
1
81.4185 71.5485 0.0362679
1
79.4661 71.4777 0.0362679
1
77.5136 71.4069 0.0362679
1
75.5611 71.336 0.0362679
1
73.6087 71.2652 0.0362679
1
71.6624 71.436 6.25755
1
69.7304 71.7268 6.19565
1
67.8202 72.1367 6.13375
1
65.9389 72.6639 6.07185
1
67.7839 72.0213 6.00994
1
69.5857 71.2658 5.94804
1
67.8341 72.1313 5.88614
1
66.1394 73.1036 5.82424
1
64.5082 74.1787 5.76233
1
62.9465 75.3528 5.70043
1
61.4605 76.6212 5.63853
1
60.0558 77.9791 5.57663
1
58.7377 79.4213 5.51473
1
57.5115 80.9423 5.45282
1
56.3816 82.5362 5.39092
1
55.3526 84.197 5.32902
1
54.4282 85.9183 5.26712
1
53.6121 87.6934 5.20522
1
52.9074 89.5156 5.14331
1
52.3167 91.378 5.08141
1
51.8424 93.2733 5.01951
1
51.4863 95.1943 4.95761
1
51.2496 97.1336 4.89571
1
51.1334 99.0839 4.8338
1
51.1381 101.038 4.7719
1
51.2636 102.987 4.71
1
51.5095 104.926 4.6481
1
51.8749 106.845 4.5862
1
52.3582 108.738 4.52429
1
52.4837 110.688 4.5862
1
52.4884 112.641 4.6481
1
52.3722 114.592 4.71
1
52.1356 116.531 4.7719
1
52.2611 118.481 4.71
1
52.507 120.419 4.6481
1
52.8723 122.338 4.5862
1
53.3557 124.231 4.52429
1
53.9552 126.091 4.46239
1
54.6686 127.91 4.40049
1
55.2682 129.769 4.40049
1
55.8677 131.629 4.40049
1
56.4673 133.488 4.40049
1
57.0668 135.348 4.40049
1
57.6663 137.207 4.40049
1
58.2659 139.066 4.40049
1
58.6312 140.986 4.46239
1
58.8771 142.924 4.52429
1
59.0026 144.874 4.5862
1
59.486 146.767 4.52429
1
60.0855 148.626 4.46239
1
60.799 150.445 4.40049
1
61.6235 152.216 4.33859
1
62.5561 153.933 4.27669
1
63.5931 155.589 4.21478
1
64.7305 157.177 4.15288
1
65.5551 158.949 4.21478
1
66.2685 160.767 4.27669
1
66.8681 162.627 4.33859
1
67.3514 164.52 4.40049
1
67.7168 166.439 4.46239
1
67.9627 168.378 4.52429
1
68.0882 170.327 4.5862
1
68.0929 172.281 4.6481
1
67.9767 174.231 4.71
1
67.9813 176.185 4.71
1
67.986 178.139 4.71
1
67.9907 180.092 4.71
1
67.9953 182.046 4.71
1
68 184 4.71
2
188.502 144.946
0 0 0.018133 0.999836
3
211.766 136.574
211.098 154.982
165.238 153.318
165.906 134.91
2
190.455 145.017
0 0 0.018133 0.999836
3
213.719 136.645
213.051 155.053
167.191 153.389
167.859 134.981
2
192.407 145.088
0 0 0.018133 0.999836
3
215.671 136.716
215.003 155.124
169.143 153.46
169.811 135.052
2
194.36 145.159
0 0 0.018133 0.999836
3
217.623 136.787
216.956 155.195
171.096 153.531
171.764 135.123
2
196.312 145.23
0 0 0.018133 0.999836
3
219.576 136.858
218.908 155.266
173.048 153.602
173.716 135.194
2
198.265 145.301
0 0 0.018133 0.999836
3
221.528 136.929
220.86 155.337
175.001 153.673
175.669 135.265
2
200.217 145.372
0 0 0.018133 0.999836
3
223.481 137
222.813 155.407
176.953 153.743
177.621 135.336
2
202.169 145.442
0 0 0.018133 0.999836
3
225.433 137.07
224.765 155.478
178.906 153.814
179.573 135.406
2
204.122 145.513
0 0 0.018133 0.999836
3
227.386 137.141
226.718 155.549
180.858 153.885
181.526 135.477
2
206.074 145.584
0 0 0.018133 0.999836
3
229.338 137.212
228.67 155.62
182.811 153.956
183.478 135.548
2
207.944 146.77
0 0 0.0490653 0.998796
3
231.682 139.853
229.876 158.184
184.207 153.686
186.012 135.355
2
209.956 145.845
0 0 0.018133 0.999836
3
233.22 137.473
232.552 155.881
186.692 154.217
187.36 135.809
2
211.907 144.799
0 0 0.0128167 -0.999918
3
234.609 135.003
235.081 153.417
189.206 154.594
188.734 136.18
2
213.847 145.866
0 0 0.018133 0.999836
3
237.111 137.494
236.443 155.902
190.583 154.238
191.251 135.83
2
215.717 147.052
0 0 0.0490653 0.998796
3
239.454 140.135
237.649 158.466
191.98 153.968
193.785 135.637
2
217.729 146.127
0 0 0.018133 0.999836
3
240.993 137.755
240.325 156.163
194.465 154.499
195.133 136.091
2
219.68 145.081
0 0 0.0128167 -0.999918
3
242.381 135.285
242.853 153.699
196.978 154.876
196.506 136.462
2
221.562 143.915
0 0 0.0437541 -0.999042
3
243.614 132.734
245.224 151.084
199.51 155.096
197.9 136.746
2
223.369 142.635
0 0 0.0746496 -0.99721
3
244.687 130.112
247.429 148.326
202.051 155.159
199.308 136.944
2
225.093 141.246
0 0 0.105474 -0.994422
3
245.595 127.428
249.459 145.438
204.59 155.064
200.726 137.054
2
227.196 141.937
0 0 0.0746496 -0.99721
3
248.514 129.414
251.257 147.628
205.878 154.461
203.136 136.246
2
229.253 142.757
0 0 0.0437541 -0.999042
3
251.305 131.576
252.915 149.926
207.201 153.938
205.591 135.588
2
231.255 143.703
0 0 0.0128167 -0.999918
3
253.956 133.907
254.429 152.321
208.554 153.498
208.082 135.084
2
233.195 144.77
0 0 0.018133 0.999836
3
256.459 136.398
255.791 154.806
209.931 153.142
210.599 134.734
2
235.065 145.956
0 0 0.0490653 0.998796
3
258.802 139.039
256.997 157.37
211.327 152.872
213.133 134.541
2
236.858 147.255
0 0 0.0799507 0.996799
3
260.977 141.819
258.041 160.004
212.738 152.69
215.674 134.505
2
238.567 148.662
0 0 0.110759 0.993847
3
262.977 144.729
258.921 162.697
214.157 152.594
218.212 134.626
2
240.186 150.172
0 0 0.141462 0.989944
3
264.792 147.757
259.633 165.44
215.58 152.587
220.739 134.904
2
241.708 151.78
0 0 0.172029 0.985092
3
266.417 150.892
260.174 168.222
217 152.668
223.243 135.338
2
243.128 153.479
0 0 0.202432 0.979296
3
267.844 154.121
260.541 171.031
218.412 152.837
225.715 135.926
2
244.44 155.262
0 0 0.23264 0.972563
3
269.069 157.432
260.734 173.858
219.811 153.092
228.147 136.666
2
245.64 157.123
0 0 0.262626 0.964898
3
270.087 160.812
260.752 176.692
221.192 153.434
230.527 137.555
2
246.721 159.055
0 0 0.29236 0.956308
3
270.894 164.249
260.594 179.521
222.549 153.86
232.849 138.589
2
247.682 161.05
0 0 0.321814 0.946803
3
271.487 167.73
260.262 182.335
223.877 154.37
235.102 139.765
2
248.517 163.1
0 0 0.350959 0.936391
3
271.863 171.24
259.756 185.123
225.171 154.96
237.278 141.078
2
246.618 162.286
0 0 0.379769 0.925081
3
269.416 171.855
256.474 184.962
223.821 152.718
236.763 139.611
2
244.774 161.356
0 0 0.408215 0.912886
3
266.936 172.317
253.207 184.598
222.612 150.396
236.34 138.115
2
242.99 160.314
0 0 0.436269 0.899816
3
264.432 172.625
249.97 184.033
221.548 148.004
236.01 136.595
2
241.275 159.164
0 0 0.463906 0.885884
3
261.914 172.777
246.774 183.269
220.635 145.55
235.776 135.058
2
239.633 157.909
0 0 0.491099 0.871104
3
259.391 172.773
243.631 182.308
219.876 143.045
235.636 133.51
2
238.073 156.555
0 0 0.517821 0.855489
3
256.873 172.613
240.553 181.155
219.273 140.498
235.593 131.956
2
236.599 155.108
0 0 0.544047 0.839055
3
254.37 172.298
237.553 179.814
218.829 137.918
235.646 130.402
2
235.218 153.572
0 0 0.569752 0.821817
3
251.891 171.829
234.641 178.29
218.545 135.315
235.794 128.854
2
233.934 151.953
0 0 0.594911 0.803792
3
249.446 171.207
231.83 176.588
218.422 132.7
236.039 127.319
2
232.753 150.259
0 0 0.6195 0.784997
3
247.044 170.434
229.129 174.716
218.462 130.083
236.378 125.801
2
231.679 148.494
0 0 0.643496 0.76545
3
244.695 169.515
226.549 172.68
218.664 127.473
236.81 124.308
2
230.716 146.666
0 0 0.666875 0.745169
3
242.407 168.453
224.1 170.489
219.026 124.88
237.333 122.844
2
229.869 144.783
0 0 0.689616 0.724175
3
240.189 167.25
221.791 168.15
219.548 122.315
237.946 121.415
2
229.139 142.85
0 0 0.711696 0.702487
3
238.049 165.913
219.631 165.673
220.228 119.787
238.647 120.027
2
228.53 140.876
0 0 0.733094 0.680127
3
235.997 164.446
217.628 163.067
221.064 117.306
239.432 118.685
2
228.045 138.868
0 0 0.753791 0.657115
3
234.039 162.855
215.791 160.343
222.05 114.881
240.298 117.394
2
227.684 136.834
0 0 0.773765 0.633473
3
232.183 161.146
214.126 157.509
223.185 112.523
241.243 116.159
2
227.451 134.782
0 0 0.792998 0.609225
3
230.437 159.325
212.639 154.578
224.464 110.238
242.262 114.985
2
227.344 132.719
0 0 0.811471 0.584393
3
228.806 157.4
211.336 151.561
225.882 108.038
243.352 113.876
2
227.366 130.653
0 0 0.829167 0.559001
3
227.298 155.377
210.223 148.469
227.433 105.929
244.509 112.837
2
227.515 128.593
0 0 0.846069 0.533074
3
225.918 153.266
209.303 145.314
229.112 103.92
245.727 111.871
2
228.936 127.093
0 0 0.829167 0.559001
3
228.868 151.818
211.793 144.909
229.003 102.369
246.079 109.277
2
230.261 125.509
0 0 0.811471 0.584393
3
231.723 150.19
214.253 144.351
228.799 100.828
246.269 106.666
2
231.486 123.845
0 0 0.792998 0.609225
3
234.472 148.389
216.674 143.642
228.5 99.3019
246.298 104.049
2
232.605 122.109
0 0 0.773765 0.633473
3
237.104 146.421
219.047 142.784
228.107 97.7976
246.164 101.434
2
233.615 120.307
0 0 0.753791 0.657115
3
239.61 144.294
221.362 141.782
227.621 96.3205
245.869 98.833
2
234.512 118.446
0 0 0.733094 0.680127
3
241.979 142.016
223.61 140.638
227.045 94.8763
245.414 96.2551
2
235.292 116.533
0 0 0.711696 0.702488
3
244.202 139.596
225.784 139.357
226.381 93.4705
244.8 93.7103
2
235.952 114.576
0 0 0.689616 0.724175
3
246.272 137.044
227.874 137.944
225.632 92.1084
244.03 91.2084
2
236.489 112.581
0 0 0.666875 0.745169
3
248.18 134.368
229.873 136.404
224.799 90.7953
243.106 88.7589
2
236.903 110.557
0 0 0.643496 0.76545
3
249.918 131.579
231.772 134.744
223.887 89.5362
242.033 86.3712
2
237.19 108.512
0 0 0.6195 0.784997
3
251.481 128.688
233.565 132.969
222.899 88.336
240.814 84.0544
2
237.35 106.452
0 0 0.594911 0.803792
3
252.862 125.705
235.245 131.087
221.838 87.1992
239.454 81.8175
2
237.382 104.387
0 0 0.569752 0.821817
3
254.055 122.643
236.806 129.104
220.709 86.1302
237.959 79.669
2
237.287 102.323
0 0 0.544047 0.839055
3
255.057 119.513
238.24 127.029
219.516 85.133
236.333 77.6172
2
237.064 100.27
0 0 0.517821 0.855489
3
255.864 116.327
239.544 124.869
218.264 84.2116
234.583 75.6699
2
236.714 98.2336
0 0 0.491099 0.871104
3
256.472 113.098
240.711 122.633
216.957 83.3695
232.717 73.8345
2
236.239 96.2232
0 0 0.463906 0.885884
3
256.878 109.837
241.738 120.328
215.6 82.6098
230.74 72.1181
2
235.641 94.246
0 0 0.436269 0.899816
3
257.083 106.557
242.621 117.965
214.199 81.9354
228.661 70.5272
2
234.922 92.3096
0 0 0.408215 0.912886
3
257.084 103.27
243.355 115.551
212.759 81.3491
226.488 69.068
2
234.084 90.4214
0 0 0.379769 0.925081
3
256.881 99.99
243.939 113.097
211.286 80.8529
224.228 67.7461
2
233.131 88.5887
0 0 0.350959 0.936391
3
256.477 96.7286
244.37 110.611
209.784 80.4488
221.891 66.5665
2
232.066 86.8185
0 0 0.321814 0.946803
3
255.871 93.4985
244.646 108.103
208.261 80.1384
219.486 65.5337
2
230.894 85.1175
0 0 0.29236 0.956308
3
255.066 90.3121
244.766 105.583
206.721 79.9228
217.021 64.6517
2
229.619 83.4922
0 0 0.262626 0.964898
3
254.066 87.1815
244.731 103.061
205.171 79.8029
214.507 63.9239
2
228.245 81.949
0 0 0.23264 0.972563
3
252.874 84.1188
244.539 100.545
203.616 79.7792
211.952 63.353
2
226.779 80.4937
0 0 0.202431 0.979296
3
251.495 81.1357
244.192 98.0461
202.063 79.8516
209.367 62.9412
2
225.226 79.1318
0 0 0.172029 0.985092
3
249.935 78.2437
243.692 95.5734
200.518 80.02
206.761 62.6902
2
223.388 78.4696
0 0 0.172029 0.985092
3
248.097 77.5815
241.853 94.9112
198.68 79.3578
204.923 62.028
2
221.754 77.2065
0 0 0.141462 0.989944
3
246.36 74.7915
241.201 92.4743
197.147 79.6215
202.306 61.9387
2
220.044 76.0469
0 0 0.110759 0.993847
3
244.454 72.1143
240.398 90.0824
195.634 79.9794
199.69 62.0114
2
218.266 74.9952
0 0 0.0799506 0.996799
3
242.386 69.5601
239.45 87.7447
194.146 80.4303
197.082 62.2458
2
216.337 74.6838
0 0 0.0799506 0.996799
3
240.457 69.2487
237.521 87.4333
192.218 80.1189
195.153 61.9344
2
214.408 74.3724
0 0 0.0799506 0.996799
3
238.528 68.9373
235.592 87.1218
190.289 79.8075
193.225 61.623
2
212.48 74.061
0 0 0.0799506 0.996799
3
236.599 68.6259
233.663 86.8104
188.36 79.4961
191.296 61.3115
2
210.551 73.7496
0 0 0.0799506 0.996799
3
234.671 68.3145
231.735 86.499
186.431 79.1846
189.367 61.0001
2
208.622 73.4382
0 0 0.0799506 0.996799
3
232.742 68.0031
229.806 86.1876
184.502 78.8732
187.438 60.6887
2
206.693 73.1268
0 0 0.0799506 0.996799
3
230.813 67.6917
227.877 85.8762
182.574 78.5618
185.51 60.3773
2
204.854 72.1871
0 0 0.0490653 0.998796
3
228.591 65.2704
226.786 83.6017
181.116 79.1039
182.922 60.7726
2
202.959 71.3631
0 0 0.018133 0.999836
3
226.223 62.9911
225.555 81.399
179.696 79.7351
180.363 61.3272
2
201.018 70.6578
0 0 0.0128167 -0.999918
3
223.719 60.8627
224.191 79.2767
178.316 80.4529
177.844 62.039
2
199.065 70.7079
0 0 0.0128167 -0.999918
3
221.766 60.9128
222.238 79.3268
176.363 80.503
175.891 62.089
2
197.112 70.758
0 0 0.0128167 -0.999918
3
219.813 60.9629
220.285 79.3769
174.41 80.5531
173.938 62.1391
2
195.158 70.8081
0 0 0.0128167 -0.999918
3
217.86 61.013
218.332 79.4269
172.457 80.6032
171.985 62.1892
2
193.205 70.8582
0 0 0.0128167 -0.999918
3
215.907 61.0631
216.379 79.477
170.504 80.6532
170.032 62.2393
2
191.252 70.9082
0 0 0.0128167 -0.999918
3
213.954 61.1131
214.426 79.5271
168.551 80.7033
168.079 62.2894
2
189.299 70.9583
0 0 0.0128167 -0.999918
3
212.001 61.1632
212.473 79.5772
166.598 80.7534
166.126 62.3394
2
187.346 71.0084
0 0 0.0128167 -0.999918
3
210.047 61.2133
210.52 79.6273
164.645 80.8035
164.173 62.3895
2
185.393 71.0585
0 0 0.0128167 -0.999918
3
208.094 61.2634
208.566 79.6773
162.692 80.8536
162.219 62.4396
2
183.44 71.1086
0 0 0.0128167 -0.999918
3
206.141 61.3135
206.613 79.7274
160.738 80.9036
160.266 62.4897
2
181.487 71.1586
0 0 0.0128167 -0.999918
3
204.188 61.3635
204.66 79.7775
158.785 80.9537
158.313 62.5398
2
179.534 71.2087
0 0 0.0128167 -0.999918
3
202.235 61.4136
202.707 79.8276
156.832 81.0038
156.36 62.5898
2
177.58 71.2588
0 0 0.0128167 -0.999918
3
200.282 61.4637
200.754 79.8776
154.879 81.0539
154.407 62.6399
2
175.627 71.3089
0 0 0.0128167 -0.999918
3
198.329 61.5138
198.801 79.9277
152.926 81.104
152.454 62.69
2
173.674 71.3589
0 0 0.0128167 -0.999918
3
196.376 61.5639
196.848 79.9778
150.973 81.154
150.501 62.7401
2
171.721 71.409
0 0 0.0128167 -0.999918
3
194.423 61.6139
194.895 80.0279
149.02 81.2041
148.548 62.7902
2
169.768 71.4591
0 0 0.0128167 -0.999918
3
192.469 61.664
192.942 80.078
147.067 81.2542
146.595 62.8402
2
167.815 71.5092
0 0 0.0128167 -0.999918
3
190.516 61.7141
190.988 80.128
145.114 81.3043
144.641 62.8903
2
165.862 71.5593
0 0 0.0128167 -0.999918
3
188.563 61.7642
189.035 80.1781
143.16 81.3543
142.688 62.9404
2
163.909 71.6093
0 0 0.0128167 -0.999918
3
186.61 61.8143
187.082 80.2282
141.207 81.4044
140.735 62.9905
2
161.956 71.6594
0 0 0.0128167 -0.999918
3
184.657 61.8643
185.129 80.2783
139.254 81.4545
138.782 63.0406
2
160.002 71.7095
0 0 0.0128167 -0.999918
3
182.704 61.9144
183.176 80.3284
137.301 81.5046
136.829 63.0906
2
158.049 71.7596
0 0 0.0128167 -0.999918
3
180.751 61.9645
181.223 80.3784
135.348 81.5547
134.876 63.1407
2
156.096 71.8097
0 0 0.0128167 -0.999918
3
178.798 62.0146
179.27 80.4285
133.395 81.6047
132.923 63.1908
2
154.143 71.8597
0 0 0.0128167 -0.999918
3
176.845 62.0647
177.317 80.4786
131.442 81.6548
130.97 63.2409
2
152.19 71.9098
0 0 0.0128167 -0.999918
3
174.891 62.1147
175.364 80.5287
129.489 81.7049
129.017 63.291
2
150.237 71.9599
0 0 0.0128167 -0.999918
3
172.938 62.1648
173.41 80.5788
127.536 81.755
127.063 63.341
2
148.284 72.01
0 0 0.0128167 -0.999918
3
170.985 62.2149
171.457 80.6288
125.582 81.8051
125.11 63.3911
2
146.331 72.0601
0 0 0.0128167 -0.999918
3
169.032 62.265
169.504 80.6789
123.629 81.8551
123.157 63.4412
2
144.378 72.1101
0 0 0.0128167 -0.999918
3
167.079 62.3151
167.551 80.729
121.676 81.9052
121.204 63.4913
2
142.424 72.1602
0 0 0.0128167 -0.999918
3
165.126 62.3651
165.598 80.7791
119.723 81.9553
119.251 63.5414
2
140.471 72.2103
0 0 0.0128167 -0.999918
3
163.173 62.4152
163.645 80.8292
117.77 82.0054
117.298 63.5914
2
138.518 72.2604
0 0 0.0128167 -0.999918
3
161.22 62.4653
161.692 80.8792
115.817 82.0555
115.345 63.6415
2
136.565 72.3105
0 0 0.0128167 -0.999918
3
159.267 62.5154
159.739 80.9293
113.864 82.1055
113.392 63.6916
2
134.612 72.3605
0 0 0.0128167 -0.999918
3
157.313 62.5654
157.786 80.9794
111.911 82.1556
111.439 63.7417
2
132.659 72.4106
0 0 0.0128167 -0.999918
3
155.36 62.6155
155.832 81.0295
109.958 82.2057
109.485 63.7917
2
130.706 72.4607
0 0 0.0128167 -0.999918
3
153.407 62.6656
153.879 81.0796
108.004 82.2558
107.532 63.8418
2
128.753 72.5108
0 0 0.0128167 -0.999918
3
151.454 62.7157
151.926 81.1296
106.051 82.3059
105.579 63.8919
2
126.804 73.1954
0 0 0.018133 0.999836
3
150.068 64.8234
149.4 83.2313
103.54 81.5673
104.208 63.1594
2
124.851 73.1245
0 0 0.018133 0.999836
3
148.115 64.7525
147.447 83.1604
101.587 81.4965
102.255 63.0886
2
122.899 73.0537
0 0 0.018133 0.999836
3
146.163 64.6817
145.495 83.0896
99.6349 81.4256
100.303 63.0177
2
120.946 72.9828
0 0 0.018133 0.999836
3
144.21 64.6109
143.542 83.0187
97.6825 81.3548
98.3504 62.9469
2
118.994 72.912
0 0 0.018133 0.999836
3
142.258 64.54
141.59 82.9479
95.73 81.2839
96.3979 62.876
2
117.041 72.8411
0 0 0.018133 0.999836
3
140.305 64.4692
139.637 82.877
93.7775 81.2131
94.4454 62.8052
2
115.089 72.7703
0 0 0.018133 0.999836
3
138.353 64.3983
137.685 82.8062
91.8251 81.1422
92.493 62.7343
2
113.136 72.6994
0 0 0.018133 0.999836
3
136.4 64.3275
135.732 82.7354
89.8726 81.0714
90.5405 62.6635
2
111.184 72.6286
0 0 0.018133 0.999836
3
134.448 64.2566
133.78 82.6645
87.9201 81.0005
88.588 62.5926
2
109.232 72.5577
0 0 0.018133 0.999836
3
132.495 64.1858
131.827 82.5937
85.9677 80.9297
86.6356 62.5218
2
107.279 72.4869
0 0 0.018133 0.999836
3
130.543 64.1149
129.875 82.5228
84.0152 80.8588
84.6831 62.451
2
105.327 72.416
0 0 0.018133 0.999836
3
128.59 64.0441
127.923 82.452
82.0627 80.788
82.7306 62.3801
2
103.374 72.3452
0 0 0.018133 0.999836
3
126.638 63.9732
125.97 82.3811
80.1103 80.7172
80.7782 62.3093
2
101.422 72.2743
0 0 0.018133 0.999836
3
124.686 63.9024
124.018 82.3103
78.1578 80.6463
78.8257 62.2384
2
99.4692 72.2035
0 0 0.018133 0.999836
3
122.733 63.8315
122.065 82.2394
76.2053 80.5755
76.8732 62.1676
2
97.5167 72.1327
0 0 0.018133 0.999836
3
120.781 63.7607
120.113 82.1686
74.2528 80.5046
74.9208 62.0967
2
95.5642 72.0618
0 0 0.018133 0.999836
3
118.828 63.6898
118.16 82.0977
72.3004 80.4338
72.9683 62.0259
2
93.6118 71.991
0 0 0.018133 0.999836
3
116.876 63.619
116.208 82.0269
70.3479 80.3629
71.0158 61.955
2
91.6593 71.9201
0 0 0.018133 0.999836
3
114.923 63.5482
114.255 81.956
68.3954 80.2921
69.0633 61.8842
2
89.7068 71.8493
0 0 0.018133 0.999836
3
112.971 63.4773
112.303 81.8852
66.443 80.2212
67.1109 61.8133
2
87.7544 71.7784
0 0 0.018133 0.999836
3
111.018 63.4065
110.35 81.8143
64.4905 80.1504
65.1584 61.7425
2
85.8128 71.0732
0 0 0.0128167 -0.999918
3
108.514 61.2781
108.986 79.692
63.1114 80.8682
62.6392 62.4543
2
83.8312 70.4893
0 0 0.0437541 -0.999042
3
105.883 59.3087
107.494 77.6581
61.7793 81.67
60.1689 63.3206
2
81.8174 70.0292
0 0 0.0746496 -0.99721
3
103.135 57.5058
105.878 75.7205
60.4993 82.5527
57.7569 64.338
2
79.7789 69.6946
0 0 0.105474 -0.994422
3
100.281 55.8763
104.145 73.8865
59.2764 83.5129
55.4125 65.5027
2
81.4138 68.2015
0 0 0.136197 -0.990682
3
101.022 53.1414
105.993 70.878
61.8054 83.2617
56.8347 65.525
2
82.9531 66.6102
0 0 0.166789 -0.985993
3
101.592 50.3658
107.651 67.761
64.314 82.8545
58.2555 65.4593
2
80.888 66.6576
0 0 0.197222 -0.980359
3
98.4865 49.2914
105.609 66.2784
63.2894 84.0239
56.1664 67.0369
2
78.8297 66.8328
0 0 0.227466 -0.973786
3
95.3202 48.4111
103.48 64.925
62.3391 85.2545
54.179 68.7406
2
76.7861 67.135
0 0 0.257491 -0.966281
3
92.1055 47.7284
101.272 63.7058
61.4668 86.5415
52.3007 70.5641
2
74.7652 67.563
0 0 0.287271 -0.957849
3
88.8547 47.2459
98.9917 62.6257
60.6758 87.88
50.5388 72.5002
2
72.7747 68.1152
0 0 0.316775 -0.948501
3
85.5803 46.9654
96.6493 61.6886
59.9691 89.2649
48.9001 74.5417
2
70.8221 68.7894
0 0 0.345976 -0.938244
3
82.2948 46.888
94.2534 60.8983
59.3494 90.6909
47.3908 76.6806
2
68.9149 69.5832
0 0 0.374845 -0.927088
3
79.0108 47.014
91.8132 60.2576
58.8191 92.1525
46.0167 78.9088
2
67.0606 70.4934
0 0 0.403355 -0.915044
3
75.7409 47.3429
89.3381 59.7692
58.3802 93.644
44.7831 81.2177
2
65.2661 71.5167
0 0 0.431479 -0.902123
3
72.4976 47.8734
86.8375 59.4348
58.0345 95.1599
43.6946 83.5985
2
63.5383 72.6489
0 0 0.459189 -0.888338
3
69.2933 48.6036
84.3209 59.2557
57.7832 96.6942
42.7556 86.0421
2
61.8838 73.8859
0 0 0.48646 -0.873703
3
66.1404 49.5306
81.7982 59.2327
57.6273 98.2412
41.9695 88.5391
2
60.3091 75.2229
0 0 0.513265 -0.85823
3
63.0508 50.6509
79.2788 59.3658
57.5674 99.7948
41.3394 91.08
2
58.8201 76.6547
0 0 0.539578 -0.841936
3
60.0365 51.9602
76.7725 59.6544
57.6037 101.349
40.8677 93.6549
2
57.4225 78.1759
0 0 0.565374 -0.824835
3
57.1089 53.4534
74.2889 60.0976
57.7361 102.898
40.5562 96.2541
2
56.1217 79.7806
0 0 0.590629 -0.806944
3
54.2793 55.1249
71.8374 60.6936
57.9641 104.436
40.406 98.8676
2
54.9227 81.4627
0 0 0.615317 -0.788279
3
51.5585 56.9682
69.4275 61.44
58.2868 105.957
40.4179 101.485
2
53.83 83.2158
0 0 0.639417 -0.76886
3
48.957 58.9764
67.0684 62.3342
58.703 107.455
40.5916 104.097
2
52.8479 85.0331
0 0 0.662904 -0.748705
3
46.4847 61.1416
64.7691 63.3725
59.211 108.925
40.9266 106.694
2
51.98 86.9077
0 0 0.685756 -0.727832
3
44.151 63.4556
62.5384 64.5511
59.809 110.36
41.4216 109.264
2
51.2298 88.8324
0 0 0.707951 -0.706262
3
41.965 65.9095
60.385 65.8655
60.4946 111.755
42.0747 111.799
2
50.6001 90.7999
0 0 0.729468 -0.684015
3
39.935 68.494
58.3169 67.3105
61.2652 113.106
42.8833 114.289
2
50.0933 92.8025
0 0 0.750286 -0.661113
3
38.0687 71.1991
56.3423 68.8807
62.1179 114.406
43.8444 116.724
2
49.7114 94.8326
0 0 0.770386 -0.637578
3
36.3734 74.0144
54.4685 70.5701
63.0494 115.651
44.9543 119.095
2
50.7022 96.6452
0 0 0.750286 -0.661113
3
38.6776 75.0418
56.9512 72.7235
62.7268 118.249
44.4533 120.567
2
51.579 98.5156
0 0 0.729468 -0.684015
3
40.9139 76.2097
59.2958 75.0263
62.2441 120.821
43.8622 122.005
2
52.3384 100.437
0 0 0.707951 -0.706262
3
43.0736 77.5138
61.4935 77.4698
61.6032 123.36
43.1832 123.404
2
52.9775 102.401
0 0 0.685756 -0.727832
3
45.1485 78.9489
63.5359 80.0445
60.8065 125.853
42.4191 124.758
2
52.2273 104.326
0 0 0.707951 -0.706262
3
42.9625 81.4029
61.3824 81.3588
61.4921 127.249
43.0721 127.293
2
51.5976 106.293
0 0 0.729468 -0.684015
3
40.9325 83.9873
59.3144 82.8039
62.2627 128.599
43.8807 129.783
2
51.0908 108.296
0 0 0.750286 -0.661113
3
39.0662 86.6924
57.3397 84.3741
63.1154 129.899
44.8418 132.218
2
50.7089 110.326
0 0 0.770386 -0.637578
3
37.3709 89.5078
55.466 86.0635
64.0469 131.144
45.9517 134.588
2
50.4533 112.376
0 0 0.789747 -0.613432
3
35.8529 92.4226
53.7003 87.8655
65.0536 132.329
47.2062 136.886
2
50.3249 114.438
0 0 0.808352 -0.588699
3
34.5182 95.4258
52.0495 89.7733
66.1316 133.449
48.6004 139.102
2
50.9245 116.297
0 0 0.808352 -0.588699
3
35.1178 97.2853
52.6491 91.6328
66.7312 135.309
49.1999 140.961
2
51.524 118.157
0 0 0.808352 -0.588699
3
35.7173 99.1448
53.2486 93.4923
67.3307 137.168
49.7994 142.821
2
52.1236 120.016
0 0 0.808352 -0.588699
3
36.3169 101.004
53.8481 95.3518
67.9303 139.028
50.399 144.68
2
52.7231 121.875
0 0 0.808352 -0.588699
3
36.9164 102.864
54.4477 97.2113
68.5298 140.887
50.9985 146.54
2
53.3226 123.735
0 0 0.808352 -0.588699
3
37.5159 104.723
55.0472 99.0707
69.1293 142.747
51.5981 148.399
2
53.9222 125.594
0 0 0.808352 -0.588699
3
38.1155 106.583
55.6468 100.93
69.7289 144.606
52.1976 150.259
2
55.1292 127.271
0 0 0.789747 -0.613432
3
40.5289 107.318
58.3763 102.761
69.7296 147.224
51.8822 151.781
2
56.2303 129.019
0 0 0.770386 -0.637578
3
42.8923 108.201
60.9874 104.756
69.5683 149.837
51.4732 153.281
2
57.2211 130.831
0 0 0.750286 -0.661113
3
45.1965 109.228
63.47 106.91
69.2457 152.435
50.9722 154.753
2
56.8392 132.861
0 0 0.770386 -0.637578
3
43.5012 112.043
61.5963 108.599
70.1772 153.68
52.0821 157.124
2
56.5836 134.911
0 0 0.789747 -0.613432
3
41.9833 114.958
59.8306 110.401
71.1839 154.864
53.3365 159.422
2
56.4553 136.973
0 0 0.808352 -0.588699
3
40.6486 117.961
58.1798 112.309
72.262 155.985
54.7307 161.637
2
56.4547 139.039
0 0 0.826183 -0.563402
3
39.5022 121.041
56.6502 114.315
73.4073 157.036
56.2592 163.762
2
56.582 141.101
0 0 0.843222 -0.537565
3
38.5486 124.186
55.2477 116.412
74.6154 158.015
57.9164 165.789
2
56.8366 143.151
0 0 0.859454 -0.511213
3
37.7913 127.384
53.9775 118.592
75.8818 158.917
59.6957 167.709
2
57.2175 145.181
0 0 0.874862 -0.484371
3
37.2334 130.623
52.8446 120.846
77.2016 159.739
61.5904 169.515
2
58.7986 146.51
0 0 0.859454 -0.511213
3
39.7534 130.744
55.9395 121.952
77.8439 162.277
61.6577 171.069
2
60.2944 147.935
0 0 0.843222 -0.537565
3
42.261 131.021
58.9601 123.247
78.3279 164.849
61.6288 172.623
2
61.6993 149.449
0 0 0.826183 -0.563402
3
44.7467 131.452
61.8948 124.726
78.6518 167.447
61.5038 174.173
2
63.0077 151.048
0 0 0.808352 -0.588699
3
47.201 132.036
64.7323 126.384
78.8144 170.06
61.2832 175.712
2
64.2148 152.724
0 0 0.789747 -0.613432
3
49.6145 132.771
67.4619 128.214
78.8151 172.677
60.9677 177.235
2
65.3159 154.472
0 0 0.770386 -0.637578
3
51.9779 133.654
70.073 130.21
78.6538 175.29
60.5587 178.735
2
66.3067 156.285
0 0 0.750286 -0.661113
3
54.2821 134.681
72.5556 132.363
78.3312 177.888
60.0577 180.206
2
67.1834 158.155
0 0 0.729468 -0.684015
3
56.5183 135.849
74.9003 134.666
77.8486 180.461
59.4666 181.645
2
67.9428 160.076
0 0 0.707951 -0.706262
3
58.6781 137.153
77.098 137.109
77.2076 182.999
58.7877 183.043
2
67.9475 162.03
0 0 0.707951 -0.706262
3
58.6827 139.107
77.1027 139.063
77.2123 184.953
58.7923 184.997
2
67.9522 163.984
0 0 0.707951 -0.706262
3
58.6874 141.061
77.1073 141.017
77.217 186.907
58.797 186.951
2
67.9568 165.938
0 0 0.707951 -0.706262
3
58.6921 143.015
77.112 142.971
77.2216 188.86
58.8017 188.904
2
67.9615 167.891
0 0 0.707951 -0.706262
3
58.6967 144.968
77.1167 144.924
77.2263 190.814
58.8064 190.858
2
67.9662 169.845
0 0 0.707951 -0.706262
3
58.7014 146.922
77.1213 146.878
77.231 192.768
58.811 192.812
