1
127.465 82.9778 1.75525
1
127.346 84.928 1.69335
1
126.87 86.8227 1.75525
1
126.277 88.6844 1.81716
1
125.57 90.5058 1.87906
1
125.212 92.4264 1.81716
1
124.973 94.3655 1.75525
1
124.855 96.3157 1.69335
1
124.857 98.2694 1.63145
1
124.499 100.19 1.69335
1
124.022 102.085 1.75525
1
123.429 103.946 1.81716
1
123.191 105.886 1.75525
1
123.072 107.836 1.69335
1
123.075 109.789 1.63145
1
122.716 111.71 1.69335
1
122.24 113.605 1.75525
1
121.647 115.466 1.81716
1
120.94 117.288 1.87906
1
120.122 119.062 1.94096
1
119.196 120.782 2.00286
1
118.165 122.442 2.06477
1
117.033 124.034 2.12667
1
115.805 125.554 2.18857
1
114.485 126.995 2.25047
1
113.079 128.351 2.31237
1
111.592 129.618 2.37428
1
110.029 130.79 2.43618
1
108.396 131.863 2.49808
1
106.7 132.834 2.55998
1
104.948 133.697 2.62188
1
103.145 134.451 2.68379
1
101.299 135.091 2.74569
1
99.4176 135.616 2.80759
1
97.5068 136.024 2.86949
1
95.5745 136.313 2.93139
1
93.6281 136.481 2.9933
1
91.6749 136.529 3.0552
1
89.7225 136.456 3.1171
1
87.7784 136.262 3.179
1
85.85 135.949 3.2409
1
83.9447 135.516 3.30281
1
82.0697 134.967 3.36471
1
80.2324 134.303 3.42661
1
78.4396 133.526 3.48851
1
76.6984 132.64 3.55041
1
78.3815 133.632 3.61232
1
80 134.726 3.67422
2
124.868 96.8927
0 0 0.769225 0.638978
3
129.714 121.138
111.606 117.759
120.023 72.6477
138.131 76.0262
2
125.616 98.9768
0 0 0.749083 0.662476
3
131.952 122.876
113.67 120.624
119.28 75.078
137.562 77.3298
2
124.274 100.738
0 0 0.769225 0.638978
3
129.119 124.983
111.011 121.604
119.428 76.4926
137.536 79.8711
2
122.825 102.412
0 0 0.788631 0.614867
3
126.161 126.91
108.297 122.418
119.489 77.9137
137.353 82.4059
2
121.276 103.994
0 0 0.807281 0.590168
3
123.09 128.651
105.538 123.063
119.461 79.3358
137.013 84.9245
2
121.76 106.154
0 0 0.788631 0.614867
3
125.096 130.652
107.232 126.16
118.424 81.6557
136.287 86.1479
2
122.377 108.28
0 0 0.769225 0.638978
3
127.222 132.525
109.115 129.147
117.531 84.0354
135.639 87.4139
2
123.124 110.365
0 0 0.749083 0.662476
3
129.46 134.263
111.178 132.011
116.788 86.4657
135.07 88.7175
2
123.999 112.398
0 0 0.728223 0.68534
3
131.801 135.859
113.415 134.743
116.197 88.9373
134.583 90.0539
2
122.768 114.239
0 0 0.749083 0.662476
3
129.104 138.138
110.822 135.886
116.432 90.34
134.714 92.5919
2
121.426 116
0 0 0.769225 0.638978
3
126.271 140.245
108.164 136.866
116.581 91.7546
134.688 95.1331
2
119.977 117.674
0 0 0.788631 0.614867
3
123.314 142.172
105.45 137.68
116.641 93.1757
134.505 97.6679
2
120.594 119.8
0 0 0.769225 0.638978
3
125.44 144.045
107.332 140.667
115.749 95.5554
133.857 98.9339
2
121.342 121.885
0 0 0.749083 0.662476
3
127.678 145.783
109.396 143.531
115.006 97.9857
133.288 100.238
2
122.217 123.918
0 0 0.728223 0.68534
3
130.019 147.379
111.633 146.263
114.414 100.457
132.8 101.574
2
120.986 125.759
0 0 0.749083 0.662476
3
127.322 149.658
109.04 147.406
114.65 101.86
132.932 104.112
2
119.644 127.52
0 0 0.769225 0.638978
3
124.489 151.765
106.381 148.386
114.798 103.275
132.906 106.653
2
118.195 129.194
0 0 0.788631 0.614867
3
121.531 153.692
103.667 149.2
114.859 104.696
132.723 109.188
2
116.646 130.776
0 0 0.807281 0.590168
3
118.46 155.433
100.908 149.845
114.831 106.118
132.383 111.707
2
115.001 132.258
0 0 0.825157 0.564903
3
115.287 156.981
98.1142 150.317
114.716 107.536
131.888 114.199
2
113.268 133.636
0 0 0.842244 0.539097
3
112.024 158.33
95.2965 150.616
114.513 108.943
131.24 116.657
2
111.454 134.905
0 0 0.858523 0.512775
3
108.684 159.474
92.4658 150.74
114.223 110.336
130.441 119.069
2
109.564 136.058
0 0 0.87398 0.485961
3
105.279 160.409
89.6327 150.689
113.848 111.708
129.495 121.428
2
107.606 137.093
0 0 0.8886 0.458682
3
101.824 161.132
86.8083 150.462
113.389 113.054
128.404 123.723
2
105.588 138.004
0 0 0.902369 0.430964
3
98.3299 161.639
84.0033 150.061
112.847 114.369
127.174 125.947
2
103.518 138.789
0 0 0.915274 0.402833
3
94.8114 161.93
81.2284 149.488
112.225 115.648
125.808 128.09
2
101.403 139.444
0 0 0.927301 0.374316
3
91.2817 162.002
78.4944 148.744
111.525 116.887
124.312 130.145
2
99.2519 139.967
0 0 0.938441 0.34544
3
87.7542 161.856
75.8116 147.832
110.75 118.079
122.692 132.103
2
97.0723 140.357
0 0 0.948681 0.316233
3
84.2426 161.492
73.1904 146.756
109.902 119.221
120.954 133.957
2
94.8728 140.61
0 0 0.958013 0.286724
3
80.7602 160.911
70.6407 145.52
108.985 120.309
119.105 135.7
2
92.6618 140.727
0 0 0.966427 0.25694
3
77.3203 160.116
68.1725 144.128
108.003 121.338
117.151 137.326
2
90.4479 140.707
0 0 0.973916 0.22691
3
73.9363 159.11
65.795 142.587
106.959 122.304
115.101 138.827
2
88.2394 140.55
0 0 0.980471 0.196662
3
70.621 157.896
63.5174 140.901
105.858 123.204
112.961 140.199
2
86.0448 140.257
0 0 0.986088 0.166226
3
67.3871 156.48
61.3485 139.078
104.703 124.034
110.741 141.436
2
83.8726 139.828
0 0 0.990759 0.135631
3
64.2471 154.866
59.2966 137.124
103.498 124.79
108.449 142.533
2
81.7311 139.266
0 0 0.994482 0.104906
3
61.2128 153.061
57.3694 135.046
102.249 125.471
106.093 143.486
2
79.6284 138.573
0 0 0.997252 0.0740804
3
58.2961 151.072
55.5745 132.854
100.961 126.073
103.682 144.291
2
77.5727 137.75
0 0 0.999067 0.0431839
3
55.508 148.906
53.9186 130.555
99.6374 126.595
101.227 144.946
2
75.5718 136.803
0 0 0.999925 0.012246
3
52.8592 146.572
52.4081 128.157
98.2843 127.033
98.7354 145.448
2
73.6333 135.733
0 0 0.999825 -0.0187036
3
50.3599 144.078
51.0488 125.671
96.9067 127.387
96.2178 145.795
2
71.7647 134.545
0 0 0.998767 -0.0496353
3
48.0196 141.435
49.846 123.106
95.5098 127.655
93.6835 145.985
2
69.9732 133.244
0 0 0.996753 -0.0805195
3
45.8474 138.652
48.8041 120.471
94.099 127.837
91.1423 146.018
2
68.2656 131.835
0 0 0.993784 -0.111327
3
43.8515 135.74
47.9272 117.776
92.6797 127.93
88.604 145.894
2
66.6484 130.323
0 0 0.989863 -0.142027
3
42.0395 132.71
47.2187 115.033
91.2574 127.936
86.0782 145.613
2
65.1279 128.713
0 0 0.984994 -0.172591
3
40.4185 129.573
46.6813 112.251
89.8374 127.853
83.5746 145.176
2
63.7099 127.013
0 0 0.979181 -0.20299
3
38.9946 126.343
46.317 109.441
88.4252 127.683
81.1028 144.585
2
65.766 127.212
0 0 0.97243 -0.233195
3
41.1394 125.014
49.4935 108.598
90.3925 129.41
82.0385 145.827
2
67.8058 127.538
0 0 0.964748 -0.263176
3
43.3624 123.821
52.716 107.953
92.2492 131.256
82.8956 147.124
